Time	Velocity
0	0
0.1	0.03
0.2	0.13
0.3	0.29
0.4	0.46
0.5	0.7
0.6	0.91
0.7	1.11
0.8	1.27
0.9	1.37
1	1.4
1.1	1.4
1.2	1.4
1.3	1.4
1.4	1.4
1.5	1.36
1.6	1.25
1.7	1.09
1.8	0.89
1.9	0.68
2	0.46
2.1	0.27
2.2	0.12
2.3	0.03
0	0
0.1	-0.03
0.2	-0.12
0.3	-0.27
0.4	-0.45
0.5	-0.65
0.6	-0.85
0.7	-1.03
0.8	-1.17
0.9	-1.27
1	-1.3
1.1	-1.3
1.2	-1.3
1.3	-1.3
1.4	-1.3
1.5	-1.3
1.6	-1.3
1.7	-1.3
1.8	-1.3
1.9	-1.3
2	-1.3
2.1	-1.3
2.2	-1.3
2.3	-1.3
2.4	-1.3
2.5	-1.3
2.6	-1.3
2.7	-1.3
2.8	-1.29
2.9	-1.22
3	-1.1
3.1	-0.94
3.2	-0.74
3.3	-0.54
3.4	-0.35
0	0
0.1	-0.02
0.2	-0.08
0.3	-0.15
0.4	-0.26
0.5	-0.39
0.6	-0.51
0.7	-0.62
0.8	-0.72
0.9	-0.78
1	-0.8
1.1	-0.8
1.2	-0.8
1.3	-0.8
1.4	-0.8
1.5	-0.8
1.6	-0.8
1.7	-0.8
1.8	-0.8
1.9	-0.8
2	-0.8
2.1	-0.8
2.2	-0.8
2.3	-0.8
2.4	-0.8
2.5	-0.8
2.6	-0.8
2.7	-0.8
2.8	-0.8
2.9	-0.8
3	-0.8
3.1	-0.8
3.2	-0.8
3.3	-0.8
3.4	-0.8
3.5	-0.8
3.6	-0.8
3.7	-0.8
3.8	-0.8
3.9	-0.8
4	-0.8
4.1	-0.8
4.2	-0.8
4.3	-0.8
4.4	-0.8
0	0
0.1	-0.02
0.2	-0.07
0.3	-0.17
0.4	-0.27
0.5	-0.38
0.6	-0.48
0.7	-0.56
0.8	-0.6
0.9	-0.59
1	-0.54
1.1	-0.46
1.2	-0.36
1.3	-0.24
0	0
0.1	-0.03
0.2	-0.13
0.3	-0.25
0.4	-0.4
0.5	-0.54
0.6	-0.65
0.7	-0.7
0.8	-0.68
0.9	-0.6
1	-0.47
1.1	-0.32
