Time	Velocity
0	0
0.1	0.03
0.2	0.13
0.3	0.29
0.4	0.46
0.5	0.69
0.6	0.9
0.7	1.1
0.8	1.26
0.9	1.36
1	1.4
1.1	1.4
1.2	1.4
1.3	1.4
1.4	1.35
1.5	1.23
1.6	1.06
1.7	0.85
1.8	0.64
1.9	0.45
2	0.23
2.1	0.09
2.2	0.02
0	0
0.1	-0.12
0.2	-0.4
0.3	-0.76
0.4	-0.98
0.5	-0.95
0.6	-0.71
0.7	-0.36
0	0
0.1	-0.12
0.2	-0.42
0.3	-0.74
0.4	-0.98
0.5	-0.94
0.6	-0.7
0	0
0.1	-0.12
0.2	-0.42
0.3	-0.77
0.4	-0.98
0.5	-0.94
0.6	-0.67
0.7	-0.32
0	0
0.1	-0.11
0.2	-0.43
0.3	-0.77
0.4	-0.98
0.5	-0.95
0.6	-0.7
0.7	-0.31
0	0
0.1	-0.1
0.2	-0.4
0.3	-0.77
0.4	-0.98
0.5	-0.96
0.6	-0.67
0.7	-0.35
0	0
0.1	-0.12
0.2	-0.44
0.3	-0.78
0.4	-0.98
0.5	-0.94
0.6	-0.69
0	0
0.1	-0.12
0.2	-0.43
0.3	-0.76
0.4	-0.98
0.5	-0.95
0.6	-0.71
0	0
0.1	-0.11
0.2	-0.43
0.3	-0.75
0.4	-0.98
0.5	-0.94
0.6	-0.68
0	0
0.1	-0.19
0.2	-0.65
0.3	-1.09
0.4	-1.16
0.5	-0.8
0	0
0.1	-0.18
0.2	-0.66
0.3	-1.09
0.4	-1.17
0.5	-0.84
0	0
0.1	-0.18
0.2	-0.69
0.3	-1.11
0.4	-1.17
0.5	-0.84
0	0
0.1	-0.21
0.2	-0.64
0.3	-1.11
0.4	-1.17
0.5	-0.84
