Time	X	Z
0	1.885	3.718
0.1	1.885	3.718
0.2	1.885	3.718
0.3	1.885	3.718
0.4	1.885	3.718
0.5	1.885	3.718
0.6	1.885	3.718
0.7	1.885	3.718
0.8	1.885	3.718
0.9	1.885	3.718
1	1.885	3.718
1.1	1.885	3.718
1.2	1.885	3.718
1.3	1.885	3.718
1.4	1.885	3.718
1.5	1.885	3.718
1.6	1.885	3.718
1.7	1.885	3.718
1.8	1.885	3.718
1.9	1.885	3.718
2	1.885	3.718
2.1	1.885	3.718
2.2	1.885	3.718
2.3	1.885	3.718
2.4	1.885	3.718
2.5	1.885	3.718
2.6	1.885	3.718
2.7	1.885	3.718
2.8	1.885	3.718
2.9	1.885	3.718
3	1.885	3.718
3.1	1.885	3.718
3.2	1.885	3.718
3.3	1.885	3.718
3.4	1.885	3.718
3.5	1.885	3.718
3.6	1.885	3.718
3.7	1.885	3.718
3.8	1.885	3.718
3.9	1.885	3.718
4	1.885	3.718
4.1	1.885	3.718
4.2	1.885	3.718
4.3	1.885	3.718
4.4	1.885	3.718
4.5	1.885	3.718
4.6	1.885	3.718
4.7	1.885	3.718
4.8	1.885	3.718
4.9	1.885	3.718
5	1.885	3.718
5.1	1.885	3.718
5.2	1.885	3.718
5.3	1.885	3.718
5.4	1.885	3.718
5.5	1.885	3.718
5.6	1.885	3.718
5.7	1.885	3.718
5.8	1.885	3.718
5.9	1.885	3.718
6	1.885	3.718
6.1	1.885	3.718
6.2	1.885	3.718
6.3	1.885	3.718
6.4	1.885	3.718
6.5	1.885	3.718
6.6	1.885	3.718
6.7	1.885	3.718
6.8	1.885	3.718
6.9	1.885	3.718
7	1.885	3.718
7.1	1.885	3.718
7.2	1.885	3.718
7.3	1.885	3.718
7.4	1.885	3.718
7.5	1.885	3.718
7.6	1.885	3.718
7.7	1.885	3.718
7.8	1.885	3.718
7.9	1.885	3.718
8	1.885	3.718
8.1	1.885	3.718
8.2	1.885	3.718
8.3	1.885	3.718
8.4	1.885	3.718
8.5	1.885	3.718
8.6	1.885	3.718
8.7	1.885	3.718
8.8	1.885	3.718
8.9	1.885	3.718
9	1.885	3.718
9.1	1.885	3.718
9.2	1.885	3.718
9.3	1.885	3.718
9.4	1.885	3.718
9.5	1.885	3.718
9.6	1.885	3.718
9.7	1.885	3.718
9.8	1.885	3.718
9.9	1.885	3.718
10	1.885	3.718
10.1	1.885	3.718
10.2	1.885	3.718
10.3	1.885	3.718
10.4	1.885	3.718
10.5	1.885	3.718
10.6	1.885	3.718
10.7	1.885	3.718
10.8	1.885	3.718
10.9	1.885	3.718
11	1.885	3.718
11.1	1.885	3.718
11.2	1.885	3.718
11.3	1.885	3.718
11.4	1.885	3.718
11.5	1.885	3.718
11.6	1.885	3.718
11.7	1.885	3.718
11.8	1.885	3.718
11.9	1.885	3.718
12	1.885	3.718
12.1	1.885	3.718
12.2	1.885	3.718
12.3	1.885	3.718
12.4	1.885	3.718
12.5	1.885	3.718
12.6	1.885	3.718
12.7	1.885	3.718
12.8	1.885	3.718
12.9	1.885	3.718
13	1.885	3.718
13.1	1.885	3.718
13.2	1.885	3.718
13.3	1.885	3.718
13.4	1.885	3.718
13.5	1.885	3.718
13.6	1.885	3.718
13.7	1.885	3.718
13.8	1.885	3.718
13.9	1.885	3.718
14	1.885	3.718
14.1	1.885	3.718
14.2	1.885	3.718
14.3	1.885	3.718
14.4	1.885	3.718
14.5	1.885	3.718
14.6	1.885	3.718
14.7	1.885	3.718
14.8	1.885	3.718
14.9	1.885	3.718
15	1.885	3.718
15.1	1.885	3.718
15.2	1.885	3.718
15.3	1.885	3.718
15.4	1.885	3.718
15.5	1.885	3.718
15.6	1.885	3.718
15.7	1.885	3.718
15.8	1.885	3.718
15.9	1.885	3.718
16	1.885	3.718
16.1	1.885	3.718
16.2	1.885	3.718
16.3	1.885	3.718
16.4	1.885	3.718
16.5	1.885	3.718
16.6	1.885	3.718
16.7	1.885	3.718
16.8	1.885	3.718
16.9	1.885	3.718
17	1.885	3.718
17.1	1.885	3.718
17.2	1.885	3.718
17.3	1.885	3.718
17.4	1.885	3.718
17.5	1.885	3.718
17.6	1.885	3.718
17.7	1.885	3.718
17.8	1.885	3.718
17.9	1.885	3.718
18	1.885	3.718
18.1	1.885	3.718
18.2	1.885	3.718
18.3	1.885	3.718
18.4	1.885	3.718
18.5	1.885	3.718
18.6	1.885	3.718
18.7	1.885	3.718
18.8	1.885	3.718
18.9	1.885	3.718
19	1.885	3.718
19.1	1.885	3.718
19.2	1.885	3.718
19.3	1.885	3.718
19.4	1.885	3.718
19.5	1.885	3.718
19.6	1.885	3.718
19.7	1.885	3.718
19.8	1.885	3.718
19.9	1.885	3.718
20	1.885	3.718
20.1	1.885	3.718
20.2	1.885	3.718
20.3	1.885	3.718
20.4	1.885	3.718
20.5	1.885	3.718
20.6	1.885	3.718
20.7	1.885	3.718
20.8	1.885	3.718
20.9	1.885	3.718
21	1.885	3.718
21.1	1.885	3.718
21.2	1.885	3.718
21.3	1.885	3.718
21.4	1.885	3.718
21.5	1.885	3.718
21.6	1.885	3.718
21.7	1.885	3.718
21.8	1.885	3.718
21.9	1.885	3.718
22	1.885	3.718
22.1	1.885	3.718
22.2	1.885	3.718
22.3	1.885	3.718
22.4	1.885	3.718
22.5	1.885	3.718
22.6	1.885	3.718
22.7	1.885	3.718
22.8	1.885	3.718
22.9	1.885	3.718
23	1.885	3.718
23.1	1.885	3.718
23.2	1.885	3.718
23.3	1.885	3.718
23.4	1.885	3.718
23.5	1.885	3.718
23.6	1.885	3.718
23.7	1.885	3.718
23.8	1.885	3.718
23.9	1.885	3.718
24	1.885	3.718
24.1	1.885	3.718
24.2	1.885	3.718
24.3	1.885	3.718
24.4	1.885	3.718
24.5	1.885	3.718
24.6	1.885	3.718
24.7	1.885	3.718
24.8	1.885	3.718
24.9	1.885	3.718
25	1.885	3.718
25.1	1.885	3.718
25.2	1.885	3.718
25.3	1.885	3.718
25.4	1.885	3.718
25.5	1.885	3.718
25.6	1.885	3.718
25.7	1.885	3.718
25.8	1.885	3.718
25.9	1.885	3.718
26	1.885	3.718
26.1	1.885	3.718
26.2	1.885	3.718
26.3	1.885	3.718
26.4	1.885	3.718
26.5	1.885	3.718
26.6	1.885	3.718
26.7	1.885	3.718
26.8	1.885	3.718
26.9	1.885	3.718
27	1.885	3.718
27.1	1.885	3.718
27.2	1.885	3.718
27.3	1.885	3.718
27.4	1.885	3.718
27.5	1.885	3.718
27.6	1.885	3.718
27.7	1.885	3.718
27.8	1.885	3.718
27.9	1.885	3.718
28	1.885	3.718
28.1	1.885	3.718
28.2	1.885	3.718
28.3	1.885	3.718
28.4	1.885	3.718
28.5	1.885	3.718
28.6	1.885	3.718
28.7	1.885	3.718
28.8	1.885	3.718
28.9	1.885	3.718
29	1.885	3.718
29.1	1.885	3.718
29.2	1.885	3.718
29.3	1.885	3.718
29.4	1.885	3.718
29.5	1.885	3.718
29.6	1.885	3.718
29.7	1.885	3.718
29.8	1.885	3.718
29.9	1.885	3.718
30	1.885	3.718
30.1	1.885	3.718
30.2	1.885	3.718
30.3	1.885	3.718
30.4	1.885	3.718
30.5	1.885	3.718
30.6	1.885	3.718
30.7	1.885	3.718
30.8	1.885	3.718
30.9	1.885	3.718
31	1.885	3.718
31.1	1.885	3.718
31.2	1.885	3.718
31.3	1.885	3.718
31.4	1.885	3.718
31.5	1.885	3.718
31.6	1.885	3.718
31.7	1.885	3.718
31.8	1.885	3.718
31.9	1.885	3.718
32	1.885	3.718
32.1	1.885	3.718
32.2	1.885	3.718
32.3	1.885	3.718
32.4	1.885	3.718
32.5	1.885	3.718
32.6	1.885	3.718
32.7	1.885	3.718
32.8	1.885	3.718
32.9	1.885	3.718
33	1.885	3.718
33.1	1.885	3.718
33.2	1.885	3.718
33.3	1.885	3.718
33.4	1.885	3.718
33.5	1.885	3.718
33.6	1.885	3.718
33.7	1.885	3.718
33.8	1.885	3.718
33.9	1.885	3.718
34	1.885	3.718
34.1	1.885	3.718
34.2	1.885	3.718
34.3	1.885	3.718
34.4	1.885	3.718
34.5	1.885	3.718
34.6	1.885	3.718
34.7	1.885	3.718
34.8	1.885	3.718
34.9	1.885	3.718
35	1.885	3.718
35.1	1.885	3.718
35.2	1.885	3.718
35.3	1.885	3.718
35.4	1.885	3.718
35.5	1.885	3.718
35.6	1.885	3.718
35.7	1.885	3.718
35.8	1.885	3.718
35.9	1.885	3.718
36	1.885	3.718
36.1	1.885	3.718
36.2	1.885	3.718
36.3	1.885	3.718
36.4	1.885	3.718
36.5	1.885	3.718
36.6	1.885	3.718
36.7	1.885	3.718
36.8	1.885	3.718
36.9	1.885	3.718
37	1.885	3.718
37.1	1.885	3.718
37.2	1.885	3.718
37.3	1.885	3.718
37.4	1.885	3.718
37.5	1.885	3.718
37.6	1.885	3.718
37.7	1.885	3.718
37.8	1.885	3.718
37.9	1.885	3.718
38	1.885	3.718
38.1	1.885	3.718
38.2	1.885	3.718
38.3	1.885	3.718
38.4	1.885	3.718
38.5	1.885	3.718
38.6	1.885	3.718
38.7	1.885	3.718
38.8	1.885	3.718
38.9	1.885	3.718
39	1.885	3.718
39.1	1.885	3.718
39.2	1.885	3.718
39.3	1.885	3.718
39.4	1.885	3.718
39.5	1.885	3.718
39.6	1.885	3.718
39.7	1.885	3.718
39.8	1.885	3.718
39.9	1.885	3.718
40	1.885	3.718
40.1	1.885	3.718
40.2	1.885	3.718
40.3	1.885	3.718
40.4	1.885	3.718
40.5	1.885	3.718
40.6	1.885	3.718
40.7	1.885	3.718
40.8	1.885	3.718
40.9	1.885	3.718
41	1.885	3.718
41.1	1.885	3.718
41.2	1.885	3.718
41.3	1.885	3.718
41.4	1.885	3.718
41.5	1.885	3.718
41.6	1.885	3.718
41.7	1.885	3.718
41.8	1.885	3.718
41.9	1.885	3.718
42	1.885	3.718
42.1	1.885	3.718
42.2	1.885	3.718
42.3	1.885	3.718
42.4	1.885	3.718
42.5	1.885	3.718
42.6	1.885	3.718
42.7	1.885	3.718
42.8	1.885	3.718
42.9	1.885	3.718
43	1.885	3.718
43.1	1.885	3.718
43.2	1.885	3.718
43.3	1.885	3.718
43.4	1.885	3.718
43.5	1.885	3.718
43.6	1.885	3.718
43.7	1.885	3.718
43.8	1.885	3.718
43.9	1.885	3.718
44	1.885	3.718
44.1	1.885	3.718
44.2	1.885	3.718
44.3	1.885	3.718
44.4	1.885	3.718
44.5	1.885	3.718
44.6	1.885	3.718
44.7	1.885	3.718
44.8	1.885	3.718
44.9	1.885	3.718
45	1.885	3.718
45.1	1.885	3.718
45.2	1.885	3.718
45.3	1.885	3.718
45.4	1.885	3.718
45.5	1.885	3.718
45.6	1.885	3.718
45.7	1.885	3.718
45.8	1.885	3.718
45.9	1.885	3.718
46	1.885	3.718
46.1	1.885	3.718
46.2	1.885	3.718
46.3	1.885	3.718
46.4	1.885	3.718
46.5	1.885	3.718
46.6	1.885	3.718
46.7	1.885	3.718
46.8	1.885	3.718
46.9	1.885	3.718
47	1.885	3.718
47.1	1.885	3.718
47.2	1.885	3.718
47.3	1.885	3.718
47.4	1.885	3.718
47.5	1.885	3.718
47.6	1.885	3.718
47.7	1.885	3.718
47.8	1.885	3.718
47.9	1.885	3.718
48	1.885	3.718
48.1	1.885	3.718
48.2	1.885	3.718
48.3	1.885	3.718
48.4	1.885	3.718
48.5	1.885	3.718
48.6	1.885	3.718
48.7	1.885	3.718
48.8	1.885	3.718
48.9	1.885	3.718
49	1.885	3.718
49.1	1.885	3.718
49.2	1.885	3.718
49.3	1.885	3.718
49.4	1.885	3.718
49.5	1.885	3.718
49.6	1.885	3.718
49.7	1.885	3.718
49.8	1.885	3.718
49.9	1.885	3.718
50	1.885	3.718
50.1	1.885	3.718
50.2	1.885	3.718
50.3	1.885	3.718
50.4	1.885	3.718
50.5	1.885	3.718
50.6	1.885	3.718
50.7	1.885	3.718
50.8	1.885	3.718
50.9	1.885	3.718
51	1.885	3.718
51.1	1.885	3.718
51.2	1.885	3.718
51.3	1.885	3.718
51.4	1.885	3.718
51.5	1.885	3.718
51.6	1.885	3.718
51.7	1.885	3.718
51.8	1.885	3.718
51.9	1.885	3.718
52	1.885	3.718
52.1	1.885	3.718
52.2	1.885	3.718
52.3	1.885	3.718
52.4	1.885	3.718
52.5	1.885	3.718
52.6	1.885	3.718
52.7	1.885	3.718
52.8	1.885	3.718
52.9	1.885	3.718
53	1.885	3.718
53.1	1.885	3.718
53.2	1.885	3.718
53.3	1.885	3.718
53.4	1.885	3.718
53.5	1.885	3.718
53.6	1.885	3.718
53.7	1.885	3.718
53.8	1.885	3.718
53.9	1.885	3.718
54	1.885	3.718
54.1	1.885	3.718
54.2	1.885	3.718
54.3	1.885	3.718
54.4	1.885	3.718
54.5	1.885	3.718
54.6	1.885	3.718
54.7	1.885	3.718
54.8	1.885	3.718
54.9	1.885	3.718
55	1.885	3.718
55.1	1.885	3.718
55.2	1.885	3.718
55.3	1.885	3.718
55.4	1.885	3.718
55.5	1.885	3.718
55.6	1.885	3.718
55.7	1.885	3.718
55.8	1.885	3.718
55.9	1.885	3.718
56	1.885	3.718
56.1	1.885	3.718
56.2	1.885	3.718
56.3	1.885	3.718
56.4	1.885	3.718
56.5	1.885	3.718
56.6	1.885	3.718
56.7	1.885	3.718
56.8	1.885	3.718
56.9	1.885	3.718
57	1.885	3.718
57.1	1.885	3.718
57.2	1.885	3.718
57.3	1.885	3.718
57.4	1.885	3.718
57.5	1.885	3.718
57.6	1.885	3.718
57.7	1.885	3.718
57.8	1.885	3.718
57.9	1.885	3.718
58	1.885	3.718
58.1	1.885	3.718
58.2	1.885	3.718
58.3	1.885	3.718
58.4	1.885	3.718
58.5	1.885	3.718
58.6	1.885	3.718
58.7	1.885	3.718
58.8	1.885	3.718
58.9	1.885	3.718
59	1.885	3.718
59.1	1.885	3.718
59.2	1.885	3.718
59.3	1.885	3.718
59.4	1.885	3.718
59.5	1.885	3.718
59.6	1.885	3.718
59.7	1.885	3.718
59.8	1.885	3.718
59.9	1.885	3.718
60	1.885	3.718
60.1	1.885	3.718
60.2	1.885	3.718
60.3	1.885	3.718
60.4	1.885	3.718
60.5	1.885	3.718
60.6	1.885	3.718
60.7	1.885	3.718
60.8	1.885	3.718
60.9	1.885	3.718
61	1.885	3.718
61.1	1.885	3.718
61.2	1.885	3.718
61.3	1.885	3.718
61.4	1.885	3.718
61.5	1.885	3.718
61.6	1.885	3.718
61.7	1.885	3.718
61.8	1.885	3.718
61.9	1.885	3.718
62	1.885	3.718
62.1	1.885	3.718
62.2	1.885	3.718
62.3	1.885	3.718
62.4	1.885	3.718
62.5	1.885	3.718
62.6	1.885	3.718
62.7	1.885	3.718
62.8	1.885	3.718
62.9	1.885	3.718
63	1.885	3.718
63.1	1.885	3.718
63.2	1.885	3.718
63.3	1.885	3.718
63.4	1.885	3.718
63.5	1.885	3.718
63.6	1.885	3.718
63.7	1.885	3.718
63.8	1.885	3.718
63.9	1.885	3.718
64	1.885	3.718
64.1	1.885	3.718
64.2	1.885	3.718
64.3	1.885	3.718
64.4	1.885	3.718
64.5	1.885	3.718
64.6	1.885	3.718
64.7	1.885	3.718
64.8	1.885	3.718
64.9	1.885	3.718
65	1.885	3.718
65.1	1.885	3.718
65.2	1.885	3.718
65.3	1.885	3.718
65.4	1.885	3.718
65.5	1.885	3.718
65.6	1.885	3.718
65.7	1.885	3.718
65.8	1.885	3.718
65.9	1.885	3.718
66	1.885	3.718
66.1	1.885	3.718
66.2	1.885	3.718
66.3	1.885	3.718
66.4	1.885	3.718
66.5	1.885	3.718
66.6	1.885	3.718
66.7	1.885	3.718
66.8	1.885	3.718
66.9	1.885	3.718
67	1.885	3.718
67.1	1.885	3.718
67.2	1.885	3.718
67.3	1.885	3.718
67.4	1.885	3.718
67.5	1.885	3.718
67.6	1.885	3.718
67.7	1.885	3.718
67.8	1.885	3.718
67.9	1.885	3.718
68	1.885	3.718
68.1	1.885	3.718
68.2	1.885	3.718
68.3	1.885	3.718
68.4	1.885	3.718
68.5	1.885	3.718
68.6	1.885	3.718
68.7	1.885	3.718
68.8	1.885	3.718
68.9	1.885	3.718
69	1.885	3.718
69.1	1.885	3.718
69.2	1.885	3.718
69.3	1.885	3.718
69.4	1.885	3.718
69.5	1.885	3.718
69.6	1.885	3.718
69.7	1.885	3.718
69.8	1.885	3.718
69.9	1.885	3.718
70	1.885	3.718
70.1	1.885	3.718
70.2	1.885	3.718
70.3	1.885	3.718
70.4	1.885	3.718
70.5	1.885	3.718
70.6	1.885	3.718
70.7	1.885	3.718
70.8	1.885	3.718
70.9	1.885	3.718
71	1.885	3.718
71.1	1.885	3.718
71.2	1.885	3.718
71.3	1.885	3.718
71.4	1.885	3.718
71.5	1.885	3.718
71.6	1.885	3.718
71.7	1.885	3.718
71.8	1.885	3.718
71.9	1.885	3.718
72	1.885	3.718
72.1	1.885	3.718
72.2	1.885	3.718
72.3	1.885	3.718
72.4	1.885	3.718
72.5	1.885	3.718
72.6	1.885	3.718
72.7	1.885	3.718
72.8	1.885	3.718
72.9	1.885	3.718
73	1.885	3.718
73.1	1.885	3.718
73.2	1.885	3.718
73.3	1.885	3.718
73.4	1.885	3.718
73.5	1.885	3.718
73.6	1.885	3.718
73.7	1.885	3.718
73.8	1.885	3.718
73.9	1.885	3.718
74	1.885	3.718
74.1	1.885	3.718
74.2	1.885	3.718
74.3	1.885	3.718
74.4	1.885	3.718
74.5	1.885	3.718
74.6	1.885	3.718
74.7	1.885	3.718
74.8	1.885	3.718
74.9	1.885	3.718
75	1.885	3.718
75.1	1.885	3.718
75.2	1.885	3.718
75.3	1.885	3.718
75.4	1.885	3.718
75.5	1.885	3.718
75.6	1.885	3.718
75.7	1.885	3.718
75.8	1.885	3.718
75.9	1.886	3.718
76	1.895	3.718
76.1	1.916	3.717
76.2	1.956	3.717
76.3	2.016	3.716
76.4	2.098	3.715
76.5	2.2	3.713
76.6	2.32	3.711
76.7	2.453	3.709
76.8	2.592	3.715
76.9	2.731	3.723
77	2.863	3.773
77.1	2.994	3.819
77.2	3.127	3.863
77.3	3.263	3.899
77.4	3.398	3.931
77.5	3.538	3.952
77.6	3.675	3.968
77.7	3.815	3.973
77.8	3.955	3.977
77.9	4.093	3.958
78	4.231	3.936
78.1	4.364	3.893
78.2	4.489	3.842
78.3	4.586	3.763
78.4	4.654	3.68
78.5	4.704	3.605
78.6	4.741	3.549
78.7	4.761	3.507
78.8	4.773	3.483
78.9	4.778	3.472
79	4.78	3.469
79.1	4.778	3.471
79.2	4.769	3.485
79.3	4.747	3.518
79.4	4.708	3.576
79.5	4.653	3.658
79.6	4.585	3.761
79.7	4.508	3.874
79.8	4.431	3.99
79.9	4.362	4.093
80	4.304	4.179
80.1	4.263	4.241
80.2	4.239	4.277
80.3	4.228	4.293
80.4	4.226	4.296
80.5	4.226	4.296
80.6	4.226	4.296
80.7	4.226	4.296
80.8	4.226	4.296
80.9	4.226	4.296
81	4.226	4.296
81.1	4.226	4.296
81.2	4.226	4.296
81.3	4.226	4.296
81.4	4.226	4.296
81.5	4.226	4.296
81.6	4.226	4.296
81.7	4.226	4.296
81.8	4.226	4.296
81.9	4.226	4.296
82	4.226	4.296
82.1	4.226	4.296
82.2	4.226	4.296
82.3	4.226	4.296
82.4	4.226	4.296
82.5	4.226	4.296
82.6	4.226	4.296
82.7	4.226	4.296
82.8	4.226	4.296
82.9	4.226	4.296
83	4.226	4.296
83.1	4.226	4.296
83.2	4.226	4.296
83.3	4.226	4.296
83.4	4.226	4.296
83.5	4.226	4.296
83.6	4.226	4.296
83.7	4.226	4.296
83.8	4.226	4.296
83.9	4.226	4.296
84	4.226	4.296
84.1	4.226	4.296
84.2	4.226	4.296
84.3	4.226	4.296
84.4	4.226	4.296
84.5	4.226	4.296
84.6	4.226	4.296
84.7	4.226	4.296
84.8	4.226	4.296
84.9	4.226	4.296
85	4.226	4.296
85.1	4.226	4.296
85.2	4.226	4.296
85.3	4.226	4.296
85.4	4.226	4.296
85.5	4.226	4.296
85.6	4.226	4.296
85.7	4.226	4.296
85.8	4.226	4.296
85.9	4.226	4.296
86	4.226	4.296
86.1	4.226	4.296
86.2	4.226	4.296
86.3	4.226	4.296
86.4	4.226	4.296
86.5	4.226	4.296
86.6	4.226	4.296
86.7	4.226	4.296
86.8	4.226	4.296
86.9	4.226	4.296
87	4.226	4.296
87.1	4.226	4.296
87.2	4.226	4.296
87.3	4.226	4.296
87.4	4.226	4.296
87.5	4.226	4.296
87.6	4.226	4.296
87.7	4.226	4.296
87.8	4.226	4.296
87.9	4.226	4.296
88	4.226	4.296
88.1	4.226	4.296
88.2	4.226	4.296
88.3	4.226	4.296
88.4	4.226	4.296
88.5	4.226	4.296
88.6	4.226	4.296
88.7	4.226	4.296
88.8	4.226	4.296
88.9	4.226	4.296
89	4.226	4.296
89.1	4.226	4.296
89.2	4.226	4.296
89.3	4.226	4.296
89.4	4.226	4.296
89.5	4.226	4.296
89.6	4.226	4.296
89.7	4.226	4.296
89.8	4.226	4.296
89.9	1.885	3.718
90	1.889	3.718
90.1	1.902	3.718
90.2	1.931	3.717
90.3	1.979	3.716
90.4	2.049	3.715
90.5	2.14	3.714
90.6	2.251	3.712
90.7	2.377	3.71
90.8	2.514	3.71
90.9	2.654	3.719
91	2.788	3.745
91.1	2.919	3.794
91.2	3.051	3.838
91.3	3.186	3.879
91.4	3.322	3.915
91.5	3.459	3.94
91.6	3.598	3.96
91.7	3.737	3.97
91.8	3.874	3.974
91.9	4.001	3.973
92	4.112	3.955
92.1	4.205	3.94
92.2	4.276	3.927
92.3	4.323	3.908
92.4	4.352	3.897
92.5	4.366	3.891
92.6	4.37	3.889
92.7	4.369	3.89
92.8	4.358	3.893
92.9	4.325	3.903
93	4.265	3.921
93.1	4.177	3.947
93.2	4.063	3.981
93.3	3.934	4.019
93.4	3.8	4.059
93.5	3.675	4.096
93.6	3.572	4.127
93.7	3.495	4.15
93.8	3.446	4.164
93.9	3.423	4.171
94	3.417	4.172
94.1	3.417	4.172
94.2	3.417	4.172
94.3	3.417	4.172
94.4	3.417	4.172
94.5	3.417	4.172
94.6	3.417	4.172
94.7	3.417	4.172
94.8	3.417	4.172
94.9	3.417	4.172
95	3.417	4.172
95.1	3.417	4.172
95.2	3.417	4.172
95.3	3.417	4.172
95.4	3.417	4.172
95.5	3.417	4.172
95.6	3.417	4.172
95.7	3.417	4.172
95.8	3.417	4.172
95.9	3.417	4.172
96	3.417	4.172
96.1	3.417	4.172
96.2	3.417	4.172
96.3	3.417	4.172
96.4	3.417	4.172
96.5	3.417	4.172
96.6	3.417	4.172
96.7	3.417	4.172
96.8	3.417	4.172
96.9	3.417	4.172
97	3.417	4.172
97.1	3.417	4.172
97.2	3.417	4.172
97.3	3.417	4.172
97.4	3.417	4.172
97.5	3.417	4.172
97.6	3.417	4.172
97.7	3.417	4.172
97.8	3.417	4.172
97.9	3.417	4.172
98	3.417	4.172
98.1	3.417	4.172
98.2	3.417	4.172
98.3	3.417	4.172
98.4	3.417	4.172
98.5	3.417	4.172
98.6	3.417	4.172
98.7	3.417	4.172
98.8	3.417	4.172
98.9	3.417	4.172
99	3.417	4.172
99.1	3.417	4.172
99.2	3.417	4.172
99.3	3.417	4.172
99.4	3.417	4.172
99.5	3.417	4.172
99.6	3.417	4.172
99.7	3.417	4.172
99.8	3.417	4.172
99.9	3.417	4.172
100	3.417	4.172
100.1	3.417	4.172
100.2	3.417	4.172
100.3	3.417	4.172
100.4	3.417	4.172
100.5	3.417	4.172
100.6	3.417	4.172
100.7	3.417	4.172
100.8	3.417	4.172
100.9	3.417	4.172
101	3.417	4.172
101.1	3.417	4.172
101.2	3.417	4.172
101.3	3.417	4.172
101.4	3.417	4.172
101.5	3.417	4.172
101.6	3.417	4.172
101.7	3.417	4.172
101.8	3.417	4.172
101.9	3.417	4.172
102	3.417	4.172
102.1	3.417	4.172
102.2	3.417	4.172
102.3	3.417	4.172
102.4	3.417	4.172
102.5	3.417	4.172
102.6	3.417	4.172
102.7	3.417	4.172
102.8	3.417	4.172
102.9	3.417	4.172
103	3.417	4.172
103.1	3.417	4.172
103.2	3.417	4.172
103.3	3.417	4.172
103.4	3.417	4.172
103.5	3.417	4.172
103.6	3.417	4.172
103.7	3.417	4.172
103.8	3.417	4.172
103.9	3.417	4.172
104	3.417	4.172
104.1	3.417	4.172
104.2	3.417	4.172
104.3	3.417	4.172
104.4	3.417	4.172
104.5	3.417	4.172
104.6	3.417	4.172
104.7	3.417	4.172
104.8	3.417	4.172
104.9	3.417	4.172
105	3.417	4.172
105.1	3.417	4.172
105.2	3.417	4.172
105.3	3.417	4.172
105.4	3.417	4.172
105.5	3.417	4.172
105.6	3.417	4.172
105.7	3.417	4.172
105.8	3.417	4.172
105.9	3.417	4.172
106	3.417	4.172
106.1	3.417	4.172
106.2	3.417	4.172
106.3	3.417	4.172
106.4	3.417	4.172
106.5	3.417	4.172
106.6	3.417	4.172
106.7	3.417	4.172
106.8	3.417	4.172
106.9	3.417	4.172
107	3.417	4.172
107.1	3.417	4.172
107.2	3.417	4.172
107.3	3.417	4.172
107.4	3.417	4.172
107.5	3.417	4.172
107.6	3.417	4.172
107.7	3.417	4.172
107.8	3.417	4.172
107.9	3.417	4.172
108	3.417	4.172
108.1	3.417	4.172
108.2	3.417	4.172
108.3	3.417	4.172
108.4	3.417	4.172
108.5	3.417	4.172
108.6	3.417	4.172
108.7	3.417	4.172
108.8	3.417	4.172
108.9	3.417	4.172
109	3.417	4.172
109.1	3.417	4.172
109.2	3.417	4.172
109.3	3.417	4.172
109.4	3.417	4.172
109.5	3.417	4.172
109.6	3.417	4.172
109.7	3.417	4.172
109.8	3.417	4.172
109.9	3.417	4.172
110	3.417	4.172
110.1	3.417	4.172
110.2	3.417	4.172
110.3	3.417	4.172
110.4	3.417	4.172
110.5	3.417	4.172
110.6	3.417	4.172
110.7	3.417	4.172
110.8	3.417	4.172
110.9	3.417	4.172
111	3.417	4.172
111.1	3.417	4.172
111.2	3.417	4.172
111.3	3.417	4.172
111.4	3.417	4.172
111.5	3.417	4.172
111.6	3.417	4.172
111.7	3.417	4.172
111.8	3.417	4.172
111.9	3.417	4.172
112	3.417	4.172
112.1	3.417	4.172
112.2	3.417	4.172
112.3	3.417	4.172
112.4	3.417	4.172
112.5	3.417	4.172
112.6	3.417	4.172
112.7	3.417	4.172
112.8	3.417	4.172
112.9	3.417	4.172
113	3.417	4.172
113.1	3.417	4.172
113.2	3.417	4.172
113.3	3.417	4.172
113.4	3.417	4.172
113.5	3.417	4.172
113.6	3.417	4.172
113.7	3.417	4.172
113.8	3.417	4.172
113.9	3.417	4.172
114	3.417	4.172
114.1	3.417	4.172
114.2	3.417	4.172
114.3	3.417	4.172
114.4	3.417	4.172
114.5	3.417	4.172
114.6	3.417	4.172
114.7	3.417	4.172
114.8	3.417	4.172
114.9	3.417	4.172
115	3.417	4.172
115.1	3.417	4.172
115.2	3.417	4.172
115.3	3.417	4.172
115.4	3.417	4.172
115.5	3.417	4.172
115.6	3.417	4.172
115.7	3.417	4.172
115.8	3.417	4.172
115.9	3.417	4.172
116	3.417	4.172
116.1	3.417	4.172
116.2	3.417	4.172
116.3	3.417	4.172
116.4	3.417	4.172
116.5	3.417	4.172
116.6	3.417	4.172
116.7	3.417	4.172
116.8	3.417	4.172
116.9	3.417	4.172
117	3.417	4.172
117.1	3.417	4.172
117.2	3.417	4.172
117.3	3.417	4.172
117.4	3.417	4.172
117.5	3.417	4.172
117.6	3.417	4.172
117.7	3.417	4.172
117.8	3.417	4.172
117.9	3.417	4.172
118	3.417	4.172
118.1	3.417	4.172
118.2	3.417	4.172
118.3	3.417	4.172
118.4	3.417	4.172
118.5	3.417	4.172
118.6	3.417	4.172
118.7	3.417	4.172
118.8	3.417	4.172
118.9	3.417	4.172
119	3.417	4.172
119.1	3.417	4.172
119.2	3.417	4.172
119.3	3.417	4.172
119.4	3.417	4.172
119.5	3.417	4.172
119.6	3.417	4.172
119.7	3.417	4.172
119.8	3.417	4.172
119.9	3.417	4.172
120	3.417	4.172
120.1	3.417	4.172
120.2	3.417	4.172
120.3	3.417	4.172
120.4	3.417	4.172
120.5	3.417	4.172
120.6	3.417	4.172
120.7	3.417	4.172
120.8	3.417	4.172
120.9	3.417	4.172
121	3.417	4.172
121.1	3.417	4.172
121.2	3.417	4.172
121.3	3.417	4.172
121.4	3.417	4.172
121.5	3.417	4.172
121.6	3.417	4.172
121.7	3.417	4.172
121.8	3.417	4.172
121.9	3.417	4.172
122	3.417	4.172
122.1	3.417	4.172
122.2	3.417	4.172
122.3	3.417	4.172
122.4	3.417	4.172
122.5	3.417	4.172
122.6	3.417	4.172
122.7	3.417	4.172
122.8	3.417	4.172
122.9	3.417	4.172
123	3.417	4.172
123.1	3.417	4.172
123.2	3.417	4.172
123.3	3.417	4.172
123.4	3.417	4.172
123.5	3.417	4.172
123.6	3.417	4.172
123.7	3.417	4.172
123.8	3.417	4.172
123.9	3.417	4.172
124	3.417	4.172
124.1	3.417	4.172
124.2	3.417	4.172
124.3	3.417	4.172
124.4	3.417	4.172
124.5	3.417	4.172
124.6	3.417	4.172
124.7	3.417	4.172
124.8	3.417	4.172
124.9	3.417	4.172
125	3.417	4.172
125.1	3.417	4.172
125.2	3.417	4.172
125.3	3.417	4.172
125.4	3.417	4.172
125.5	3.417	4.172
125.6	3.417	4.172
125.7	3.417	4.172
125.8	3.417	4.172
125.9	3.417	4.172
126	3.417	4.172
126.1	3.417	4.172
126.2	3.417	4.172
126.3	3.417	4.172
126.4	3.417	4.172
126.5	3.417	4.172
126.6	3.417	4.172
126.7	3.417	4.172
126.8	3.417	4.172
126.9	3.417	4.172
127	3.417	4.172
127.1	3.417	4.172
127.2	3.417	4.172
127.3	3.417	4.172
127.4	3.417	4.172
127.5	3.417	4.172
127.6	3.417	4.172
127.7	3.417	4.172
127.8	3.417	4.172
127.9	3.417	4.172
128	3.417	4.172
128.1	3.417	4.172
128.2	3.417	4.172
128.3	3.417	4.172
128.4	3.417	4.172
128.5	3.417	4.172
128.6	3.417	4.172
128.7	3.417	4.172
128.8	3.417	4.172
128.9	3.417	4.172
129	3.417	4.172
129.1	3.417	4.172
129.2	3.417	4.172
129.3	3.417	4.172
129.4	3.417	4.172
129.5	3.417	4.172
129.6	3.417	4.172
129.7	3.417	4.172
129.8	3.417	4.172
129.9	3.417	4.172
130	3.417	4.172
130.1	3.417	4.172
130.2	3.417	4.172
130.3	3.417	4.172
130.4	3.417	4.172
130.5	3.417	4.172
130.6	3.417	4.172
130.7	3.417	4.172
130.8	3.417	4.172
130.9	3.417	4.172
131	3.417	4.172
131.1	3.417	4.172
131.2	3.417	4.172
131.3	3.417	4.172
131.4	3.417	4.172
131.5	3.417	4.172
131.6	3.417	4.172
131.7	3.417	4.172
131.8	3.417	4.172
131.9	3.417	4.172
132	3.417	4.172
132.1	3.417	4.172
132.2	3.417	4.172
132.3	3.417	4.172
132.4	3.417	4.172
132.5	3.417	4.172
132.6	3.417	4.172
132.7	3.417	4.172
132.8	3.417	4.172
132.9	3.417	4.172
133	3.417	4.172
133.1	3.417	4.172
133.2	3.417	4.172
133.3	3.417	4.172
133.4	3.417	4.172
133.5	3.417	4.172
133.6	3.417	4.172
133.7	3.417	4.172
133.8	3.417	4.172
133.9	3.417	4.172
134	3.417	4.172
134.1	3.417	4.172
134.2	3.417	4.172
134.3	3.417	4.172
134.4	3.417	4.172
134.5	3.417	4.172
134.6	3.417	4.172
134.7	3.417	4.172
134.8	3.417	4.172
134.9	3.417	4.172
135	3.417	4.172
135.1	3.417	4.172
135.2	3.417	4.172
135.3	3.417	4.172
135.4	3.417	4.172
135.5	3.417	4.172
135.6	3.417	4.172
135.7	3.417	4.172
135.8	3.417	4.172
135.9	3.417	4.172
136	3.417	4.172
136.1	3.417	4.172
136.2	3.417	4.172
136.3	3.417	4.172
136.4	3.417	4.172
136.5	3.417	4.172
136.6	3.417	4.172
136.7	3.417	4.172
136.8	3.417	4.172
136.9	3.417	4.172
137	3.417	4.172
137.1	3.417	4.172
137.2	3.417	4.172
137.3	3.417	4.172
137.4	3.417	4.172
137.5	3.417	4.172
137.6	3.417	4.172
137.7	3.417	4.172
137.8	3.417	4.172
137.9	3.417	4.172
138	3.417	4.172
138.1	3.417	4.172
138.2	3.417	4.172
138.3	3.417	4.172
138.4	3.417	4.172
138.5	3.417	4.172
138.6	3.417	4.172
138.7	3.417	4.172
138.8	3.417	4.172
138.9	3.417	4.172
139	3.417	4.172
139.1	3.417	4.172
139.2	3.417	4.172
139.3	3.417	4.172
139.4	3.417	4.172
139.5	3.417	4.172
139.6	3.417	4.172
139.7	3.417	4.172
139.8	3.417	4.172
139.9	3.417	4.172
140	3.417	4.172
140.1	3.417	4.172
140.2	3.417	4.172
140.3	3.417	4.172
140.4	3.417	4.172
140.5	3.417	4.172
140.6	3.417	4.172
140.7	3.417	4.172
140.8	3.417	4.172
140.9	3.417	4.172
141	3.417	4.172
141.1	3.417	4.172
141.2	3.417	4.172
141.3	3.417	4.172
141.4	3.417	4.172
141.5	3.417	4.172
141.6	3.417	4.172
141.7	3.417	4.172
141.8	3.417	4.172
141.9	3.417	4.172
142	3.417	4.172
142.1	3.417	4.172
142.2	3.417	4.172
142.3	3.417	4.172
142.4	3.417	4.172
142.5	3.417	4.172
142.6	3.417	4.172
142.7	3.417	4.172
142.8	3.417	4.172
142.9	3.417	4.172
143	3.417	4.172
143.1	3.417	4.172
143.2	3.417	4.172
143.3	3.417	4.172
143.4	3.417	4.172
143.5	3.417	4.172
143.6	3.417	4.172
143.7	3.417	4.172
143.8	3.417	4.172
143.9	3.417	4.172
144	3.417	4.172
144.1	3.417	4.172
144.2	3.417	4.172
144.3	3.417	4.172
144.4	3.417	4.172
144.5	3.417	4.172
144.6	3.417	4.172
144.7	3.417	4.172
144.8	3.417	4.172
144.9	3.417	4.172
145	3.417	4.172
145.1	3.417	4.172
145.2	3.417	4.172
145.3	3.417	4.172
145.4	3.417	4.172
145.5	3.417	4.172
145.6	3.417	4.172
145.7	3.417	4.172
145.8	3.417	4.172
145.9	3.417	4.172
146	3.417	4.172
146.1	3.417	4.172
146.2	3.417	4.172
146.3	3.417	4.172
146.4	3.417	4.172
146.5	3.417	4.172
146.6	3.417	4.172
146.7	3.417	4.172
146.8	3.417	4.172
146.9	3.417	4.172
147	3.417	4.172
147.1	3.417	4.172
147.2	3.417	4.172
147.3	3.417	4.172
147.4	3.417	4.172
147.5	3.417	4.172
147.6	3.417	4.172
147.7	3.417	4.172
147.8	3.417	4.172
147.9	3.417	4.172
148	3.417	4.172
148.1	3.417	4.172
148.2	3.417	4.172
148.3	3.417	4.172
148.4	3.417	4.172
148.5	3.417	4.172
148.6	3.417	4.172
148.7	3.417	4.172
148.8	3.417	4.172
148.9	3.417	4.172
149	3.417	4.172
149.1	3.417	4.172
149.2	3.417	4.172
149.3	3.417	4.172
149.4	3.417	4.172
149.5	3.417	4.172
149.6	3.417	4.172
149.7	3.417	4.172
149.8	3.417	4.172
149.9	3.417	4.172
150	3.417	4.172
150.1	3.417	4.172
150.2	3.417	4.172
150.3	3.417	4.172
150.4	3.417	4.172
150.5	3.417	4.172
150.6	3.417	4.172
150.7	3.417	4.172
150.8	3.417	4.172
150.9	3.417	4.172
151	3.417	4.172
151.1	3.417	4.172
151.2	3.417	4.172
151.3	3.417	4.172
151.4	3.417	4.172
151.5	3.417	4.172
151.6	3.417	4.172
151.7	3.417	4.172
151.8	3.417	4.172
151.9	3.417	4.172
152	3.417	4.172
152.1	3.417	4.172
152.2	3.417	4.172
152.3	3.417	4.172
152.4	3.417	4.172
152.5	3.417	4.172
152.6	3.417	4.172
152.7	3.417	4.172
152.8	3.417	4.172
152.9	3.417	4.172
153	3.417	4.172
153.1	3.417	4.172
153.2	3.417	4.172
153.3	3.417	4.172
153.4	3.417	4.172
153.5	3.417	4.172
153.6	3.417	4.172
153.7	3.417	4.172
153.8	3.417	4.172
153.9	3.417	4.172
154	3.417	4.172
154.1	3.417	4.172
154.2	3.417	4.172
154.3	3.417	4.172
154.4	3.417	4.172
154.5	3.417	4.172
154.6	3.417	4.172
154.7	3.417	4.172
154.8	3.417	4.172
154.9	3.417	4.172
155	3.417	4.172
155.1	3.417	4.172
155.2	3.417	4.172
155.3	3.417	4.172
155.4	3.417	4.172
155.5	3.417	4.172
155.6	3.417	4.172
155.7	3.417	4.172
155.8	3.417	4.172
155.9	3.417	4.172
156	3.417	4.172
156.1	3.417	4.172
156.2	3.417	4.172
156.3	3.417	4.172
156.4	3.417	4.172
156.5	3.417	4.172
156.6	3.417	4.172
156.7	3.417	4.172
156.8	3.417	4.172
156.9	3.417	4.172
157	3.417	4.172
157.1	3.417	4.172
157.2	3.417	4.172
157.3	3.417	4.172
157.4	3.417	4.172
157.5	3.417	4.172
157.6	3.417	4.172
157.7	3.417	4.172
157.8	3.417	4.172
157.9	3.417	4.172
158	3.417	4.172
158.1	3.417	4.172
158.2	3.417	4.172
158.3	3.417	4.172
158.4	3.417	4.172
158.5	3.417	4.172
158.6	3.417	4.172
158.7	3.417	4.172
158.8	3.417	4.172
158.9	3.417	4.172
159	3.417	4.172
159.1	3.417	4.172
159.2	3.417	4.172
159.3	3.417	4.172
159.4	3.417	4.172
159.5	3.417	4.172
159.6	3.417	4.172
159.7	3.417	4.172
159.8	3.417	4.172
159.9	3.417	4.172
160	3.417	4.172
160.1	3.417	4.172
160.2	3.417	4.172
160.3	3.417	4.172
160.4	3.417	4.172
160.5	3.417	4.172
160.6	3.417	4.172
160.7	3.417	4.172
160.8	3.417	4.172
160.9	3.417	4.172
161	3.417	4.172
161.1	3.417	4.172
161.2	3.417	4.172
161.3	3.417	4.172
161.4	3.417	4.172
161.5	3.417	4.172
161.6	3.417	4.172
161.7	3.417	4.172
161.8	3.417	4.172
161.9	3.417	4.172
162	3.417	4.172
162.1	3.417	4.172
162.2	3.417	4.172
162.3	3.417	4.172
162.4	3.417	4.172
162.5	3.417	4.172
162.6	3.417	4.172
162.7	3.417	4.172
162.8	3.417	4.172
162.9	3.417	4.172
163	3.417	4.172
163.1	3.417	4.172
163.2	3.417	4.172
163.3	3.417	4.172
163.4	3.417	4.172
163.5	3.417	4.172
163.6	3.417	4.172
163.7	3.417	4.172
163.8	3.417	4.172
163.9	3.417	4.172
164	3.417	4.172
164.1	3.417	4.172
164.2	3.417	4.172
164.3	3.417	4.172
164.4	3.417	4.172
164.5	3.417	4.172
164.6	3.417	4.172
164.7	3.417	4.172
164.8	3.417	4.172
164.9	3.417	4.172
165	3.417	4.172
165.1	3.417	4.172
165.2	3.417	4.172
165.3	3.417	4.172
165.4	3.417	4.172
165.5	3.417	4.172
165.6	3.417	4.172
165.7	3.417	4.172
165.8	3.417	4.172
165.9	3.417	4.172
166	3.417	4.172
166.1	3.417	4.172
166.2	3.417	4.172
166.3	3.417	4.172
166.4	3.417	4.172
166.5	3.417	4.172
166.6	3.417	4.172
166.7	3.417	4.172
166.8	3.417	4.172
166.9	3.417	4.172
167	3.417	4.172
167.1	3.417	4.172
167.2	3.417	4.172
167.3	3.417	4.172
167.4	3.417	4.172
167.5	3.417	4.172
167.6	3.417	4.172
167.7	3.417	4.172
167.8	3.417	4.172
167.9	3.417	4.172
168	3.417	4.172
168.1	3.417	4.172
168.2	3.417	4.172
168.3	3.417	4.172
168.4	3.417	4.172
168.5	3.417	4.172
168.6	3.417	4.172
168.7	3.417	4.172
168.8	3.417	4.172
168.9	3.417	4.172
169	3.417	4.172
169.1	3.417	4.172
169.2	3.417	4.172
169.3	3.417	4.172
169.4	3.417	4.172
169.5	3.417	4.172
169.6	3.417	4.172
169.7	3.417	4.172
169.8	3.417	4.172
169.9	3.417	4.172
170	3.417	4.172
170.1	3.417	4.172
170.2	3.417	4.172
170.3	3.417	4.172
170.4	3.417	4.172
170.5	3.417	4.172
170.6	3.417	4.172
170.7	3.417	4.172
170.8	3.417	4.172
170.9	3.417	4.172
171	3.417	4.172
171.1	3.417	4.172
171.2	3.417	4.172
171.3	3.417	4.172
171.4	3.417	4.172
171.5	3.417	4.172
171.6	3.417	4.172
171.7	3.417	4.172
171.8	3.417	4.172
171.9	3.417	4.172
172	3.417	4.172
172.1	3.417	4.172
172.2	3.417	4.172
172.3	3.417	4.172
172.4	3.417	4.172
172.5	3.417	4.172
172.6	3.417	4.172
172.7	3.417	4.172
172.8	3.417	4.172
172.9	3.417	4.172
173	3.417	4.172
173.1	3.417	4.172
173.2	3.417	4.172
173.3	3.417	4.172
173.4	3.417	4.172
173.5	3.417	4.172
173.6	3.417	4.172
173.7	3.417	4.172
173.8	3.417	4.172
173.9	3.417	4.172
174	3.417	4.172
174.1	3.417	4.172
174.2	3.417	4.172
174.3	3.417	4.172
174.4	3.417	4.172
174.5	3.417	4.172
174.6	3.417	4.172
174.7	3.417	4.172
174.8	3.417	4.172
174.9	3.417	4.172
175	3.417	4.172
175.1	3.417	4.172
175.2	3.417	4.172
175.3	3.417	4.172
175.4	3.417	4.172
175.5	3.417	4.172
175.6	3.417	4.172
175.7	3.417	4.172
175.8	3.417	4.172
175.9	3.417	4.172
176	3.417	4.172
176.1	3.417	4.172
176.2	3.417	4.172
176.3	3.417	4.172
176.4	3.417	4.172
176.5	3.417	4.172
176.6	3.417	4.172
176.7	3.417	4.172
176.8	3.417	4.172
176.9	3.417	4.172
177	3.417	4.172
177.1	3.417	4.172
177.2	3.417	4.172
177.3	3.417	4.172
177.4	3.417	4.172
