Time	Velocity
0	0
0.1	0.03
0.2	0.13
0.3	0.28
0.4	0.47
0.5	0.69
0.6	0.91
0.7	1.1
0.8	1.26
0.9	1.36
1	1.4
1.1	1.4
1.2	1.4
1.3	1.4
1.4	1.4
1.5	1.39
1.6	1.33
1.7	1.2
1.8	1.03
1.9	0.82
2	0.6
2.1	0.4
2.2	0.21
2.3	0.08
2.4	0.01
0	0
0	0
0	0
0	0
0	0
0	0
0	0
0	0
0.1	-0.91
0.2	-0.91
0.3	-0.91
0.4	-0.91
0.5	-0.91
0.6	-0.91
0.7	-0.91
0	0
0.1	-1.47
0.2	-1.47
0.3	-1.47
0.4	-1.47
0.5	-1.47
0	0
0.1	-0.95
0.2	-0.95
0.3	-0.95
0.4	-0.95
0.5	-0.95
0.6	-0.95
0.7	-0.95
0	0
0.1	-0.89
0.2	-0.89
0.3	-0.89
0.4	-0.89
0.5	-0.89
0.6	-0.89
0	0
0.1	-1.14
0.2	-1.14
0.3	-1.14
0.4	-1.14
0	0
0.1	-2
0.2	-2
0	0
0.1	-1.26
0.2	-1.26
0.3	-1.26
0.4	-1.26
0	0
0.1	-1.16
0.2	-1.16
0.3	-1.16
0.4	-1.16
0	0
0.1	-1.16
0.2	-1.16
0.3	-1.16
0.4	-1.16
0	0
0.1	-0.99
0.2	-0.99
0.3	-0.99
0.4	-0.99
0.5	-0.99
0	0
0.1	-0.77
0.2	-0.77
0.3	-0.77
0.4	-0.77
0.5	-0.77
0.6	-0.77
0	0
0.1	-0.54
0.2	-0.54
0.3	-0.54
0.4	-0.54
0.5	-0.54
0.6	-0.54
0.7	-0.54
0.8	-0.54
0.9	-0.54
0	0
0.1	0
0.2	0
0.3	0
0.4	0
0.5	0
0.6	0
0.7	0
0.8	0
0.9	0
1	0
1.1	0
1.2	0
1.3	0
1.4	0
1.5	0
1.6	0
1.7	0
1.8	0
1.9	0
2	0
2.1	0
2.2	0
2.3	0
2.4	0
2.5	0
2.6	0
2.7	0
2.8	0
2.9	0
3	0
3.1	0
3.2	0
3.3	0
3.4	0
3.5	0
3.6	0
3.7	0
3.8	0
3.9	0
4	0
4.1	0
4.2	0
4.3	0
4.4	0
4.5	0
4.6	0
4.7	0
4.8	0
4.9	0
5	0
5.1	0
5.2	0
5.3	0
5.4	0
5.5	0
5.6	0
5.7	0
5.8	0
5.9	0
6	0
6.1	0
6.2	0
6.3	0
6.4	0
6.5	0
6.6	0
6.7	0
6.8	0
6.9	0
7	0
7.1	0
7.2	0
7.3	0
7.4	0
7.5	0
7.6	0
7.7	0
7.8	0
7.9	0
8	0
8.1	0
8.2	0
8.3	0
8.4	0
8.5	0
8.6	0
8.7	0
8.8	0
8.9	0
9	0
9.1	0
9.2	0
9.3	0
9.4	0
9.5	0
9.6	0
9.7	0
9.8	0
9.9	0
10	0
10.1	0
10.2	0
10.3	0
10.4	0
10.5	0
10.6	0
10.7	0
10.8	0
10.9	0
11	0
11.1	0
11.2	0
11.3	0
11.4	0
11.5	0
11.6	0
11.7	0
11.8	0
11.9	0
12	0
12.1	0
12.2	0
12.3	0
12.4	0
12.5	0
12.6	0
12.7	0
12.8	0
12.9	0
13	0
13.1	0
13.2	0
13.3	0
13.4	0
13.5	0
13.6	0
13.7	0
13.8	0
13.9	0
14	0
14.1	0
14.2	0
14.3	0
14.4	0
14.5	0
14.6	0
14.7	0
14.8	0
14.9	0
15	0
15.1	0
15.2	0
15.3	0
15.4	0
15.5	0
15.6	0
15.7	0
15.8	0
15.9	0
16	0
16.1	0
16.2	0
16.3	0
16.4	0
16.5	0
16.6	0
16.7	0
16.8	0
16.9	0
17	0
17.1	0
17.2	0
17.3	0
17.4	0
17.5	0
17.6	0
17.7	0
17.8	0
17.9	0
18	0
18.1	0
18.2	0
18.3	0
0	0
0.1	-0.35
0.2	-0.35
0.3	-0.35
0.4	-0.35
0.5	-0.35
0.6	-0.35
0.7	-0.35
0.8	-0.35
0.9	-0.35
1	-0.35
1.1	-0.35
1.2	-0.35
1.3	-0.35
1.4	-0.35
1.5	-0.35
1.6	-0.35
0	0
0.1	-0.38
0.2	-0.38
0.3	-0.38
0.4	-0.38
0.5	-0.38
0.6	-0.38
0.7	-0.38
0.8	-0.38
0.9	-0.38
1	-0.38
1.1	-0.38
1.2	-0.38
1.3	-0.38
1.4	-0.38
1.5	-0.38
0	0
0.1	-1.01
0.2	-1.01
0.3	-1.01
0.4	-1.01
0.5	-1.01
0	0
0.1	-1.8
0.2	-1.8
0.3	-1.8
0	0
0.1	-1.51
0.2	-1.51
0.3	-1.51
0	0
0.1	-1.24
0.2	-1.24
0.3	-1.24
0.4	-1.24
0	0
0.1	-0.98
0.2	-0.98
0.3	-0.98
0.4	-0.98
0	0
0.1	-1.04
0.2	-1.04
0.3	-1.04
0	0
0.1	-1.08
0.2	-1.08
0.3	-1.08
0	0
0.1	-1.09
0.2	-1.09
0.3	-1.09
0	0
0.1	-1.8
0.2	-1.8
0	0
0.1	-1.8
0.2	-1.8
0	0
0.1	-0.9
0.2	-0.9
0.3	-0.9
0.4	-0.9
0.5	-0.9
0	0
0.1	-0.82
0.2	-0.82
0.3	-0.82
0.4	-0.82
0.5	-0.82
0	0
0.1	-1.07
0.2	-1.07
0.3	-1.07
0.4	-1.07
0	0
0.1	-1.74
0.2	-1.74
0	0
0.1	-1.8
0.2	-1.8
0	0
0.1	-1.76
0.2	-1.76
0	0
0.1	-1.78
0.2	-1.78
0	0
0.1	-1.05
0.2	-1.05
0.3	-1.05
0.4	-1.05
0	0
0.1	-1.02
0.2	-1.02
0.3	-1.02
0.4	-1.02
