Time	Velocity
0	0
0.1	0.03
0.2	0.13
0.3	0.29
0.4	0.48
0.5	0.7
0.6	0.91
0.7	1.11
0.8	1.26
0.9	1.36
1	1.4
1.1	1.4
1.2	1.4
1.3	1.4
1.4	1.4
1.5	1.37
1.6	1.28
1.7	1.13
1.8	0.94
1.9	0.72
2	0.51
2.1	0.31
2.2	0.15
2.3	0.04
0	0
0.1	-0.2
0.2	-0.81
0.3	-1.3
0.4	-1.39
0.5	-0.99
0	0
0.1	-0.15
0.2	-0.58
0.3	-0.99
0.4	-1.1
0.5	-1.08
0.6	-0.78
0	0
0.1	-0.08
0.2	-0.35
0.3	-0.54
0.4	-0.6
0.5	-0.6
0.6	-0.6
0.7	-0.6
0.8	-0.6
0.9	-0.58
1	-0.37
0	0
0.1	-0.1
0.2	-0.35
0.3	-0.55
0.4	-0.6
0.5	-0.6
0.6	-0.6
0.7	-0.6
0.8	-0.6
0.9	-0.58
1	-0.4
0	0
0.1	-0.12
0.2	-0.4
0.3	-0.65
0.4	-0.7
0.5	-0.7
0.6	-0.7
0.7	-0.7
0.8	-0.64
0.9	-0.4
