Time	X	Z
0	7.41	1.978
0.1	7.41	1.978
0.2	7.41	1.979
0.3	7.41	1.978
0.4	7.41	1.978
0.5	7.41	1.978
0.6	7.409	1.978
0.7	7.409	1.978
0.8	7.41	1.978
0.9	7.41	1.978
1	7.409	1.978
1.1	7.41	1.978
1.2	7.41	1.978
1.3	7.41	1.978
1.4	7.41	1.978
1.5	7.41	1.978
1.6	7.41	1.979
1.7	7.41	1.979
1.8	7.41	1.98
1.9	7.41	1.979
2	7.41	1.979
2.1	7.41	1.979
2.2	7.41	1.979
2.3	7.41	1.979
2.4	7.41	1.979
2.5	7.41	1.979
2.6	7.41	1.979
2.7	7.41	1.979
2.8	7.41	1.979
2.9	7.41	1.979
3	7.41	1.98
3.1	7.41	1.98
3.2	7.41	1.979
3.3	7.41	1.979
3.4	7.41	1.979
3.5	7.41	1.979
3.6	7.41	1.979
3.7	7.41	1.979
3.8	7.41	1.978
3.9	7.41	1.978
4	7.41	1.978
4.1	7.41	1.978
4.2	7.41	1.979
4.3	7.41	1.979
4.4	7.41	1.979
4.5	7.41	1.979
4.6	7.41	1.979
4.7	7.41	1.979
4.8	7.41	1.979
4.9	7.41	1.979
5	7.41	1.979
5.1	7.41	1.979
5.2	7.41	1.978
5.3	7.41	1.979
5.4	7.41	1.978
5.5	7.41	1.978
5.6	7.41	1.978
5.7	7.41	1.978
5.8	7.41	1.978
5.9	7.41	1.978
6	7.41	1.978
6.1	7.41	1.978
6.2	7.41	1.978
6.3	7.41	1.978
6.4	7.41	1.978
6.5	7.41	1.978
6.6	7.41	1.978
6.7	7.41	1.978
6.8	7.41	1.978
6.9	7.41	1.978
7	7.41	1.978
7.1	7.41	1.978
7.2	7.41	1.978
7.3	7.41	1.978
7.4	7.41	1.978
7.5	7.41	1.978
7.6	7.41	1.978
7.7	7.41	1.978
7.8	7.41	1.978
7.9	7.41	1.978
8	7.41	1.978
8.1	7.41	1.978
8.2	7.41	1.978
8.3	7.41	1.978
8.4	7.41	1.978
8.5	7.41	1.979
8.6	7.41	1.979
8.7	7.41	1.979
8.8	7.41	1.979
8.9	7.41	1.978
9	7.41	1.978
9.1	7.41	1.978
9.2	7.41	1.978
9.3	7.41	1.978
9.4	7.41	1.978
9.5	7.41	1.978
9.6	7.41	1.978
9.7	7.41	1.978
9.8	7.41	1.979
9.9	7.41	1.979
10	7.41	1.978
10.1	7.41	1.978
10.2	7.41	1.979
10.3	7.41	1.979
10.4	7.41	1.979
10.5	7.41	1.979
10.6	7.41	1.979
10.7	7.41	1.979
10.8	7.41	1.979
10.9	7.41	1.979
11	7.41	1.978
11.1	7.41	1.978
11.2	7.41	1.978
11.3	7.41	1.979
11.4	7.41	1.979
11.5	7.41	1.979
11.6	7.41	1.979
11.7	7.41	1.98
11.8	7.41	1.979
11.9	7.41	1.98
12	7.41	1.98
12.1	7.41	1.98
12.2	7.411	1.98
12.3	7.41	1.98
12.4	7.41	1.98
12.5	7.41	1.98
12.6	7.411	1.98
12.7	7.41	1.98
12.8	7.41	1.98
12.9	7.411	1.98
13	7.411	1.98
13.1	7.411	1.98
13.2	7.41	1.98
13.3	7.41	1.98
13.4	7.41	1.979
13.5	7.41	1.979
13.6	7.41	1.979
13.7	7.41	1.979
13.8	7.41	1.978
13.9	7.41	1.978
14	7.41	1.978
14.1	7.41	1.978
14.2	7.41	1.978
14.3	7.41	1.978
14.4	7.41	1.979
14.5	7.41	1.978
14.6	7.41	1.979
14.7	7.41	1.978
14.8	7.41	1.978
14.9	7.41	1.978
15	7.41	1.978
15.1	7.41	1.978
15.2	7.41	1.979
15.3	7.41	1.978
15.4	7.41	1.978
15.5	7.41	1.978
15.6	7.41	1.978
15.7	7.41	1.978
15.8	7.41	1.978
15.9	7.41	1.978
16	7.41	1.978
16.1	7.41	1.979
16.2	7.41	1.978
16.3	7.41	1.979
16.4	7.41	1.978
16.5	7.41	1.978
16.6	7.41	1.978
16.7	7.41	1.978
16.8	7.41	1.979
16.9	7.41	1.978
17	7.41	1.979
17.1	7.41	1.978
17.2	7.41	1.979
17.3	7.41	1.979
17.4	7.41	1.979
17.5	7.41	1.979
17.6	7.41	1.979
17.7	7.41	1.979
17.8	7.41	1.979
17.9	7.41	1.979
18	7.41	1.979
18.1	7.41	1.979
18.2	7.41	1.979
18.3	7.41	1.979
18.4	7.41	1.979
18.5	7.41	1.979
18.6	7.41	1.979
18.7	7.41	1.979
18.8	7.41	1.979
18.9	7.41	1.979
19	7.41	1.979
19.1	7.41	1.979
19.2	7.41	1.979
19.3	7.41	1.979
19.4	7.41	1.979
19.5	7.41	1.979
19.6	7.41	1.979
19.7	7.41	1.979
19.8	7.41	1.979
19.9	7.41	1.978
20	7.41	1.979
20.1	7.41	1.979
20.2	7.41	1.979
20.3	7.41	1.979
20.4	7.41	1.979
20.5	7.41	1.979
20.6	7.41	1.978
20.7	7.41	1.979
20.8	7.41	1.978
20.9	7.41	1.978
21	7.41	1.978
21.1	7.41	1.978
21.2	7.41	1.978
21.3	7.41	1.978
21.4	7.41	1.978
21.5	7.41	1.978
21.6	7.41	1.978
21.7	7.41	1.979
21.8	7.41	1.979
21.9	7.41	1.979
22	7.41	1.979
22.1	7.41	1.979
22.2	7.41	1.979
22.3	7.41	1.979
22.4	7.41	1.979
22.5	7.41	1.979
22.6	7.41	1.979
22.7	7.41	1.979
22.8	7.41	1.979
22.9	7.41	1.979
23	7.41	1.979
23.1	7.41	1.978
23.2	7.41	1.979
23.3	7.41	1.979
23.4	7.41	1.979
23.5	7.41	1.979
23.6	7.41	1.979
23.7	7.41	1.979
23.8	7.41	1.979
23.9	7.41	1.979
24	7.41	1.978
24.1	7.41	1.978
24.2	7.41	1.978
24.3	7.41	1.978
24.4	7.41	1.978
24.5	7.41	1.978
24.6	7.41	1.978
24.7	7.41	1.978
24.8	7.41	1.978
24.9	7.41	1.978
25	7.41	1.978
25.1	7.41	1.978
25.2	7.41	1.978
25.3	7.409	1.977
25.4	7.41	1.977
25.5	7.41	1.978
25.6	7.41	1.978
25.7	7.409	1.977
25.8	7.409	1.977
25.9	7.409	1.977
26	7.41	1.978
26.1	7.41	1.978
26.2	7.41	1.978
26.3	7.41	1.978
26.4	7.41	1.978
26.5	7.41	1.978
26.6	7.41	1.979
26.7	7.41	1.979
26.8	7.41	1.979
26.9	7.41	1.978
27	7.41	1.978
27.1	7.41	1.978
27.2	7.41	1.978
27.3	7.41	1.978
27.4	7.41	1.978
27.5	7.41	1.978
27.6	7.41	1.978
27.7	7.41	1.978
27.8	7.41	1.978
27.9	7.41	1.978
28	7.41	1.978
28.1	7.41	1.978
28.2	7.41	1.979
28.3	7.41	1.979
28.4	7.41	1.978
28.5	7.41	1.978
28.6	7.41	1.979
28.7	7.41	1.979
28.8	7.41	1.979
28.9	7.41	1.979
29	7.41	1.979
29.1	7.41	1.979
29.2	7.41	1.979
29.3	7.41	1.979
29.4	7.41	1.979
29.5	7.41	1.979
29.6	7.41	1.979
29.7	7.41	1.979
29.8	7.41	1.979
29.9	7.41	1.979
30	7.41	1.978
30.1	7.41	1.978
30.2	7.41	1.978
30.3	7.41	1.978
30.4	7.41	1.978
30.5	7.41	1.978
30.6	7.41	1.978
30.7	7.41	1.978
30.8	7.41	1.979
30.9	7.41	1.978
31	7.41	1.978
31.1	7.41	1.978
31.2	7.41	1.978
31.3	7.41	1.978
31.4	7.41	1.978
31.5	7.41	1.978
31.6	7.41	1.978
31.7	7.41	1.978
31.8	7.41	1.978
31.9	7.41	1.978
32	7.41	1.979
32.1	7.41	1.979
32.2	7.41	1.979
32.3	7.41	1.978
32.4	7.41	1.978
32.5	7.41	1.978
32.6	7.41	1.979
32.7	7.41	1.979
32.8	7.41	1.979
32.9	7.41	1.979
33	7.41	1.979
33.1	7.41	1.979
33.2	7.41	1.979
33.3	7.41	1.979
33.4	7.41	1.979
33.5	7.41	1.979
33.6	7.41	1.979
33.7	7.41	1.979
33.8	7.41	1.979
33.9	7.41	1.978
34	7.41	1.978
34.1	7.41	1.978
34.2	7.409	1.977
34.3	7.409	1.977
34.4	7.41	1.978
34.5	7.409	1.977
34.6	7.409	1.977
34.7	7.409	1.978
34.8	7.41	1.978
34.9	7.41	1.979
35	7.41	1.979
35.1	7.41	1.979
35.2	7.41	1.979
35.3	7.41	1.979
35.4	7.41	1.979
35.5	7.41	1.979
35.6	7.41	1.979
35.7	7.41	1.979
35.8	7.41	1.979
35.9	7.41	1.98
36	7.41	1.98
36.1	7.41	1.98
36.2	7.411	1.98
36.3	7.41	1.979
36.4	7.41	1.979
36.5	7.41	1.978
36.6	7.41	1.978
36.7	7.41	1.978
36.8	7.41	1.978
36.9	7.41	1.978
37	7.41	1.978
37.1	7.41	1.979
37.2	7.41	1.978
37.3	7.41	1.978
37.4	7.41	1.979
37.5	7.41	1.979
37.6	7.41	1.979
37.7	7.41	1.979
37.8	7.41	1.979
37.9	7.41	1.979
38	7.41	1.979
38.1	7.41	1.979
38.2	7.41	1.979
38.3	7.41	1.979
38.4	7.41	1.979
38.5	7.41	1.979
38.6	7.41	1.979
38.7	7.41	1.978
38.8	7.41	1.978
38.9	7.41	1.978
39	7.41	1.978
39.1	7.41	1.978
39.2	7.41	1.978
39.3	7.41	1.978
39.4	7.41	1.979
39.5	7.41	1.979
39.6	7.41	1.979
39.7	7.41	1.979
39.8	7.41	1.979
39.9	7.41	1.979
40	7.41	1.98
40.1	7.409	1.979
40.2	7.41	1.978
40.3	7.409	1.978
40.4	7.409	1.977
40.5	7.409	1.976
40.6	7.409	1.976
40.7	7.409	1.977
40.8	7.409	1.977
40.9	7.409	1.976
41	7.409	1.976
41.1	7.409	1.976
41.2	7.409	1.976
41.3	7.409	1.976
41.4	7.409	1.976
41.5	7.409	1.976
41.6	7.409	1.976
41.7	7.409	1.976
41.8	7.409	1.976
41.9	7.409	1.976
42	7.409	1.976
42.1	7.409	1.976
42.2	7.409	1.976
42.3	7.409	1.976
42.4	7.409	1.976
42.5	7.409	1.976
42.6	7.409	1.976
42.7	7.409	1.977
42.8	7.409	1.977
42.9	7.409	1.977
43	7.409	1.977
43.1	7.409	1.977
43.2	7.408	1.977
43.3	7.409	1.977
43.4	7.409	1.978
43.5	7.409	1.977
43.6	7.409	1.977
43.7	7.409	1.977
43.8	7.409	1.976
43.9	7.409	1.977
44	7.409	1.977
44.1	7.409	1.976
44.2	7.409	1.976
44.3	7.409	1.976
44.4	7.409	1.976
44.5	7.409	1.976
44.6	7.409	1.976
44.7	7.409	1.976
44.8	7.409	1.977
44.9	7.409	1.976
45	7.409	1.976
45.1	7.409	1.976
45.2	7.409	1.977
45.3	7.409	1.977
45.4	7.409	1.977
45.5	7.409	1.976
45.6	7.409	1.976
45.7	7.409	1.976
45.8	7.409	1.976
45.9	7.409	1.976
46	7.409	1.976
46.1	7.409	1.976
46.2	7.409	1.976
46.3	7.409	1.976
46.4	7.409	1.976
46.5	7.409	1.976
46.6	7.409	1.975
46.7	7.409	1.976
46.8	7.409	1.976
46.9	7.409	1.976
47	7.409	1.976
47.1	7.409	1.976
47.2	7.409	1.976
47.3	7.409	1.976
47.4	7.409	1.976
47.5	7.409	1.976
47.6	7.409	1.976
47.7	7.409	1.977
47.8	7.409	1.977
47.9	7.409	1.977
48	7.409	1.977
48.1	7.409	1.977
48.2	7.409	1.977
48.3	7.409	1.977
48.4	7.409	1.976
48.5	7.409	1.977
48.6	7.409	1.977
48.7	7.409	1.977
48.8	7.409	1.977
48.9	7.409	1.977
49	7.409	1.977
49.1	7.409	1.977
49.2	7.409	1.977
49.3	7.409	1.977
49.4	7.409	1.977
49.5	7.409	1.976
49.6	7.409	1.976
49.7	7.409	1.977
49.8	7.409	1.977
49.9	7.409	1.977
50	7.409	1.977
50.1	7.409	1.977
50.2	7.409	1.976
50.3	7.409	1.976
50.4	7.409	1.977
50.5	7.409	1.977
50.6	7.409	1.976
50.7	7.409	1.976
50.8	7.409	1.977
50.9	7.409	1.976
51	7.409	1.976
51.1	7.409	1.976
51.2	7.409	1.976
51.3	7.409	1.976
51.4	7.409	1.976
51.5	7.409	1.976
51.6	7.409	1.976
51.7	7.409	1.976
51.8	7.409	1.976
51.9	7.409	1.976
52	7.409	1.976
52.1	7.409	1.976
52.2	7.409	1.976
52.3	7.409	1.976
52.4	7.409	1.976
52.5	7.409	1.976
52.6	7.409	1.976
52.7	7.409	1.977
52.8	7.409	1.977
52.9	7.409	1.976
53	7.409	1.976
53.1	7.409	1.976
53.2	7.409	1.976
53.3	7.409	1.976
53.4	7.409	1.976
53.5	7.409	1.977
53.6	7.409	1.977
53.7	7.409	1.977
53.8	7.409	1.977
53.9	7.409	1.977
54	7.409	1.977
54.1	7.409	1.977
54.2	7.409	1.977
54.3	7.409	1.976
54.4	7.409	1.976
54.5	7.409	1.976
54.6	7.409	1.976
54.7	7.408	1.976
54.8	7.409	1.976
54.9	7.407	1.976
55	7.407	1.98
55.1	7.389	2.002
55.2	7.355	2.051
55.3	7.325	2.102
55.4	7.327	2.159
55.5	7.358	2.197
55.6	7.412	2.24
55.7	7.464	2.27
55.8	7.507	2.291
55.9	7.519	2.287
56	7.531	2.295
56.1	7.542	2.302
56.2	7.55	2.309
56.3	7.552	2.313
56.4	7.534	2.314
56.5	7.49	2.328
56.6	7.474	2.351
56.7	7.493	2.391
56.8	7.534	2.438
56.9	7.552	2.492
57	7.559	2.558
57.1	7.537	2.643
57.2	7.51	2.744
57.3	7.492	2.858
57.4	7.479	2.96
57.5	7.457	3.038
57.6	7.422	3.11
57.7	7.378	3.178
57.8	7.329	3.246
57.9	7.286	3.317
58	7.242	3.389
58.1	7.202	3.448
58.2	7.16	3.496
58.3	7.126	3.538
58.4	7.107	3.572
58.5	7.101	3.6
58.6	7.109	3.64
58.7	7.119	3.685
58.8	7.116	3.735
58.9	7.094	3.786
59	7.076	3.837
59.1	7.06	3.894
59.2	7.056	3.943
59.3	7.063	3.992
59.4	7.072	4.033
59.5	7.091	4.072
59.6	7.117	4.107
59.7	7.142	4.138
59.8	7.173	4.167
59.9	7.205	4.194
60	7.228	4.224
60.1	7.248	4.255
60.2	7.272	4.277
60.3	7.29	4.293
60.4	7.305	4.308
60.5	7.323	4.32
60.6	7.334	4.332
60.7	7.348	4.342
60.8	7.355	4.348
60.9	7.357	4.351
61	7.366	4.352
61.1	7.375	4.353
61.2	7.378	4.355
61.3	7.386	4.361
61.4	7.393	4.365
61.5	7.398	4.372
61.6	7.401	4.376
61.7	7.403	4.379
61.8	7.405	4.378
61.9	7.407	4.376
62	7.407	4.373
62.1	7.409	4.371
62.2	7.411	4.369
62.3	7.411	4.366
62.4	7.411	4.365
62.5	7.413	4.366
62.6	7.412	4.367
62.7	7.409	4.367
62.8	7.409	4.37
62.9	7.409	4.375
63	7.411	4.381
63.1	7.411	4.386
63.2	7.411	4.39
63.3	7.412	4.394
63.4	7.414	4.4
63.5	7.414	4.403
63.6	7.415	4.406
63.7	7.415	4.407
63.8	7.415	4.407
63.9	7.411	4.407
64	7.409	4.407
64.1	7.408	4.404
64.2	7.409	4.402
64.3	7.412	4.401
64.4	7.41	4.403
64.5	7.409	4.405
64.6	7.41	4.403
64.7	7.413	4.402
64.8	7.419	4.403
64.9	7.422	4.406
65	7.422	4.411
65.1	7.421	4.412
65.2	7.421	4.415
65.3	7.421	4.416
65.4	7.422	4.416
65.5	7.422	4.417
65.6	7.421	4.417
65.7	7.417	4.419
65.8	7.413	4.421
65.9	7.412	4.42
66	7.41	4.418
66.1	7.411	4.416
66.2	7.411	4.415
66.3	7.411	4.41
66.4	7.408	4.409
66.5	7.404	4.411
66.6	7.4	4.411
66.7	7.399	4.411
66.8	7.398	4.411
66.9	7.398	4.411
67	7.397	4.411
67.1	7.396	4.41
67.2	7.396	4.41
67.3	7.395	4.41
67.4	7.393	4.409
67.5	7.39	4.407
67.6	7.387	4.405
67.7	7.385	4.402
67.8	7.382	4.398
67.9	7.38	4.395
68	7.379	4.394
68.1	7.379	4.394
68.2	7.38	4.395
68.3	7.382	4.397
68.4	7.383	4.4
68.5	7.384	4.403
68.6	7.385	4.406
68.7	7.387	4.407
68.8	7.387	4.409
68.9	7.384	4.408
69	7.38	4.409
69.1	7.379	4.413
69.2	7.379	4.414
69.3	7.379	4.417
69.4	7.382	4.418
69.5	7.385	4.419
69.6	7.385	4.42
69.7	7.386	4.42
69.8	7.385	4.42
69.9	7.385	4.421
70	7.383	4.42
70.1	7.381	4.42
70.2	7.376	4.417
70.3	7.365	4.407
70.4	7.351	4.397
70.5	7.343	4.392
70.6	7.342	4.396
70.7	7.346	4.401
70.8	7.351	4.404
70.9	7.356	4.404
71	7.361	4.399
71.1	7.365	4.395
71.2	7.363	4.39
71.3	7.359	4.387
71.4	7.355	4.383
71.5	7.353	4.379
71.6	7.353	4.373
71.7	7.354	4.366
71.8	7.354	4.358
71.9	7.352	4.352
72	7.35	4.347
72.1	7.348	4.343
72.2	7.346	4.341
72.3	7.343	4.34
72.4	7.34	4.341
72.5	7.338	4.343
72.6	7.335	4.346
72.7	7.334	4.348
72.8	7.332	4.349
72.9	7.332	4.351
73	7.332	4.352
73.1	7.333	4.353
73.2	7.333	4.355
73.3	7.331	4.357
73.4	7.327	4.36
73.5	7.321	4.365
73.6	7.316	4.369
73.7	7.313	4.372
73.8	7.312	4.374
73.9	7.312	4.379
74	7.31	4.389
74.1	7.305	4.403
74.2	7.299	4.413
74.3	7.298	4.42
74.4	7.299	4.42
74.5	7.3	4.415
74.6	7.302	4.408
74.7	7.303	4.398
74.8	7.305	4.392
74.9	7.306	4.39
75	7.303	4.392
75.1	7.303	4.399
75.2	7.303	4.405
75.3	7.304	4.409
75.4	7.304	4.413
75.5	7.305	4.413
75.6	7.307	4.41
75.7	7.311	4.403
75.8	7.318	4.392
75.9	7.326	4.384
76	7.334	4.379
76.1	7.341	4.38
76.2	7.341	4.383
76.3	7.336	4.389
76.4	7.33	4.397
76.5	7.325	4.404
76.6	7.32	4.409
76.7	7.317	4.413
76.8	7.315	4.413
76.9	7.314	4.411
77	7.315	4.405
77.1	7.317	4.396
77.2	7.318	4.386
77.3	7.322	4.379
77.4	7.325	4.375
77.5	7.321	4.371
77.6	7.312	4.368
77.7	7.304	4.367
77.8	7.299	4.369
77.9	7.296	4.372
78	7.297	4.375
78.1	7.299	4.379
78.2	7.299	4.385
78.3	7.297	4.395
78.4	7.296	4.403
78.5	7.296	4.409
78.6	7.295	4.412
78.7	7.294	4.412
78.8	7.294	4.412
78.9	7.294	4.411
79	7.295	4.409
79.1	7.295	4.408
79.2	7.295	4.407
79.3	7.294	4.406
79.4	7.294	4.406
79.5	7.295	4.406
79.6	7.296	4.405
79.7	7.297	4.406
79.8	7.299	4.406
79.9	7.3	4.407
80	7.299	4.408
80.1	7.299	4.409
80.2	7.3	4.41
80.3	7.299	4.41
80.4	7.299	4.411
80.5	7.299	4.412
80.6	7.299	4.415
80.7	7.298	4.417
80.8	7.298	4.422
80.9	7.299	4.433
81	7.302	4.442
81.1	7.305	4.444
81.2	7.307	4.445
81.3	7.293	4.433
81.4	7.295	4.429
81.5	7.297	4.424
81.6	7.298	4.422
81.7	7.297	4.422
81.8	7.296	4.422
81.9	7.294	4.422
82	7.293	4.422
82.1	7.292	4.422
82.2	7.291	4.42
82.3	7.29	4.415
82.4	7.289	4.41
82.5	7.289	4.407
82.6	7.288	4.404
82.7	7.288	4.403
82.8	7.288	4.403
82.9	7.288	4.403
83	7.289	4.403
83.1	7.29	4.404
83.2	7.292	4.404
83.3	7.292	4.404
83.4	7.293	4.404
83.5	7.293	4.403
83.6	7.293	4.403
83.7	7.293	4.403
83.8	7.293	4.404
83.9	7.293	4.404
84	7.294	4.403
84.1	7.294	4.403
84.2	7.295	4.402
84.3	7.295	4.4
84.4	7.294	4.398
84.5	7.294	4.396
84.6	7.294	4.394
84.7	7.294	4.393
84.8	7.294	4.393
84.9	7.294	4.393
85	7.294	4.393
85.1	7.294	4.392
85.2	7.293	4.391
85.3	7.293	4.391
85.4	7.292	4.391
85.5	7.292	4.39
85.6	7.292	4.39
85.7	7.292	4.391
85.8	7.292	4.391
85.9	7.292	4.391
86	7.293	4.391
86.1	7.293	4.391
86.2	7.294	4.39
86.3	7.292	4.389
86.4	7.291	4.388
86.5	7.289	4.387
86.6	7.289	4.386
86.7	7.287	4.385
86.8	7.287	4.383
86.9	7.287	4.382
87	7.287	4.381
87.1	7.288	4.38
87.2	7.288	4.379
87.3	7.288	4.378
87.4	7.288	4.377
87.5	7.288	4.376
87.6	7.287	4.375
87.7	7.287	4.375
87.8	7.287	4.375
87.9	7.288	4.375
88	7.288	4.375
88.1	7.289	4.375
88.2	7.289	4.375
88.3	7.291	4.376
88.4	7.292	4.377
88.5	7.293	4.378
88.6	7.293	4.379
88.7	7.293	4.38
88.8	7.292	4.38
88.9	7.291	4.38
89	7.29	4.38
89.1	7.289	4.38
89.2	7.288	4.38
89.3	7.286	4.378
89.4	7.286	4.377
89.5	7.286	4.376
89.6	7.288	4.375
89.7	7.289	4.376
89.8	7.291	4.377
89.9	7.292	4.378
90	7.293	4.379
90.1	7.293	4.379
90.2	7.295	4.38
90.3	7.295	4.381
90.4	7.295	4.381
90.5	7.294	4.382
90.6	7.292	4.384
90.7	7.291	4.385
90.8	7.29	4.387
90.9	7.289	4.389
91	7.289	4.39
91.1	7.291	4.39
91.2	7.292	4.388
91.3	7.292	4.386
91.4	7.291	4.383
91.5	7.29	4.382
91.6	7.288	4.381
91.7	7.287	4.381
91.8	7.287	4.382
91.9	7.287	4.383
92	7.287	4.385
92.1	7.288	4.387
92.2	7.287	4.389
92.3	7.285	4.391
92.4	7.284	4.391
92.5	7.285	4.385
92.6	7.29	4.373
92.7	7.298	4.359
92.8	7.308	4.342
92.9	7.313	4.329
93	7.309	4.325
93.1	7.302	4.336
93.2	7.297	4.366
93.3	7.305	4.414
93.4	7.326	4.474
93.5	7.36	4.519
93.6	7.39	4.539
93.7	7.408	4.544
93.8	7.41	4.541
93.9	7.394	4.529
94	7.362	4.501
94.1	7.328	4.437
94.2	7.322	4.342
94.3	7.361	4.26
94.4	7.433	4.208
94.5	7.502	4.201
94.6	7.539	4.228
94.7	7.537	4.256
94.8	7.514	4.276
94.9	7.486	4.293
95	7.463	4.316
95.1	7.447	4.323
95.2	7.441	4.323
95.3	7.441	4.326
95.4	7.443	4.33
95.5	7.449	4.339
95.6	7.463	4.353
95.7	7.469	4.377
95.8	7.444	4.4
95.9	7.411	4.406
96	7.408	4.397
96.1	7.409	4.378
96.2	7.405	4.355
96.3	7.418	4.332
96.4	7.461	4.301
96.5	7.486	4.246
96.6	7.486	4.213
96.7	7.49	4.205
96.8	7.498	4.205
96.9	7.506	4.213
97	7.512	4.229
97.1	7.518	4.246
97.2	7.525	4.259
97.3	7.529	4.269
97.4	7.532	4.278
97.5	7.533	4.285
97.6	7.533	4.289
97.7	7.534	4.292
97.8	7.535	4.293
97.9	7.537	4.293
98	7.54	4.292
98.1	7.543	4.291
98.2	7.546	4.291
98.3	7.548	4.293
98.4	7.552	4.297
98.5	7.556	4.305
98.6	7.56	4.317
98.7	7.564	4.33
98.8	7.569	4.34
98.9	7.576	4.348
99	7.587	4.359
99.1	7.603	4.371
99.2	7.621	4.381
99.3	7.639	4.386
99.4	7.654	4.387
99.5	7.66	4.382
99.6	7.656	4.376
99.7	7.649	4.373
99.8	7.644	4.371
99.9	7.637	4.362
100	7.625	4.348
100.1	7.607	4.332
100.2	7.584	4.314
100.3	7.556	4.294
100.4	7.525	4.27
100.5	7.493	4.242
100.6	7.464	4.217
100.7	7.445	4.197
100.8	7.434	4.183
100.9	7.43	4.17
101	7.434	4.158
101.1	7.444	4.147
101.2	7.463	4.142
101.3	7.492	4.15
101.4	7.535	4.167
101.5	7.58	4.186
101.6	7.617	4.198
101.7	7.641	4.204
101.8	7.657	4.209
101.9	7.67	4.214
102	7.68	4.217
102.1	7.685	4.219
102.2	7.689	4.221
102.3	7.693	4.221
102.4	7.696	4.222
102.5	7.697	4.223
102.6	7.7	4.225
102.7	7.706	4.228
102.8	7.72	4.234
102.9	7.746	4.25
103	7.77	4.268
103.1	7.789	4.285
103.2	7.8	4.296
103.3	7.803	4.301
103.4	7.8	4.301
103.5	7.795	4.297
103.6	7.79	4.293
103.7	7.786	4.287
103.8	7.782	4.282
103.9	7.778	4.276
104	7.774	4.271
104.1	7.77	4.265
104.2	7.765	4.257
104.3	7.758	4.246
104.4	7.747	4.232
104.5	7.732	4.217
104.6	7.715	4.203
104.7	7.693	4.19
104.8	7.667	4.178
104.9	7.635	4.169
105	7.601	4.16
105.1	7.563	4.154
105.2	7.524	4.153
105.3	7.495	4.159
105.4	7.483	4.163
105.5	7.484	4.157
105.6	7.493	4.151
105.7	7.508	4.147
105.8	7.523	4.146
105.9	7.536	4.146
106	7.546	4.146
106.1	7.553	4.147
106.2	7.556	4.148
106.3	7.557	4.15
106.4	7.556	4.154
106.5	7.555	4.157
106.6	7.554	4.155
106.7	7.554	4.151
106.8	7.555	4.147
106.9	7.557	4.144
107	7.558	4.144
107.1	7.555	4.153
107.2	7.552	4.176
107.3	7.551	4.189
107.4	7.548	4.197
107.5	7.546	4.202
107.6	7.545	4.203
107.7	7.545	4.194
107.8	7.547	4.174
107.9	7.557	4.152
108	7.576	4.141
108.1	7.592	4.142
108.2	7.606	4.147
108.3	7.614	4.154
108.4	7.619	4.16
108.5	7.621	4.165
108.6	7.625	4.167
108.7	7.627	4.168
108.8	7.629	4.167
108.9	7.629	4.164
109	7.628	4.162
109.1	7.614	4.164
109.2	7.599	4.171
109.3	7.595	4.173
109.4	7.593	4.174
109.5	7.591	4.178
109.6	7.593	4.18
109.7	7.597	4.179
109.8	7.609	4.179
109.9	7.615	4.176
110	7.62	4.172
110.1	7.619	4.17
110.2	7.614	4.17
110.3	7.607	4.169
110.4	7.598	4.169
110.5	7.589	4.17
110.6	7.576	4.171
110.7	7.562	4.172
110.8	7.546	4.173
110.9	7.529	4.173
111	7.511	4.173
111.1	7.49	4.175
111.2	7.468	4.176
111.3	7.45	4.176
111.4	7.439	4.178
111.5	7.435	4.179
111.6	7.437	4.178
111.7	7.447	4.175
111.8	7.466	4.167
111.9	7.491	4.156
112	7.518	4.147
112.1	7.544	4.142
112.2	7.568	4.139
112.3	7.59	4.138
112.4	7.61	4.137
112.5	7.628	4.136
112.6	7.645	4.135
112.7	7.664	4.133
112.8	7.683	4.132
112.9	7.699	4.132
113	7.71	4.133
113.1	7.716	4.134
113.2	7.718	4.135
113.3	7.718	4.134
113.4	7.715	4.13
113.5	7.71	4.126
113.6	7.702	4.12
113.7	7.692	4.114
113.8	7.687	4.11
113.9	7.687	4.107
114	7.688	4.105
114.1	7.69	4.104
114.2	7.692	4.104
114.3	7.694	4.103
114.4	7.695	4.103
114.5	7.695	4.103
114.6	7.694	4.102
114.7	7.69	4.1
114.8	7.685	4.099
114.9	7.679	4.098
115	7.673	4.098
115.1	7.668	4.098
115.2	7.663	4.099
115.3	7.658	4.099
115.4	7.655	4.1
115.5	7.653	4.102
115.6	7.652	4.103
115.7	7.652	4.104
115.8	7.651	4.105
115.9	7.651	4.107
116	7.65	4.109
116.1	7.649	4.111
116.2	7.647	4.114
116.3	7.646	4.116
116.4	7.645	4.118
116.5	7.644	4.121
116.6	7.644	4.122
116.7	7.645	4.123
116.8	7.646	4.124
116.9	7.648	4.124
117	7.648	4.124
117.1	7.648	4.123
117.2	7.648	4.122
117.3	7.647	4.121
117.4	7.647	4.119
117.5	7.647	4.117
117.6	7.647	4.115
117.7	7.648	4.113
117.8	7.649	4.11
117.9	7.649	4.107
118	7.65	4.104
118.1	7.651	4.101
118.2	7.653	4.099
118.3	7.654	4.097
118.4	7.656	4.095
118.5	7.657	4.094
118.6	7.657	4.093
118.7	7.657	4.092
118.8	7.657	4.091
118.9	7.657	4.09
119	7.657	4.088
119.1	7.66	4.086
119.2	7.666	4.084
119.3	7.671	4.083
119.4	7.674	4.082
119.5	7.678	4.082
119.6	7.681	4.082
119.7	7.684	4.083
119.8	7.686	4.084
119.9	7.687	4.085
120	7.687	4.086
120.1	7.688	4.087
120.2	7.688	4.089
120.3	7.688	4.09
120.4	7.688	4.091
120.5	7.687	4.092
120.6	7.685	4.092
120.7	7.683	4.091
120.8	7.68	4.09
120.9	7.677	4.089
121	7.674	4.088
121.1	7.671	4.087
121.2	7.669	4.087
121.3	7.667	4.087
121.4	7.665	4.087
121.5	7.663	4.086
121.6	7.66	4.084
121.7	7.656	4.083
121.8	7.651	4.081
121.9	7.645	4.08
122	7.636	4.08
122.1	7.625	4.081
122.2	7.614	4.084
122.3	7.603	4.088
122.4	7.593	4.093
122.5	7.585	4.099
122.6	7.579	4.105
122.7	7.575	4.111
122.8	7.573	4.116
122.9	7.572	4.121
123	7.561	4.12
123.1	7.559	4.123
123.2	7.557	4.126
123.3	7.556	4.13
123.4	7.555	4.133
123.5	7.553	4.135
123.6	7.551	4.137
123.7	7.548	4.14
123.8	7.545	4.144
123.9	7.543	4.149
124	7.54	4.154
124.1	7.538	4.157
124.2	7.536	4.161
124.3	7.534	4.165
124.4	7.534	4.169
124.5	7.534	4.173
124.6	7.534	4.175
124.7	7.535	4.176
124.8	7.535	4.175
124.9	7.536	4.17
125	7.536	4.163
125.1	7.536	4.156
125.2	7.536	4.15
125.3	7.536	4.144
125.4	7.536	4.139
125.5	7.535	4.137
125.6	7.53	4.136
125.7	7.522	4.138
125.8	7.517	4.14
125.9	7.514	4.136
126	7.514	4.128
126.1	7.516	4.119
126.2	7.518	4.11
126.3	7.521	4.105
126.4	7.523	4.104
126.5	7.525	4.104
126.6	7.526	4.105
126.7	7.525	4.111
126.8	7.523	4.123
126.9	7.517	4.142
127	7.507	4.17
127.1	7.492	4.202
127.2	7.475	4.236
127.3	7.458	4.268
127.4	7.441	4.299
127.5	7.425	4.329
127.6	7.411	4.357
127.7	7.4	4.382
127.8	7.392	4.404
127.9	7.388	4.418
128	7.384	4.427
128.1	7.379	4.431
128.2	7.374	4.428
128.3	7.37	4.421
128.4	7.369	4.416
128.5	7.37	4.413
128.6	7.372	4.412
128.7	7.374	4.413
128.8	7.376	4.413
128.9	7.378	4.412
129	7.381	4.411
129.1	7.385	4.408
129.2	7.391	4.403
129.3	7.397	4.396
129.4	7.406	4.386
129.5	7.415	4.378
129.6	7.425	4.371
129.7	7.432	4.365
129.8	7.441	4.356
129.9	7.453	4.347
130	7.463	4.34
130.1	7.469	4.338
130.2	7.474	4.336
130.3	7.479	4.333
130.4	7.482	4.333
130.5	7.483	4.335
130.6	7.485	4.337
130.7	7.487	4.339
130.8	7.489	4.341
130.9	7.484	4.341
131	7.482	4.341
131.1	7.48	4.34
131.2	7.477	4.339
131.3	7.476	4.339
131.4	7.476	4.337
131.5	7.477	4.336
131.6	7.479	4.335
131.7	7.481	4.334
131.8	7.482	4.332
131.9	7.484	4.33
132	7.48	4.325
132.1	7.479	4.324
132.2	7.477	4.323
132.3	7.478	4.319
132.4	7.468	4.314
132.5	7.46	4.309
132.6	7.451	4.302
132.7	7.446	4.299
132.8	7.442	4.294
132.9	7.442	4.291
133	7.445	4.291
133.1	7.446	4.292
133.2	7.446	4.293
133.3	7.445	4.293
133.4	7.444	4.292
133.5	7.442	4.292
133.6	7.439	4.291
133.7	7.436	4.291
133.8	7.434	4.29
133.9	7.431	4.289
134	7.43	4.289
134.1	7.428	4.289
134.2	7.426	4.29
134.3	7.425	4.29
134.4	7.423	4.289
134.5	7.421	4.288
134.6	7.42	4.285
134.7	7.421	4.282
134.8	7.422	4.279
134.9	7.423	4.277
135	7.424	4.276
135.1	7.424	4.276
135.2	7.424	4.276
135.3	7.423	4.276
135.4	7.422	4.277
135.5	7.421	4.277
135.6	7.419	4.278
135.7	7.418	4.278
135.8	7.418	4.279
135.9	7.418	4.28
136	7.417	4.28
136.1	7.416	4.281
136.2	7.415	4.28
136.3	7.414	4.28
136.4	7.414	4.279
136.5	7.415	4.278
136.6	7.416	4.277
136.7	7.416	4.277
136.8	7.417	4.276
136.9	7.417	4.276
137	7.417	4.276
137.1	7.416	4.276
137.2	7.415	4.276
137.3	7.413	4.274
137.4	7.412	4.27
137.5	7.412	4.267
137.6	7.412	4.265
137.7	7.412	4.265
137.8	7.411	4.266
137.9	7.41	4.267
138	7.41	4.268
138.1	7.411	4.269
138.2	7.412	4.27
138.3	7.412	4.27
138.4	7.412	4.269
138.5	7.412	4.269
138.6	7.412	4.269
138.7	7.412	4.27
138.8	7.413	4.273
138.9	7.414	4.276
139	7.415	4.278
139.1	7.415	4.279
139.2	7.415	4.279
139.3	7.415	4.28
139.4	7.415	4.28
139.5	7.415	4.282
139.6	7.415	4.284
139.7	7.416	4.286
139.8	7.417	4.288
139.9	7.418	4.289
140	7.42	4.29
140.1	7.421	4.29
140.2	7.421	4.289
140.3	7.421	4.288
140.4	7.422	4.289
140.5	7.422	4.289
140.6	7.423	4.289
140.7	7.424	4.289
140.8	7.425	4.288
140.9	7.425	4.288
141	7.425	4.287
141.1	7.426	4.287
141.2	7.426	4.287
141.3	7.427	4.287
141.4	7.427	4.287
141.5	7.426	4.287
141.6	7.426	4.287
141.7	7.425	4.286
141.8	7.425	4.286
141.9	7.424	4.287
142	7.424	4.287
142.1	7.425	4.288
142.2	7.425	4.288
142.3	7.425	4.289
142.4	7.425	4.289
142.5	7.425	4.289
142.6	7.425	4.289
142.7	7.425	4.289
142.8	7.426	4.289
142.9	7.426	4.289
143	7.426	4.289
143.1	7.426	4.289
143.2	7.426	4.289
143.3	7.426	4.289
143.4	7.425	4.289
143.5	7.425	4.289
143.6	7.425	4.289
143.7	7.423	4.288
143.8	7.422	4.288
143.9	7.421	4.288
144	7.421	4.289
144.1	7.421	4.289
144.2	7.421	4.289
144.3	7.421	4.289
144.4	7.421	4.288
144.5	7.42	4.288
144.6	7.42	4.288
144.7	7.42	4.287
144.8	7.42	4.287
144.9	7.421	4.286
145	7.421	4.286
145.1	7.421	4.286
145.2	7.422	4.285
145.3	7.422	4.285
145.4	7.422	4.285
145.5	7.422	4.285
145.6	7.422	4.285
145.7	7.421	4.285
145.8	7.421	4.286
145.9	7.421	4.286
146	7.422	4.286
146.1	7.422	4.286
146.2	7.422	4.287
146.3	7.422	4.287
146.4	7.421	4.287
146.5	7.421	4.287
146.6	7.42	4.288
146.7	7.42	4.288
146.8	7.419	4.288
146.9	7.419	4.288
147	7.419	4.288
147.1	7.419	4.288
147.2	7.419	4.287
147.3	7.419	4.287
147.4	7.419	4.286
147.5	7.418	4.286
147.6	7.418	4.286
147.7	7.418	4.286
147.8	7.419	4.286
147.9	7.419	4.286
148	7.419	4.285
148.1	7.419	4.285
148.2	7.42	4.285
148.3	7.42	4.284
148.4	7.419	4.284
148.5	7.419	4.284
148.6	7.418	4.283
148.7	7.418	4.283
148.8	7.417	4.283
148.9	7.416	4.283
149	7.415	4.282
149.1	7.414	4.282
149.2	7.414	4.282
149.3	7.413	4.283
149.4	7.413	4.283
149.5	7.413	4.284
149.6	7.414	4.285
149.7	7.415	4.287
149.8	7.416	4.288
149.9	7.417	4.289
150	7.419	4.29
150.1	7.421	4.291
150.2	7.424	4.292
150.3	7.426	4.292
150.4	7.427	4.292
150.5	7.429	4.291
150.6	7.431	4.29
150.7	7.431	4.288
150.8	7.432	4.288
150.9	7.432	4.288
151	7.431	4.289
151.1	7.43	4.289
151.2	7.429	4.289
151.3	7.427	4.288
151.4	7.426	4.287
151.5	7.425	4.286
151.6	7.425	4.285
151.7	7.424	4.283
151.8	7.422	4.282
151.9	7.421	4.28
152	7.418	4.278
152.1	7.415	4.276
152.2	7.413	4.274
152.3	7.413	4.272
152.4	7.411	4.271
152.5	7.41	4.268
152.6	7.41	4.268
152.7	7.398	4.262
152.8	7.398	4.262
152.9	7.398	4.263
153	7.398	4.264
153.1	7.399	4.264
153.2	7.4	4.265
153.3	7.401	4.266
153.4	7.402	4.267
153.5	7.403	4.268
153.6	7.404	4.269
153.7	7.405	4.269
153.8	7.407	4.27
153.9	7.408	4.271
154	7.41	4.272
154.1	7.411	4.273
154.2	7.412	4.274
154.3	7.412	4.275
154.4	7.412	4.275
154.5	7.412	4.276
154.6	7.411	4.276
154.7	7.41	4.277
154.8	7.41	4.278
154.9	7.41	4.278
155	7.41	4.278
155.1	7.41	4.278
155.2	7.41	4.278
155.3	7.409	4.277
155.4	7.409	4.276
155.5	7.409	4.275
155.6	7.408	4.274
155.7	7.407	4.274
155.8	7.406	4.273
155.9	7.406	4.272
156	7.405	4.272
156.1	7.405	4.272
156.2	7.404	4.272
156.3	7.404	4.272
156.4	7.404	4.272
156.5	7.404	4.272
156.6	7.404	4.272
156.7	7.404	4.272
156.8	7.404	4.272
156.9	7.404	4.271
157	7.404	4.271
157.1	7.405	4.271
157.2	7.406	4.271
157.3	7.407	4.272
157.4	7.408	4.272
157.5	7.41	4.273
157.6	7.411	4.273
157.7	7.412	4.273
157.8	7.414	4.274
157.9	7.414	4.274
158	7.416	4.275
158.1	7.416	4.275
158.2	7.416	4.276
158.3	7.416	4.276
158.4	7.415	4.276
158.5	7.415	4.276
158.6	7.414	4.276
158.7	7.413	4.275
158.8	7.412	4.275
158.9	7.411	4.275
159	7.41	4.275
159.1	7.409	4.275
159.2	7.408	4.274
159.3	7.407	4.274
159.4	7.406	4.273
159.5	7.406	4.273
159.6	7.406	4.274
159.7	7.407	4.274
159.8	7.408	4.275
159.9	7.408	4.275
160	7.409	4.276
160.1	7.409	4.276
160.2	7.41	4.276
160.3	7.41	4.276
160.4	7.411	4.276
160.5	7.412	4.277
160.6	7.412	4.277
160.7	7.413	4.277
160.8	7.414	4.277
160.9	7.415	4.278
161	7.416	4.278
161.1	7.418	4.278
161.2	7.419	4.278
161.3	7.42	4.278
161.4	7.421	4.277
161.5	7.421	4.277
161.6	7.422	4.277
161.7	7.422	4.277
161.8	7.422	4.277
161.9	7.421	4.277
162	7.42	4.277
162.1	7.42	4.277
162.2	7.419	4.277
162.3	7.418	4.277
162.4	7.417	4.277
162.5	7.416	4.276
162.6	7.414	4.275
162.7	7.411	4.274
162.8	7.407	4.27
162.9	7.402	4.263
163	7.399	4.255
163.1	7.396	4.247
163.2	7.394	4.241
163.3	7.393	4.234
163.4	7.394	4.224
163.5	7.397	4.214
163.6	7.402	4.203
163.7	7.408	4.191
163.8	7.414	4.181
163.9	7.424	4.175
164	7.423	4.165
164.1	7.417	4.16
164.2	7.411	4.162
164.3	7.399	4.169
164.4	7.383	4.183
164.5	7.36	4.206
164.6	7.335	4.237
164.7	7.307	4.275
164.8	7.276	4.311
164.9	7.244	4.338
165	7.209	4.356
165.1	7.172	4.365
165.2	7.127	4.365
165.3	7.074	4.355
165.4	7.014	4.335
165.5	6.945	4.303
165.6	6.867	4.26
165.7	6.79	4.217
165.8	6.716	4.191
165.9	6.646	4.178
166	6.578	4.171
166.1	6.511	4.174
166.2	6.442	4.186
166.3	6.369	4.207
166.4	6.291	4.23
166.5	6.217	4.245
166.6	6.144	4.244
166.7	6.078	4.237
166.8	6.016	4.226
166.9	5.957	4.21
167	5.899	4.184
167.1	5.841	4.147
167.2	5.785	4.112
167.3	5.739	4.087
167.4	5.698	4.069
167.5	5.666	4.059
167.6	5.64	4.056
167.7	5.619	4.06
167.8	5.598	4.074
167.9	5.574	4.093
168	5.546	4.116
168.1	5.513	4.139
168.2	5.481	4.158
168.3	5.459	4.175
168.4	5.446	4.19
168.5	5.438	4.2
168.6	5.432	4.21
168.7	5.423	4.218
168.8	5.414	4.224
168.9	5.408	4.231
169	5.406	4.236
169.1	5.407	4.239
169.2	5.413	4.241
169.3	5.419	4.242
169.4	5.424	4.242
169.5	5.427	4.243
169.6	5.429	4.244
169.7	5.43	4.245
169.8	5.431	4.246
169.9	5.433	4.247
170	5.434	4.248
170.1	5.435	4.25
170.2	5.436	4.252
170.3	5.438	4.254
170.4	5.44	4.256
170.5	5.441	4.257
170.6	5.442	4.257
170.7	5.442	4.257
170.8	5.441	4.257
170.9	5.441	4.257
171	5.44	4.258
171.1	5.44	4.259
171.2	5.439	4.26
171.3	5.439	4.26
171.4	5.439	4.26
171.5	5.437	4.26
171.6	5.436	4.259
171.7	5.434	4.258
171.8	5.434	4.256
171.9	5.433	4.255
172	5.433	4.253
172.1	5.434	4.252
172.2	5.435	4.252
172.3	5.435	4.253
172.4	5.435	4.253
172.5	5.435	4.254
172.6	5.435	4.254
172.7	5.434	4.254
172.8	5.434	4.253
172.9	5.434	4.254
173	5.434	4.254
173.1	5.433	4.255
173.2	5.433	4.255
173.3	5.433	4.256
173.4	5.434	4.256
173.5	5.434	4.256
173.6	5.434	4.257
173.7	5.431	4.26
173.8	5.424	4.268
173.9	5.417	4.279
174	5.414	4.287
174.1	5.413	4.292
174.2	5.414	4.294
174.3	5.415	4.293
174.4	5.417	4.291
174.5	5.42	4.287
174.6	5.422	4.281
174.7	5.424	4.274
174.8	5.429	4.263
174.9	5.44	4.247
175	5.459	4.227
175.1	5.48	4.202
175.2	5.5	4.177
175.3	5.518	4.155
175.4	5.537	4.137
175.5	5.554	4.123
175.6	5.569	4.114
175.7	5.582	4.107
175.8	5.593	4.1
175.9	5.603	4.091
176	5.612	4.084
176.1	5.618	4.077
176.2	5.624	4.074
176.3	5.631	4.074
176.4	5.639	4.079
176.5	5.645	4.085
176.6	5.648	4.091
176.7	5.649	4.095
176.8	5.648	4.097
176.9	5.648	4.097
177	5.648	4.096
177.1	5.648	4.095
177.2	5.646	4.095
177.3	5.644	4.095
177.4	5.642	4.094
177.5	5.639	4.095
177.6	5.636	4.096
177.7	5.632	4.097
177.8	5.63	4.098
177.9	5.628	4.099
178	5.628	4.099
178.1	5.628	4.1
178.2	5.627	4.1
178.3	5.626	4.099
178.4	5.625	4.099
178.5	5.625	4.099
178.6	5.624	4.099
178.7	5.624	4.1
178.8	5.624	4.1
178.9	5.625	4.101
179	5.626	4.103
179.1	5.627	4.104
179.2	5.628	4.105
179.3	5.629	4.105
179.4	5.629	4.106
179.5	5.63	4.106
179.6	5.63	4.107
179.7	5.631	4.108
179.8	5.63	4.109
179.9	5.63	4.111
180	5.629	4.111
180.1	5.629	4.112
180.2	5.628	4.112
180.3	5.628	4.112
180.4	5.627	4.112
180.5	5.627	4.112
180.6	5.626	4.111
180.7	5.625	4.111
180.8	5.624	4.111
180.9	5.622	4.112
181	5.621	4.113
181.1	5.62	4.115
181.2	5.617	4.111
181.3	5.616	4.112
181.4	5.616	4.114
181.5	5.616	4.114
181.6	5.616	4.115
181.7	5.615	4.115
181.8	5.615	4.115
181.9	5.614	4.114
182	5.613	4.112
182.1	5.612	4.111
182.2	5.612	4.111
182.3	5.612	4.11
182.4	5.611	4.11
182.5	5.611	4.109
182.6	5.611	4.109
182.7	5.611	4.108
182.8	5.611	4.107
182.9	5.61	4.107
183	5.609	4.107
183.1	5.609	4.107
183.2	5.608	4.107
183.3	5.608	4.107
183.4	5.606	4.106
183.5	5.605	4.107
183.6	5.604	4.108
183.7	5.603	4.109
183.8	5.602	4.11
183.9	5.601	4.111
184	5.601	4.111
184.1	5.601	4.11
184.2	5.601	4.109
184.3	5.602	4.107
184.4	5.602	4.104
184.5	5.602	4.102
184.6	5.601	4.101
184.7	5.6	4.101
184.8	5.6	4.1
184.9	5.599	4.1
185	5.598	4.1
185.1	5.597	4.1
185.2	5.597	4.099
185.3	5.596	4.099
185.4	5.596	4.099
185.5	5.596	4.099
185.6	5.596	4.099
185.7	5.596	4.098
185.8	5.595	4.098
185.9	5.595	4.097
186	5.595	4.097
186.1	5.595	4.098
186.2	5.595	4.098
186.3	5.595	4.098
186.4	5.595	4.099
186.5	5.596	4.101
186.6	5.596	4.103
186.7	5.596	4.106
186.8	5.595	4.111
186.9	5.594	4.113
187	5.592	4.114
187.1	5.589	4.117
187.2	5.585	4.121
187.3	5.581	4.125
187.4	5.576	4.13
187.5	5.571	4.135
187.6	5.564	4.141
187.7	5.558	4.148
187.8	5.55	4.154
187.9	5.543	4.156
188	5.536	4.156
188.1	5.531	4.153
188.2	5.527	4.151
188.3	5.523	4.149
188.4	5.52	4.149
188.5	5.517	4.15
188.6	5.514	4.153
188.7	5.513	4.154
188.8	5.512	4.156
188.9	5.511	4.156
189	5.51	4.156
189.1	5.509	4.155
189.2	5.507	4.154
189.3	5.506	4.152
189.4	5.504	4.15
189.5	5.502	4.148
189.6	5.501	4.147
189.7	5.5	4.145
189.8	5.499	4.143
189.9	5.499	4.141
190	5.498	4.14
190.1	5.498	4.139
190.2	5.498	4.138
190.3	5.498	4.138
190.4	5.498	4.138
190.5	5.498	4.138
190.6	5.499	4.138
190.7	5.499	4.137
190.8	5.5	4.137
190.9	5.5	4.137
191	5.499	4.138
191.1	5.498	4.139
191.2	5.497	4.141
191.3	5.495	4.143
191.4	5.494	4.146
191.5	5.492	4.15
191.6	5.491	4.154
191.7	5.491	4.158
191.8	5.492	4.161
191.9	5.493	4.164
192	5.494	4.166
192.1	5.495	4.167
192.2	5.496	4.167
192.3	5.497	4.168
192.4	5.498	4.17
192.5	5.498	4.173
192.6	5.499	4.176
192.7	5.499	4.178
192.8	5.499	4.181
192.9	5.499	4.182
193	5.5	4.182
193.1	5.501	4.181
193.2	5.502	4.18
193.3	5.503	4.178
193.4	5.504	4.177
193.5	5.504	4.177
193.6	5.504	4.176
193.7	5.504	4.177
193.8	5.503	4.177
193.9	5.502	4.177
194	5.501	4.177
194.1	5.501	4.177
194.2	5.5	4.177
194.3	5.5	4.177
194.4	5.5	4.178
194.5	5.5	4.18
194.6	5.5	4.181
194.7	5.5	4.182
194.8	5.5	4.183
194.9	5.5	4.184
195	5.501	4.185
195.1	5.501	4.186
195.2	5.502	4.186
195.3	5.503	4.187
195.4	5.504	4.187
195.5	5.505	4.187
195.6	5.505	4.186
195.7	5.506	4.186
195.8	5.506	4.185
195.9	5.506	4.184
196	5.506	4.183
196.1	5.506	4.182
196.2	5.506	4.181
196.3	5.506	4.18
196.4	5.507	4.179
196.5	5.507	4.178
196.6	5.507	4.177
196.7	5.507	4.177
196.8	5.508	4.176
196.9	5.508	4.175
197	5.508	4.173
197.1	5.508	4.172
197.2	5.507	4.173
197.3	5.506	4.173
197.4	5.506	4.173
197.5	5.505	4.173
197.6	5.505	4.174
197.7	5.505	4.175
197.8	5.506	4.176
197.9	5.505	4.18
198	5.505	4.186
198.1	5.506	4.193
198.2	5.507	4.197
198.3	5.509	4.2
198.4	5.512	4.202
198.5	5.513	4.203
198.6	5.515	4.204
