Time	Velocity
0	0
0.1	0.03
0.2	0.13
0.3	0.29
0.4	0.48
0.5	0.7
0.6	0.91
0.7	1.11
0.8	1.25
0.9	1.36
1	1.4
1.1	1.4
1.2	1.4
1.3	1.4
1.4	1.39
1.5	1.32
1.6	1.19
1.7	1.01
1.8	0.8
1.9	0.58
2	0.37
2.1	0.2
2.2	0.07
2.3	0.01
0	0
0.1	-0.03
0.2	-0.13
0.3	-0.29
0.4	-0.52
0.5	-0.72
0.6	-0.98
0.7	-1.19
0.8	-1.36
0.9	-1.46
1	-1.5
1.1	-1.5
1.2	-1.5
1.3	-1.44
1.4	-1.31
1.5	-1.13
1.6	-0.91
1.7	-0.67
1.8	-0.45
1.9	-0.25
0	0
0.1	-0.03
0.2	-0.15
0.3	-0.33
0.4	-0.56
0.5	-0.82
0.6	-1.09
0.7	-1.35
0.8	-1.52
0.9	-1.66
1	-1.7
1.1	-1.68
1.2	-1.6
1.3	-1.42
1.4	-1.2
1.5	-0.94
1.6	-0.67
1.7	-0.43
0	0
0.1	-0.04
0.2	-0.16
0.3	-0.39
0.4	-0.62
0.5	-0.94
0.6	-1.22
0.7	-1.47
0.8	-1.66
0.9	-1.77
1	-1.8
1.1	-1.73
1.2	-1.6
1.3	-1.36
1.4	-1.09
1.5	-0.8
1.6	-0.52
0	0
0.1	-0.04
0.2	-0.16
0.3	-0.39
0.4	-0.65
0.5	-0.94
0.6	-1.22
0.7	-1.47
0.8	-1.66
0.9	-1.77
1	-1.8
1.1	-1.73
1.2	-1.58
1.3	-1.36
1.4	-1.09
1.5	-0.8
1.6	-0.52
1.7	-0.28
1.8	-0.11
1.9	-0.01
