Time	X	Z
0	7.353	2.34
0.1	7.353	2.34
0.2	7.353	2.34
0.3	7.352	2.339
0.4	7.352	2.339
0.5	7.353	2.34
0.6	7.352	2.34
0.7	7.352	2.339
0.8	7.353	2.34
0.9	7.354	2.34
1	7.354	2.34
1.1	7.354	2.34
1.2	7.354	2.34
1.3	7.354	2.34
1.4	7.354	2.34
1.5	7.354	2.34
1.6	7.354	2.34
1.7	7.354	2.34
1.8	7.355	2.34
1.9	7.356	2.34
2	7.356	2.34
2.1	7.355	2.34
2.2	7.356	2.34
2.3	7.355	2.34
2.4	7.355	2.34
2.5	7.355	2.34
2.6	7.355	2.34
2.7	7.356	2.34
2.8	7.356	2.34
2.9	7.356	2.34
3	7.356	2.34
3.1	7.356	2.34
3.2	7.355	2.34
3.3	7.355	2.34
3.4	7.354	2.34
3.5	7.354	2.34
3.6	7.354	2.34
3.7	7.354	2.34
3.8	7.353	2.34
3.9	7.354	2.34
4	7.354	2.34
4.1	7.353	2.34
4.2	7.353	2.34
4.3	7.353	2.34
4.4	7.354	2.34
4.5	7.354	2.34
4.6	7.355	2.34
4.7	7.356	2.34
4.8	7.355	2.34
4.9	7.355	2.34
5	7.355	2.34
5.1	7.355	2.34
5.2	7.355	2.34
5.3	7.356	2.34
5.4	7.356	2.34
5.5	7.356	2.34
5.6	7.355	2.34
5.7	7.355	2.34
5.8	7.355	2.34
5.9	7.355	2.34
6	7.354	2.34
6.1	7.353	2.34
6.2	7.354	2.34
6.3	7.353	2.34
6.4	7.353	2.339
6.5	7.352	2.339
6.6	7.353	2.34
6.7	7.351	2.339
6.8	7.351	2.339
6.9	7.352	2.339
7	7.352	2.339
7.1	7.351	2.339
7.2	7.352	2.339
7.3	7.352	2.339
7.4	7.352	2.34
7.5	7.354	2.34
7.6	7.354	2.34
7.7	7.355	2.34
7.8	7.353	2.34
7.9	7.354	2.34
8	7.354	2.34
8.1	7.352	2.339
8.2	7.353	2.34
8.3	7.353	2.34
8.4	7.352	2.34
8.5	7.353	2.34
8.6	7.353	2.34
8.7	7.353	2.34
8.8	7.353	2.34
8.9	7.354	2.34
9	7.354	2.34
9.1	7.354	2.34
9.2	7.353	2.34
9.3	7.352	2.34
9.4	7.352	2.34
9.5	7.352	2.339
9.6	7.353	2.34
9.7	7.354	2.34
9.8	7.354	2.34
9.9	7.355	2.34
10	7.356	2.34
10.1	7.356	2.34
10.2	7.356	2.341
10.3	7.358	2.341
10.4	7.357	2.341
10.5	7.357	2.341
10.6	7.356	2.341
10.7	7.357	2.341
10.8	7.357	2.341
10.9	7.356	2.34
11	7.357	2.341
11.1	7.358	2.341
11.2	7.358	2.341
11.3	7.356	2.341
11.4	7.356	2.34
11.5	7.355	2.34
11.6	7.355	2.34
11.7	7.355	2.34
11.8	7.354	2.34
11.9	7.353	2.34
12	7.352	2.34
12.1	7.353	2.34
12.2	7.353	2.34
12.3	7.353	2.34
12.4	7.352	2.339
12.5	7.353	2.34
12.6	7.354	2.34
12.7	7.355	2.34
12.8	7.354	2.34
12.9	7.355	2.34
13	7.354	2.34
13.1	7.353	2.34
13.2	7.353	2.34
13.3	7.353	2.34
13.4	7.354	2.34
13.5	7.354	2.34
13.6	7.354	2.34
13.7	7.353	2.34
13.8	7.352	2.34
13.9	7.353	2.34
14	7.353	2.34
14.1	7.352	2.34
14.2	7.352	2.34
14.3	7.352	2.34
14.4	7.352	2.339
14.5	7.352	2.339
14.6	7.352	2.339
14.7	7.352	2.34
14.8	7.352	2.339
14.9	7.352	2.34
15	7.352	2.339
15.1	7.352	2.339
15.2	7.352	2.34
15.3	7.352	2.339
15.4	7.353	2.34
15.5	7.353	2.34
15.6	7.353	2.34
15.7	7.354	2.34
15.8	7.354	2.34
15.9	7.354	2.34
16	7.354	2.34
16.1	7.354	2.34
16.2	7.354	2.34
16.3	7.353	2.34
16.4	7.352	2.339
16.5	7.352	2.339
16.6	7.351	2.339
16.7	7.351	2.339
16.8	7.351	2.339
16.9	7.351	2.339
17	7.35	2.339
17.1	7.351	2.339
17.2	7.35	2.339
17.3	7.349	2.339
17.4	7.349	2.339
17.5	7.351	2.339
17.6	7.351	2.339
17.7	7.351	2.339
17.8	7.351	2.339
17.9	7.352	2.34
18	7.353	2.34
18.1	7.353	2.34
18.2	7.353	2.34
18.3	7.353	2.34
18.4	7.354	2.34
18.5	7.354	2.34
18.6	7.353	2.34
18.7	7.353	2.34
18.8	7.353	2.34
18.9	7.353	2.34
19	7.354	2.34
19.1	7.355	2.34
19.2	7.354	2.34
19.3	7.353	2.34
19.4	7.353	2.34
19.5	7.353	2.34
19.6	7.354	2.34
19.7	7.353	2.34
19.8	7.354	2.34
19.9	7.354	2.34
20	7.354	2.34
20.1	7.354	2.34
20.2	7.353	2.34
20.3	7.353	2.34
20.4	7.353	2.34
20.5	7.354	2.34
20.6	7.353	2.34
20.7	7.353	2.34
20.8	7.352	2.339
20.9	7.351	2.339
21	7.351	2.339
21.1	7.351	2.339
21.2	7.351	2.339
21.3	7.351	2.339
21.4	7.353	2.34
21.5	7.352	2.34
21.6	7.353	2.34
21.7	7.353	2.34
21.8	7.352	2.339
21.9	7.352	2.339
22	7.352	2.339
22.1	7.353	2.34
22.2	7.352	2.339
22.3	7.353	2.34
22.4	7.353	2.34
22.5	7.354	2.34
22.6	7.353	2.34
22.7	7.354	2.34
22.8	7.354	2.34
22.9	7.353	2.34
23	7.354	2.34
23.1	7.352	2.339
23.2	7.352	2.34
23.3	7.353	2.34
23.4	7.353	2.34
23.5	7.354	2.34
23.6	7.353	2.34
23.7	7.353	2.34
23.8	7.353	2.34
23.9	7.352	2.339
24	7.353	2.34
24.1	7.354	2.34
24.2	7.354	2.34
24.3	7.354	2.34
24.4	7.355	2.34
24.5	7.355	2.34
24.6	7.354	2.34
24.7	7.354	2.34
24.8	7.354	2.34
24.9	7.354	2.34
25	7.355	2.34
25.1	7.355	2.34
25.2	7.354	2.34
25.3	7.355	2.34
25.4	7.355	2.34
25.5	7.356	2.341
25.6	7.356	2.341
25.7	7.356	2.34
25.8	7.355	2.34
25.9	7.356	2.34
26	7.355	2.34
26.1	7.355	2.34
26.2	7.354	2.34
26.3	7.355	2.34
26.4	7.355	2.34
26.5	7.356	2.34
26.6	7.356	2.34
26.7	7.355	2.34
26.8	7.355	2.34
26.9	7.355	2.34
27	7.354	2.34
27.1	7.355	2.34
27.2	7.355	2.34
27.3	7.355	2.34
27.4	7.354	2.34
27.5	7.354	2.34
27.6	7.354	2.34
27.7	7.355	2.34
27.8	7.356	2.341
27.9	7.354	2.34
28	7.353	2.34
28.1	7.352	2.339
28.2	7.353	2.34
28.3	7.352	2.34
28.4	7.352	2.34
28.5	7.352	2.339
28.6	7.353	2.34
28.7	7.353	2.34
28.8	7.352	2.339
28.9	7.351	2.339
29	7.351	2.339
29.1	7.351	2.339
29.2	7.35	2.339
29.3	7.35	2.339
29.4	7.35	2.339
29.5	7.35	2.339
29.6	7.349	2.339
29.7	7.348	2.339
29.8	7.349	2.339
29.9	7.349	2.339
30	7.349	2.339
30.1	7.351	2.339
30.2	7.351	2.339
30.3	7.352	2.339
30.4	7.351	2.339
30.5	7.351	2.339
30.6	7.351	2.339
30.7	7.352	2.339
30.8	7.353	2.34
30.9	7.354	2.34
31	7.354	2.34
31.1	7.354	2.34
31.2	7.353	2.34
31.3	7.354	2.34
31.4	7.354	2.34
31.5	7.354	2.34
31.6	7.353	2.34
31.7	7.353	2.34
31.8	7.352	2.339
31.9	7.352	2.339
32	7.352	2.339
32.1	7.351	2.339
32.2	7.351	2.339
32.3	7.351	2.339
32.4	7.352	2.339
32.5	7.353	2.34
32.6	7.353	2.34
32.7	7.353	2.34
32.8	7.355	2.34
32.9	7.356	2.34
33	7.356	2.341
33.1	7.357	2.341
33.2	7.357	2.341
33.3	7.356	2.341
33.4	7.357	2.341
33.5	7.358	2.341
33.6	7.357	2.341
33.7	7.357	2.341
33.8	7.356	2.341
33.9	7.356	2.34
34	7.356	2.34
34.1	7.354	2.34
34.2	7.353	2.34
34.3	7.353	2.34
34.4	7.353	2.34
34.5	7.353	2.34
34.6	7.354	2.34
34.7	7.353	2.34
34.8	7.353	2.34
34.9	7.352	2.34
35	7.353	2.34
35.1	7.353	2.34
35.2	7.353	2.34
35.3	7.352	2.34
35.4	7.353	2.34
35.5	7.353	2.34
35.6	7.354	2.34
35.7	7.353	2.34
35.8	7.353	2.34
35.9	7.354	2.34
36	7.354	2.34
36.1	7.354	2.34
36.2	7.354	2.34
36.3	7.354	2.34
36.4	7.354	2.34
36.5	7.354	2.34
36.6	7.355	2.34
36.7	7.354	2.34
36.8	7.355	2.34
36.9	7.354	2.34
37	7.355	2.34
37.1	7.354	2.34
37.2	7.353	2.34
37.3	7.354	2.34
37.4	7.355	2.34
37.5	7.354	2.34
37.6	7.353	2.34
37.7	7.352	2.34
37.8	7.352	2.339
37.9	7.352	2.339
38	7.353	2.34
38.1	7.352	2.339
38.2	7.352	2.339
38.3	7.353	2.34
38.4	7.351	2.339
38.5	7.351	2.339
38.6	7.351	2.339
38.7	7.352	2.339
38.8	7.351	2.339
38.9	7.352	2.339
39	7.352	2.339
39.1	7.353	2.34
39.2	7.353	2.34
39.3	7.352	2.339
39.4	7.353	2.34
39.5	7.353	2.34
39.6	7.353	2.34
39.7	7.353	2.34
39.8	7.353	2.34
39.9	7.353	2.34
40	7.354	2.34
40.1	7.354	2.34
40.2	7.355	2.34
40.3	7.354	2.34
40.4	7.354	2.34
40.5	7.355	2.34
40.6	7.354	2.34
40.7	7.354	2.34
40.8	7.353	2.34
40.9	7.354	2.34
41	7.353	2.34
41.1	7.353	2.34
41.2	7.353	2.34
41.3	7.354	2.34
41.4	7.354	2.34
41.5	7.354	2.34
41.6	7.355	2.34
41.7	7.354	2.34
41.8	7.355	2.34
41.9	7.355	2.34
42	7.355	2.34
42.1	7.355	2.34
42.2	7.355	2.34
42.3	7.356	2.341
42.4	7.355	2.34
42.5	7.355	2.34
42.6	7.355	2.34
42.7	7.354	2.34
42.8	7.354	2.34
42.9	7.354	2.34
43	7.353	2.34
43.1	7.354	2.34
43.2	7.354	2.34
43.3	7.354	2.34
43.4	7.354	2.34
43.5	7.354	2.34
43.6	7.355	2.34
43.7	7.354	2.34
43.8	7.354	2.34
43.9	7.354	2.34
44	7.354	2.34
44.1	7.354	2.34
44.2	7.355	2.34
44.3	7.355	2.34
44.4	7.354	2.34
44.5	7.354	2.34
44.6	7.354	2.34
44.7	7.354	2.34
44.8	7.354	2.34
44.9	7.354	2.34
45	7.355	2.34
45.1	7.354	2.34
45.2	7.354	2.34
45.3	7.354	2.34
45.4	7.353	2.34
45.5	7.353	2.34
45.6	7.353	2.34
45.7	7.353	2.34
45.8	7.353	2.34
45.9	7.354	2.34
46	7.354	2.34
46.1	7.354	2.34
46.2	7.353	2.34
46.3	7.352	2.34
46.4	7.352	2.34
46.5	7.352	2.339
46.6	7.352	2.339
46.7	7.352	2.339
46.8	7.352	2.339
46.9	7.351	2.339
47	7.35	2.339
47.1	7.351	2.339
47.2	7.351	2.339
47.3	7.35	2.339
47.4	7.35	2.339
47.5	7.35	2.339
47.6	7.352	2.339
47.7	7.352	2.339
47.8	7.352	2.339
47.9	7.352	2.339
48	7.352	2.34
48.1	7.351	2.339
48.2	7.351	2.339
48.3	7.351	2.339
48.4	7.352	2.339
48.5	7.352	2.34
48.6	7.352	2.34
48.7	7.353	2.339
48.8	7.353	2.34
48.9	7.353	2.34
49	7.355	2.34
49.1	7.354	2.34
49.2	7.354	2.34
49.3	7.354	2.34
49.4	7.354	2.34
49.5	7.353	2.34
49.6	7.354	2.34
49.7	7.355	2.34
49.8	7.355	2.34
49.9	7.355	2.34
50	7.355	2.34
50.1	7.355	2.34
50.2	7.354	2.34
50.3	7.354	2.34
50.4	7.354	2.34
50.5	7.355	2.34
50.6	7.356	2.341
50.7	7.355	2.34
50.8	7.355	2.34
50.9	7.354	2.34
51	7.355	2.34
51.1	7.354	2.34
51.2	7.353	2.34
51.3	7.354	2.34
51.4	7.353	2.34
51.5	7.353	2.34
51.6	7.353	2.34
51.7	7.353	2.34
51.8	7.353	2.34
51.9	7.352	2.339
52	7.352	2.339
52.1	7.352	2.339
52.2	7.352	2.339
52.3	7.352	2.339
52.4	7.351	2.339
52.5	7.351	2.339
52.6	7.352	2.339
52.7	7.353	2.34
52.8	7.353	2.34
52.9	7.354	2.34
53	7.354	2.34
53.1	7.354	2.34
53.2	7.354	2.34
53.3	7.355	2.34
53.4	7.355	2.34
53.5	7.356	2.34
53.6	7.356	2.34
53.7	7.357	2.341
53.8	7.358	2.341
53.9	7.357	2.341
54	7.357	2.341
54.1	7.357	2.341
54.2	7.356	2.341
54.3	7.355	2.34
54.4	7.355	2.34
54.5	7.355	2.34
54.6	7.356	2.34
54.7	7.356	2.341
54.8	7.357	2.341
54.9	7.357	2.341
55	7.357	2.341
55.1	7.356	2.341
55.2	7.355	2.34
55.3	7.356	2.34
55.4	7.355	2.34
55.5	7.355	2.34
55.6	7.355	2.34
55.7	7.355	2.34
55.8	7.355	2.34
55.9	7.356	2.34
56	7.356	2.34
56.1	7.355	2.34
56.2	7.354	2.34
56.3	7.355	2.34
56.4	7.354	2.34
56.5	7.355	2.34
56.6	7.355	2.34
56.7	7.356	2.34
56.8	7.354	2.34
56.9	7.354	2.34
57	7.353	2.34
57.1	7.354	2.34
57.2	7.354	2.34
57.3	7.353	2.34
57.4	7.354	2.34
57.5	7.353	2.34
57.6	7.353	2.34
57.7	7.353	2.34
57.8	7.355	2.34
57.9	7.354	2.34
58	7.354	2.34
58.1	7.353	2.34
58.2	7.353	2.34
58.3	7.352	2.339
58.4	7.352	2.339
58.5	7.351	2.339
58.6	7.351	2.339
58.7	7.352	2.339
58.8	7.352	2.339
58.9	7.351	2.339
59	7.351	2.339
59.1	7.352	2.339
59.2	7.352	2.339
59.3	7.352	2.339
59.4	7.351	2.339
59.5	7.352	2.339
59.6	7.353	2.34
59.7	7.353	2.34
59.8	7.352	2.34
59.9	7.352	2.34
60	7.353	2.34
60.1	7.353	2.34
60.2	7.353	2.34
60.3	7.352	2.34
60.4	7.353	2.34
60.5	7.353	2.34
60.6	7.353	2.34
60.7	7.353	2.34
60.8	7.354	2.34
60.9	7.353	2.34
61	7.352	2.34
61.1	7.352	2.339
61.2	7.35	2.339
61.3	7.35	2.339
61.4	7.35	2.339
61.5	7.35	2.339
61.6	7.35	2.339
61.7	7.35	2.339
61.8	7.35	2.339
61.9	7.35	2.339
62	7.349	2.339
62.1	7.35	2.339
62.2	7.351	2.339
62.3	7.351	2.339
62.4	7.351	2.339
62.5	7.351	2.339
62.6	7.351	2.339
62.7	7.352	2.339
62.8	7.352	2.339
62.9	7.352	2.339
63	7.351	2.339
63.1	7.352	2.339
63.2	7.352	2.339
63.3	7.353	2.34
63.4	7.354	2.34
63.5	7.354	2.34
63.6	7.355	2.34
63.7	7.356	2.34
63.8	7.354	2.34
63.9	7.354	2.34
64	7.353	2.34
64.1	7.353	2.34
64.2	7.353	2.34
64.3	7.353	2.34
64.4	7.352	2.339
64.5	7.352	2.34
64.6	7.353	2.34
64.7	7.353	2.34
64.8	7.353	2.34
64.9	7.353	2.34
65	7.354	2.34
65.1	7.354	2.34
65.2	7.355	2.34
65.3	7.356	2.34
65.4	7.356	2.34
65.5	7.355	2.34
65.6	7.355	2.34
65.7	7.355	2.34
65.8	7.354	2.34
65.9	7.355	2.34
66	7.354	2.34
66.1	7.355	2.34
66.2	7.355	2.34
66.3	7.355	2.34
66.4	7.355	2.34
66.5	7.354	2.34
66.6	7.354	2.34
66.7	7.355	2.34
66.8	7.355	2.34
66.9	7.354	2.34
67	7.354	2.34
67.1	7.355	2.34
67.2	7.356	2.341
67.3	7.355	2.34
67.4	7.356	2.34
67.5	7.355	2.34
67.6	7.355	2.34
67.7	7.355	2.34
67.8	7.355	2.34
67.9	7.355	2.34
68	7.355	2.34
68.1	7.355	2.34
68.2	7.354	2.34
68.3	7.354	2.34
68.4	7.352	2.34
68.5	7.352	2.339
68.6	7.351	2.339
68.7	7.352	2.339
68.8	7.352	2.34
68.9	7.352	2.339
69	7.351	2.339
69.1	7.352	2.339
69.2	7.351	2.339
69.3	7.351	2.339
69.4	7.35	2.339
69.5	7.35	2.339
69.6	7.35	2.339
69.7	7.35	2.339
69.8	7.35	2.339
69.9	7.351	2.339
70	7.351	2.339
70.1	7.352	2.339
70.2	7.352	2.34
70.3	7.353	2.34
70.4	7.354	2.34
70.5	7.353	2.34
70.6	7.353	2.34
70.7	7.353	2.34
70.8	7.353	2.34
70.9	7.353	2.34
71	7.354	2.34
71.1	7.354	2.34
71.2	7.354	2.34
71.3	7.355	2.34
71.4	7.355	2.34
71.5	7.355	2.34
71.6	7.355	2.34
71.7	7.354	2.34
71.8	7.354	2.34
71.9	7.353	2.34
72	7.353	2.34
72.1	7.353	2.34
72.2	7.353	2.34
72.3	7.353	2.34
72.4	7.354	2.34
72.5	7.353	2.34
72.6	7.352	2.339
72.7	7.352	2.339
72.8	7.351	2.339
72.9	7.352	2.339
73	7.351	2.339
73.1	7.35	2.339
73.2	7.35	2.339
73.3	7.351	2.339
73.4	7.351	2.339
73.5	7.351	2.339
73.6	7.352	2.339
73.7	7.353	2.34
73.8	7.353	2.34
73.9	7.353	2.34
74	7.353	2.34
74.1	7.353	2.34
74.2	7.354	2.34
74.3	7.353	2.34
74.4	7.353	2.34
74.5	7.353	2.34
74.6	7.353	2.34
74.7	7.353	2.34
74.8	7.353	2.34
74.9	7.352	2.34
75	7.353	2.34
75.1	7.352	2.34
75.2	7.353	2.34
75.3	7.353	2.34
75.4	7.353	2.34
75.5	7.353	2.34
75.6	7.353	2.34
75.7	7.352	2.34
75.8	7.352	2.339
75.9	7.353	2.34
76	7.353	2.34
76.1	7.352	2.34
76.2	7.353	2.34
76.3	7.353	2.34
76.4	7.354	2.34
76.5	7.354	2.34
76.6	7.353	2.34
76.7	7.353	2.34
76.8	7.353	2.34
76.9	7.354	2.34
77	7.354	2.34
77.1	7.355	2.34
77.2	7.355	2.34
77.3	7.356	2.34
77.4	7.355	2.34
77.5	7.354	2.34
77.6	7.354	2.34
77.7	7.353	2.34
77.8	7.353	2.34
77.9	7.352	2.339
78	7.352	2.339
78.1	7.353	2.34
78.2	7.353	2.34
78.3	7.353	2.34
78.4	7.354	2.34
78.5	7.353	2.34
78.6	7.354	2.34
78.7	7.353	2.34
78.8	7.354	2.34
78.9	7.354	2.34
79	7.354	2.34
79.1	7.355	2.34
79.2	7.355	2.34
79.3	7.354	2.34
79.4	7.355	2.34
79.5	7.354	2.34
79.6	7.354	2.34
79.7	7.354	2.34
79.8	7.354	2.34
79.9	7.354	2.34
80	7.354	2.34
80.1	7.355	2.34
80.2	7.354	2.34
80.3	7.355	2.34
80.4	7.356	2.34
80.5	7.355	2.34
80.6	7.355	2.34
80.7	7.355	2.34
80.8	7.355	2.34
80.9	7.355	2.34
81	7.354	2.34
81.1	7.354	2.34
81.2	7.354	2.34
81.3	7.353	2.34
81.4	7.353	2.34
81.5	7.353	2.34
81.6	7.352	2.339
81.7	7.353	2.34
81.8	7.352	2.34
81.9	7.352	2.34
82	7.352	2.34
82.1	7.352	2.339
82.2	7.352	2.339
82.3	7.351	2.339
82.4	7.352	2.339
82.5	7.351	2.339
82.6	7.352	2.339
82.7	7.353	2.34
82.8	7.353	2.34
82.9	7.354	2.34
83	7.355	2.34
83.1	7.354	2.34
83.2	7.353	2.34
83.3	7.354	2.34
83.4	7.354	2.34
83.5	7.354	2.34
83.6	7.354	2.34
83.7	7.354	2.34
83.8	7.354	2.34
83.9	7.355	2.34
84	7.355	2.34
84.1	7.355	2.34
84.2	7.355	2.34
84.3	7.354	2.34
84.4	7.353	2.34
84.5	7.353	2.34
84.6	7.354	2.34
84.7	7.353	2.34
84.8	7.354	2.34
84.9	7.354	2.34
85	7.354	2.34
85.1	7.354	2.34
85.2	7.354	2.34
85.3	7.354	2.34
85.4	7.356	2.34
85.5	7.356	2.34
85.6	7.357	2.341
85.7	7.357	2.341
85.8	7.357	2.341
85.9	7.357	2.341
86	7.357	2.341
86.1	7.358	2.341
86.2	7.358	2.341
86.3	7.358	2.341
86.4	7.357	2.341
86.5	7.355	2.34
86.6	7.355	2.34
86.7	7.355	2.34
86.8	7.356	2.34
86.9	7.355	2.34
87	7.354	2.34
87.1	7.353	2.34
87.2	7.353	2.34
87.3	7.353	2.34
87.4	7.352	2.34
87.5	7.352	2.34
87.6	7.352	2.339
87.7	7.351	2.339
87.8	7.353	2.34
87.9	7.353	2.339
88	7.352	2.339
88.1	7.352	2.339
88.2	7.351	2.339
88.3	7.35	2.339
88.4	7.351	2.339
88.5	7.352	2.339
88.6	7.352	2.339
88.7	7.352	2.34
88.8	7.353	2.34
88.9	7.353	2.34
89	7.352	2.34
89.1	7.353	2.34
89.2	7.353	2.34
89.3	7.353	2.34
89.4	7.353	2.34
89.5	7.354	2.34
89.6	7.354	2.34
89.7	7.353	2.34
89.8	7.352	2.339
89.9	7.353	2.34
90	7.353	2.34
90.1	7.352	2.34
90.2	7.351	2.339
90.3	7.35	2.339
90.4	7.351	2.339
90.5	7.351	2.339
90.6	7.35	2.339
90.7	7.35	2.339
90.8	7.35	2.339
90.9	7.349	2.339
91	7.349	2.339
91.1	7.349	2.339
91.2	7.35	2.339
91.3	7.35	2.339
91.4	7.35	2.339
91.5	7.35	2.339
91.6	7.351	2.339
91.7	7.352	2.339
91.8	7.352	2.339
91.9	7.35	2.339
92	7.35	2.339
92.1	7.35	2.339
92.2	7.351	2.339
92.3	7.35	2.339
92.4	7.35	2.339
92.5	7.35	2.339
92.6	7.35	2.339
92.7	7.351	2.339
92.8	7.352	2.339
92.9	7.351	2.339
93	7.352	2.339
93.1	7.352	2.339
93.2	7.352	2.339
93.3	7.352	2.34
93.4	7.353	2.34
93.5	7.353	2.34
93.6	7.353	2.34
93.7	7.354	2.34
93.8	7.354	2.34
93.9	7.354	2.34
94	7.354	2.34
94.1	7.354	2.34
94.2	7.355	2.34
94.3	7.355	2.34
94.4	7.356	2.34
94.5	7.355	2.34
94.6	7.355	2.34
94.7	7.355	2.34
94.8	7.354	2.34
94.9	7.354	2.34
95	7.354	2.34
95.1	7.355	2.34
95.2	7.353	2.34
95.3	7.353	2.34
95.4	7.354	2.34
95.5	7.353	2.34
95.6	7.353	2.34
95.7	7.352	2.34
95.8	7.352	2.34
95.9	7.352	2.339
96	7.352	2.339
96.1	7.353	2.34
96.2	7.351	2.339
96.3	7.352	2.339
96.4	7.352	2.34
96.5	7.352	2.339
96.6	7.352	2.34
96.7	7.353	2.34
96.8	7.352	2.339
96.9	7.353	2.34
97	7.354	2.34
97.1	7.354	2.34
97.2	7.354	2.34
97.3	7.355	2.34
97.4	7.354	2.34
97.5	7.355	2.34
97.6	7.355	2.34
97.7	7.354	2.34
97.8	7.355	2.34
97.9	7.355	2.34
98	7.354	2.34
98.1	7.354	2.34
98.2	7.354	2.34
98.3	7.354	2.34
98.4	7.353	2.34
98.5	7.352	2.339
98.6	7.353	2.34
98.7	7.353	2.34
98.8	7.352	2.339
98.9	7.351	2.339
99	7.35	2.339
99.1	7.35	2.339
99.2	7.349	2.339
99.3	7.35	2.339
99.4	7.35	2.339
99.5	7.351	2.339
99.6	7.351	2.339
99.7	7.35	2.339
99.8	7.35	2.339
99.9	7.35	2.339
100	7.35	2.339
100.1	7.349	2.339
100.2	7.35	2.339
100.3	7.351	2.339
100.4	7.351	2.339
100.5	7.351	2.339
100.6	7.35	2.339
100.7	7.351	2.339
100.8	7.351	2.339
100.9	7.351	2.339
101	7.352	2.339
101.1	7.351	2.339
101.2	7.352	2.339
101.3	7.352	2.339
101.4	7.353	2.34
101.5	7.353	2.34
101.6	7.354	2.34
101.7	7.353	2.34
101.8	7.353	2.34
101.9	7.353	2.34
102	7.354	2.34
102.1	7.354	2.34
102.2	7.354	2.34
102.3	7.353	2.34
102.4	7.354	2.34
102.5	7.355	2.34
102.6	7.355	2.34
102.7	7.356	2.341
102.8	7.357	2.341
102.9	7.358	2.341
103	7.358	2.341
103.1	7.358	2.341
103.2	7.358	2.341
103.3	7.359	2.341
103.4	7.359	2.341
103.5	7.358	2.341
103.6	7.357	2.341
103.7	7.357	2.341
103.8	7.358	2.341
103.9	7.356	2.341
104	7.355	2.34
104.1	7.355	2.34
104.2	7.355	2.34
104.3	7.355	2.34
104.4	7.355	2.34
104.5	7.355	2.34
104.6	7.356	2.34
104.7	7.356	2.34
104.8	7.356	2.34
104.9	7.357	2.341
105	7.355	2.34
105.1	7.356	2.34
105.2	7.356	2.34
105.3	7.356	2.34
105.4	7.356	2.34
105.5	7.355	2.34
105.6	7.355	2.34
105.7	7.354	2.34
105.8	7.354	2.34
105.9	7.354	2.34
106	7.354	2.34
106.1	7.355	2.34
106.2	7.355	2.34
106.3	7.355	2.34
106.4	7.355	2.34
106.5	7.354	2.34
106.6	7.355	2.34
106.7	7.355	2.34
106.8	7.354	2.34
106.9	7.354	2.34
107	7.354	2.34
107.1	7.353	2.34
107.2	7.353	2.34
107.3	7.353	2.34
107.4	7.354	2.34
107.5	7.354	2.34
107.6	7.353	2.34
107.7	7.352	2.34
107.8	7.352	2.339
107.9	7.351	2.339
108	7.352	2.339
108.1	7.352	2.339
108.2	7.352	2.339
108.3	7.352	2.339
108.4	7.352	2.339
108.5	7.352	2.339
108.6	7.352	2.339
108.7	7.352	2.339
108.8	7.352	2.339
108.9	7.353	2.34
109	7.355	2.34
109.1	7.357	2.341
109.2	7.357	2.341
109.3	7.356	2.34
109.4	7.356	2.34
109.5	7.355	2.34
109.6	7.356	2.34
109.7	7.357	2.341
109.8	7.356	2.34
109.9	7.356	2.341
110	7.356	2.34
110.1	7.355	2.34
110.2	7.356	2.34
110.3	7.355	2.34
110.4	7.355	2.34
110.5	7.354	2.34
110.6	7.354	2.34
110.7	7.354	2.34
110.8	7.354	2.34
110.9	7.355	2.34
111	7.354	2.34
111.1	7.354	2.34
111.2	7.354	2.34
111.3	7.354	2.34
111.4	7.353	2.34
111.5	7.353	2.34
111.6	7.353	2.34
111.7	7.353	2.34
111.8	7.353	2.34
111.9	7.353	2.34
112	7.353	2.34
112.1	7.353	2.34
112.2	7.352	2.339
112.3	7.353	2.34
112.4	7.353	2.34
112.5	7.353	2.34
112.6	7.353	2.34
112.7	7.352	2.34
112.8	7.351	2.339
112.9	7.351	2.339
113	7.352	2.339
113.1	7.352	2.339
113.2	7.351	2.339
113.3	7.351	2.339
113.4	7.351	2.339
113.5	7.351	2.339
113.6	7.351	2.339
113.7	7.351	2.339
113.8	7.351	2.339
113.9	7.352	2.339
114	7.353	2.34
114.1	7.353	2.34
114.2	7.352	2.34
114.3	7.352	2.339
114.4	7.352	2.339
114.5	7.352	2.34
114.6	7.352	2.339
114.7	7.353	2.34
114.8	7.353	2.34
114.9	7.353	2.34
115	7.354	2.34
115.1	7.354	2.34
115.2	7.354	2.34
115.3	7.354	2.34
115.4	7.355	2.34
115.5	7.355	2.34
115.6	7.353	2.34
115.7	7.354	2.34
115.8	7.354	2.34
115.9	7.353	2.34
116	7.353	2.34
116.1	7.353	2.34
116.2	7.354	2.34
116.3	7.353	2.34
116.4	7.352	2.339
116.5	7.35	2.339
116.6	7.35	2.339
116.7	7.35	2.339
116.8	7.35	2.339
116.9	7.35	2.339
117	7.351	2.339
117.1	7.351	2.339
117.2	7.35	2.339
117.3	7.35	2.339
117.4	7.351	2.339
117.5	7.351	2.339
117.6	7.352	2.339
117.7	7.352	2.339
117.8	7.353	2.34
117.9	7.353	2.34
118	7.353	2.34
118.1	7.353	2.34
118.2	7.353	2.34
118.3	7.353	2.34
118.4	7.354	2.34
118.5	7.354	2.34
118.6	7.353	2.34
118.7	7.353	2.34
118.8	7.353	2.34
118.9	7.353	2.34
119	7.354	2.34
119.1	7.353	2.34
119.2	7.353	2.34
119.3	7.353	2.34
119.4	7.354	2.34
119.5	7.354	2.34
119.6	7.353	2.34
119.7	7.354	2.34
119.8	7.354	2.34
119.9	7.354	2.34
120	7.355	2.34
120.1	7.354	2.34
120.2	7.354	2.34
120.3	7.355	2.34
120.4	7.355	2.34
120.5	7.356	2.34
120.6	7.357	2.341
120.7	7.357	2.341
120.8	7.357	2.341
120.9	7.357	2.341
121	7.358	2.341
121.1	7.358	2.341
121.2	7.358	2.341
121.3	7.358	2.341
121.4	7.359	2.341
121.5	7.359	2.341
121.6	7.358	2.341
121.7	7.358	2.341
121.8	7.358	2.341
121.9	7.358	2.341
122	7.356	2.34
122.1	7.356	2.34
122.2	7.356	2.34
122.3	7.354	2.34
122.4	7.355	2.34
122.5	7.354	2.34
122.6	7.353	2.34
122.7	7.354	2.34
122.8	7.353	2.34
122.9	7.353	2.34
123	7.353	2.34
123.1	7.353	2.34
123.2	7.355	2.34
123.3	7.355	2.34
123.4	7.354	2.34
123.5	7.354	2.34
123.6	7.354	2.34
123.7	7.354	2.34
123.8	7.354	2.34
123.9	7.354	2.34
124	7.355	2.34
124.1	7.356	2.34
124.2	7.356	2.34
124.3	7.355	2.34
124.4	7.354	2.34
124.5	7.354	2.34
124.6	7.354	2.34
124.7	7.354	2.34
124.8	7.354	2.34
124.9	7.355	2.34
125	7.355	2.34
125.1	7.355	2.34
125.2	7.354	2.34
125.3	7.353	2.34
125.4	7.353	2.34
125.5	7.352	2.34
125.6	7.352	2.339
125.7	7.351	2.339
125.8	7.351	2.339
125.9	7.351	2.339
126	7.35	2.339
126.1	7.351	2.339
126.2	7.352	2.339
126.3	7.352	2.339
126.4	7.353	2.34
126.5	7.353	2.34
126.6	7.353	2.34
126.7	7.353	2.34
126.8	7.352	2.34
126.9	7.352	2.339
127	7.352	2.339
127.1	7.352	2.339
127.2	7.353	2.34
127.3	7.352	2.339
127.4	7.352	2.339
127.5	7.351	2.339
127.6	7.352	2.339
127.7	7.351	2.339
127.8	7.351	2.339
127.9	7.351	2.339
128	7.35	2.339
128.1	7.35	2.339
128.2	7.351	2.339
128.3	7.35	2.339
128.4	7.351	2.339
128.5	7.351	2.339
128.6	7.351	2.339
128.7	7.351	2.339
128.8	7.351	2.339
128.9	7.351	2.339
129	7.352	2.339
129.1	7.353	2.34
129.2	7.353	2.34
129.3	7.354	2.34
129.4	7.355	2.34
129.5	7.355	2.34
129.6	7.356	2.34
129.7	7.355	2.34
129.8	7.355	2.34
129.9	7.354	2.34
130	7.355	2.34
130.1	7.355	2.34
130.2	7.354	2.34
130.3	7.353	2.34
130.4	7.354	2.34
130.5	7.353	2.34
130.6	7.354	2.34
130.7	7.352	2.34
130.8	7.353	2.34
130.9	7.354	2.34
131	7.353	2.34
131.1	7.355	2.34
131.2	7.354	2.34
131.3	7.353	2.34
131.4	7.353	2.34
131.5	7.354	2.34
131.6	7.355	2.34
131.7	7.356	2.34
131.8	7.356	2.34
131.9	7.356	2.34
132	7.356	2.34
132.1	7.355	2.34
132.2	7.356	2.34
132.3	7.356	2.341
132.4	7.356	2.34
132.5	7.356	2.34
132.6	7.356	2.34
132.7	7.355	2.34
132.8	7.355	2.34
132.9	7.355	2.34
133	7.355	2.34
133.1	7.354	2.34
133.2	7.354	2.34
133.3	7.354	2.34
133.4	7.353	2.34
133.5	7.353	2.34
133.6	7.353	2.34
133.7	7.354	2.34
133.8	7.352	2.34
133.9	7.351	2.339
134	7.35	2.339
134.1	7.349	2.339
134.2	7.35	2.339
134.3	7.35	2.339
134.4	7.349	2.339
134.5	7.349	2.339
134.6	7.349	2.339
134.7	7.349	2.339
134.8	7.349	2.339
134.9	7.348	2.339
135	7.349	2.339
135.1	7.349	2.339
135.2	7.35	2.339
135.3	7.35	2.339
135.4	7.35	2.339
135.5	7.35	2.339
135.6	7.35	2.339
135.7	7.349	2.339
135.8	7.349	2.339
135.9	7.351	2.339
136	7.352	2.339
136.1	7.352	2.339
136.2	7.352	2.34
136.3	7.352	2.339
136.4	7.352	2.34
136.5	7.353	2.34
136.6	7.354	2.34
136.7	7.353	2.34
136.8	7.354	2.34
136.9	7.354	2.34
137	7.354	2.34
137.1	7.354	2.34
137.2	7.354	2.34
137.3	7.353	2.34
137.4	7.354	2.34
137.5	7.354	2.34
137.6	7.355	2.34
137.7	7.355	2.34
137.8	7.355	2.34
137.9	7.355	2.34
138	7.356	2.34
138.1	7.357	2.341
138.2	7.358	2.341
138.3	7.358	2.341
138.4	7.358	2.341
138.5	7.358	2.341
138.6	7.357	2.341
138.7	7.358	2.341
138.8	7.357	2.341
138.9	7.357	2.341
139	7.355	2.34
139.1	7.355	2.34
139.2	7.355	2.34
139.3	7.355	2.34
139.4	7.355	2.34
139.5	7.355	2.34
139.6	7.354	2.34
139.7	7.355	2.34
139.8	7.355	2.34
139.9	7.354	2.34
140	7.354	2.34
140.1	7.354	2.34
140.2	7.354	2.34
140.3	7.354	2.34
140.4	7.355	2.34
140.5	7.355	2.34
140.6	7.356	2.34
140.7	7.356	2.341
140.8	7.355	2.34
140.9	7.355	2.34
141	7.355	2.34
141.1	7.354	2.34
141.2	7.354	2.34
141.3	7.355	2.34
141.4	7.355	2.34
141.5	7.355	2.34
141.6	7.355	2.34
141.7	7.356	2.34
141.8	7.355	2.34
141.9	7.354	2.34
142	7.353	2.34
142.1	7.354	2.34
142.2	7.354	2.34
142.3	7.353	2.34
142.4	7.354	2.34
142.5	7.354	2.34
142.6	7.354	2.34
142.7	7.353	2.34
142.8	7.353	2.34
142.9	7.351	2.339
143	7.35	2.339
143.1	7.35	2.339
143.2	7.349	2.339
143.3	7.349	2.339
143.4	7.348	2.339
143.5	7.348	2.338
143.6	7.348	2.338
143.7	7.348	2.339
143.8	7.35	2.339
143.9	7.349	2.339
144	7.35	2.339
144.1	7.35	2.339
144.2	7.351	2.339
144.3	7.351	2.339
144.4	7.35	2.339
144.5	7.35	2.339
144.6	7.349	2.339
144.7	7.351	2.339
144.8	7.351	2.339
144.9	7.351	2.339
145	7.351	2.339
145.1	7.351	2.339
145.2	7.352	2.339
145.3	7.353	2.34
145.4	7.353	2.34
145.5	7.352	2.34
145.6	7.353	2.34
145.7	7.353	2.34
145.8	7.352	2.34
145.9	7.353	2.34
146	7.354	2.34
146.1	7.353	2.34
146.2	7.354	2.34
146.3	7.354	2.34
146.4	7.354	2.34
146.5	7.354	2.34
146.6	7.353	2.34
146.7	7.353	2.34
146.8	7.353	2.34
146.9	7.354	2.34
147	7.354	2.34
147.1	7.354	2.34
147.2	7.355	2.34
147.3	7.355	2.34
147.4	7.355	2.34
147.5	7.355	2.34
147.6	7.355	2.34
147.7	7.356	2.341
147.8	7.355	2.34
147.9	7.354	2.34
148	7.354	2.34
148.1	7.354	2.34
148.2	7.354	2.34
148.3	7.354	2.34
148.4	7.353	2.34
148.5	7.354	2.34
148.6	7.354	2.34
148.7	7.353	2.34
148.8	7.352	2.34
148.9	7.353	2.34
149	7.352	2.34
149.1	7.353	2.34
149.2	7.353	2.34
149.3	7.352	2.34
149.4	7.353	2.34
149.5	7.354	2.34
149.6	7.353	2.34
149.7	7.353	2.34
149.8	7.353	2.34
149.9	7.354	2.34
150	7.354	2.34
150.1	7.353	2.34
150.2	7.353	2.34
150.3	7.354	2.34
150.4	7.354	2.34
150.5	7.353	2.34
150.6	7.353	2.34
150.7	7.354	2.34
150.8	7.353	2.34
150.9	7.353	2.34
151	7.353	2.34
151.1	7.353	2.34
151.2	7.354	2.34
151.3	7.354	2.34
151.4	7.354	2.34
151.5	7.352	2.34
151.6	7.352	2.339
151.7	7.352	2.339
151.8	7.353	2.34
151.9	7.352	2.34
152	7.352	2.34
152.1	7.352	2.34
152.2	7.352	2.339
152.3	7.351	2.339
152.4	7.352	2.339
152.5	7.352	2.34
152.6	7.352	2.339
152.7	7.353	2.339
152.8	7.353	2.34
152.9	7.354	2.34
153	7.355	2.34
153.1	7.355	2.34
153.2	7.355	2.34
153.3	7.354	2.34
153.4	7.355	2.34
153.5	7.356	2.34
153.6	7.355	2.34
153.7	7.356	2.34
153.8	7.357	2.341
153.9	7.356	2.341
154	7.356	2.341
154.1	7.357	2.341
154.2	7.356	2.341
154.3	7.357	2.341
154.4	7.357	2.341
154.5	7.357	2.341
154.6	7.356	2.34
154.7	7.357	2.341
154.8	7.357	2.341
154.9	7.357	2.341
155	7.356	2.34
155.1	7.356	2.34
155.2	7.356	2.341
155.3	7.357	2.341
155.4	7.356	2.34
155.5	7.356	2.34
155.6	7.356	2.34
155.7	7.356	2.34
155.8	7.356	2.34
155.9	7.357	2.341
156	7.356	2.341
156.1	7.356	2.34
156.2	7.357	2.341
156.3	7.355	2.34
156.4	7.354	2.34
156.5	7.355	2.34
156.6	7.354	2.34
156.7	7.354	2.34
156.8	7.354	2.34
156.9	7.354	2.34
157	7.353	2.34
157.1	7.353	2.34
157.2	7.353	2.34
157.3	7.352	2.339
157.4	7.352	2.34
157.5	7.351	2.339
157.6	7.351	2.339
157.7	7.352	2.339
157.8	7.351	2.339
157.9	7.351	2.339
158	7.352	2.34
158.1	7.352	2.339
158.2	7.352	2.339
158.3	7.352	2.34
158.4	7.353	2.34
158.5	7.353	2.34
158.6	7.353	2.34
158.7	7.353	2.34
158.8	7.353	2.34
158.9	7.353	2.34
159	7.353	2.34
159.1	7.354	2.34
159.2	7.354	2.34
159.3	7.354	2.34
159.4	7.354	2.34
159.5	7.353	2.34
159.6	7.354	2.34
159.7	7.354	2.34
159.8	7.353	2.34
159.9	7.354	2.34
160	7.353	2.34
160.1	7.352	2.339
160.2	7.351	2.339
160.3	7.351	2.339
160.4	7.351	2.339
160.5	7.352	2.339
160.6	7.352	2.339
160.7	7.352	2.339
160.8	7.353	2.34
160.9	7.352	2.34
161	7.352	2.339
161.1	7.352	2.339
161.2	7.352	2.339
161.3	7.352	2.34
161.4	7.353	2.34
161.5	7.353	2.34
161.6	7.354	2.34
161.7	7.353	2.34
161.8	7.353	2.34
161.9	7.353	2.34
162	7.353	2.34
162.1	7.353	2.34
162.2	7.354	2.34
162.3	7.354	2.34
162.4	7.355	2.34
162.5	7.355	2.34
162.6	7.354	2.34
162.7	7.354	2.34
162.8	7.354	2.34
162.9	7.354	2.34
163	7.354	2.34
163.1	7.354	2.34
163.2	7.353	2.34
163.3	7.352	2.34
163.4	7.353	2.34
163.5	7.352	2.34
163.6	7.352	2.34
163.7	7.353	2.34
163.8	7.354	2.34
163.9	7.355	2.34
164	7.354	2.34
164.1	7.354	2.34
164.2	7.354	2.34
164.3	7.355	2.34
164.4	7.355	2.34
164.5	7.354	2.34
164.6	7.355	2.34
164.7	7.356	2.34
164.8	7.356	2.34
164.9	7.356	2.34
165	7.355	2.34
165.1	7.354	2.34
165.2	7.354	2.34
165.3	7.354	2.34
165.4	7.352	2.34
165.5	7.351	2.339
165.6	7.35	2.339
165.7	7.351	2.339
165.8	7.35	2.339
165.9	7.349	2.339
166	7.35	2.339
166.1	7.349	2.339
166.2	7.351	2.339
166.3	7.35	2.339
166.4	7.352	2.339
166.5	7.352	2.34
166.6	7.353	2.34
166.7	7.353	2.34
166.8	7.353	2.34
166.9	7.353	2.34
167	7.353	2.34
167.1	7.352	2.339
167.2	7.352	2.34
167.3	7.354	2.34
167.4	7.354	2.34
167.5	7.354	2.34
167.6	7.354	2.34
167.7	7.354	2.34
167.8	7.353	2.34
167.9	7.353	2.34
168	7.353	2.34
168.1	7.352	2.34
168.2	7.351	2.339
168.3	7.351	2.339
168.4	7.351	2.339
168.5	7.353	2.34
168.6	7.352	2.34
168.7	7.353	2.34
168.8	7.353	2.34
168.9	7.352	2.339
169	7.353	2.34
169.1	7.352	2.339
169.2	7.352	2.34
169.3	7.353	2.34
169.4	7.354	2.34
169.5	7.353	2.34
169.6	7.353	2.34
169.7	7.353	2.34
169.8	7.353	2.34
169.9	7.353	2.34
170	7.354	2.34
170.1	7.354	2.34
170.2	7.355	2.34
170.3	7.355	2.34
170.4	7.355	2.34
170.5	7.355	2.34
170.6	7.354	2.34
170.7	7.354	2.34
170.8	7.352	2.339
170.9	7.353	2.34
171	7.352	2.339
171.1	7.351	2.339
171.2	7.352	2.339
171.3	7.352	2.34
171.4	7.353	2.34
171.5	7.353	2.34
171.6	7.353	2.34
171.7	7.353	2.34
171.8	7.353	2.34
171.9	7.353	2.34
172	7.352	2.339
172.1	7.352	2.339
172.2	7.352	2.339
172.3	7.352	2.34
172.4	7.351	2.339
172.5	7.351	2.339
172.6	7.352	2.339
172.7	7.352	2.339
172.8	7.352	2.339
172.9	7.352	2.339
173	7.352	2.339
173.1	7.353	2.34
173.2	7.353	2.34
173.3	7.354	2.34
173.4	7.353	2.34
173.5	7.352	2.34
173.6	7.353	2.34
173.7	7.354	2.34
173.8	7.354	2.34
173.9	7.354	2.34
174	7.353	2.34
174.1	7.353	2.34
174.2	7.354	2.34
174.3	7.353	2.34
174.4	7.353	2.34
174.5	7.353	2.34
174.6	7.354	2.34
174.7	7.354	2.34
174.8	7.353	2.34
174.9	7.354	2.34
175	7.353	2.34
175.1	7.353	2.34
175.2	7.352	2.34
175.3	7.352	2.34
175.4	7.352	2.34
175.5	7.353	2.34
175.6	7.354	2.34
175.7	7.353	2.34
175.8	7.353	2.34
175.9	7.353	2.34
176	7.354	2.34
176.1	7.354	2.34
176.2	7.353	2.34
176.3	7.354	2.34
176.4	7.353	2.34
176.5	7.352	2.34
176.6	7.354	2.34
176.7	7.355	2.34
176.8	7.354	2.34
176.9	7.353	2.34
177	7.354	2.34
177.1	7.354	2.34
177.2	7.354	2.34
177.3	7.355	2.34
177.4	7.355	2.34
177.5	7.354	2.34
177.6	7.355	2.34
177.7	7.353	2.34
177.8	7.354	2.34
177.9	7.354	2.34
178	7.354	2.34
178.1	7.355	2.34
178.2	7.354	2.34
178.3	7.354	2.34
178.4	7.354	2.34
178.5	7.353	2.34
178.6	7.353	2.34
178.7	7.353	2.34
178.8	7.354	2.34
178.9	7.354	2.34
179	7.355	2.34
179.1	7.355	2.34
179.2	7.355	2.34
179.3	7.355	2.34
179.4	7.355	2.34
179.5	7.354	2.34
179.6	7.354	2.34
179.7	7.355	2.34
179.8	7.354	2.34
179.9	7.354	2.34
180	7.354	2.34
180.1	7.353	2.34
180.2	7.352	2.34
180.3	7.352	2.34
180.4	7.354	2.34
180.5	7.354	2.34
180.6	7.354	2.34
180.7	7.354	2.34
180.8	7.354	2.34
180.9	7.354	2.34
181	7.354	2.34
181.1	7.354	2.34
181.2	7.354	2.34
181.3	7.353	2.34
181.4	7.338	2.343
181.5	7.307	2.328
181.6	7.258	2.245
181.7	7.22	2.192
181.8	7.194	2.19
181.9	7.16	2.221
182	7.108	2.268
182.1	7.042	2.315
182.2	6.973	2.36
182.3	6.917	2.396
182.4	6.879	2.424
182.5	6.848	2.439
182.6	6.82	2.437
182.7	6.795	2.465
182.8	6.784	2.497
182.9	6.769	2.519
183	6.736	2.536
183.1	6.695	2.546
183.2	6.67	2.55
183.3	6.652	2.586
183.4	6.638	2.652
183.5	6.634	2.722
183.6	6.633	2.785
183.7	6.661	2.846
183.8	6.705	2.913
183.9	6.747	2.991
184	6.797	3.077
184.1	6.848	3.168
184.2	6.897	3.26
184.3	6.953	3.356
184.4	7.002	3.448
184.5	7.035	3.532
184.6	7.051	3.604
184.7	7.074	3.663
184.8	7.09	3.735
184.9	7.108	3.811
185	7.129	3.883
185.1	7.143	3.952
185.2	7.17	4.02
185.3	7.215	4.074
185.4	7.267	4.131
185.5	7.32	4.193
185.6	7.362	4.246
185.7	7.386	4.289
185.8	7.402	4.33
185.9	7.418	4.372
186	7.436	4.413
186.1	7.445	4.448
186.2	7.456	4.483
186.3	7.468	4.504
186.4	7.473	4.516
186.5	7.464	4.525
186.6	7.456	4.533
186.7	7.455	4.54
186.8	7.457	4.545
186.9	7.456	4.543
187	7.454	4.543
187.1	7.459	4.552
187.2	7.478	4.562
187.3	7.498	4.566
187.4	7.517	4.581
187.5	7.534	4.592
187.6	7.548	4.597
187.7	7.558	4.598
187.8	7.559	4.601
187.9	7.555	4.6
188	7.555	4.598
188.1	7.564	4.596
188.2	7.574	4.602
188.3	7.587	4.604
188.4	7.596	4.605
188.5	7.603	4.605
188.6	7.61	4.606
188.7	7.615	4.608
188.8	7.618	4.61
188.9	7.611	4.607
189	7.614	4.609
189.1	7.617	4.614
189.2	7.616	4.618
189.3	7.615	4.621
189.4	7.616	4.625
189.5	7.618	4.63
189.6	7.612	4.635
189.7	7.609	4.637
189.8	7.607	4.637
189.9	7.601	4.64
190	7.596	4.642
190.1	7.591	4.642
190.2	7.585	4.642
190.3	7.579	4.644
190.4	7.572	4.645
190.5	7.57	4.647
190.6	7.567	4.649
190.7	7.563	4.65
190.8	7.56	4.652
190.9	7.556	4.653
191	7.553	4.654
191.1	7.551	4.653
191.2	7.552	4.653
191.3	7.553	4.654
191.4	7.553	4.656
191.5	7.552	4.657
191.6	7.549	4.658
191.7	7.544	4.659
191.8	7.539	4.66
191.9	7.537	4.663
192	7.533	4.667
192.1	7.532	4.671
192.2	7.53	4.672
192.3	7.53	4.674
192.4	7.532	4.678
192.5	7.536	4.683
192.6	7.538	4.684
192.7	7.541	4.682
192.8	7.544	4.677
192.9	7.548	4.672
193	7.552	4.67
193.1	7.554	4.668
193.2	7.553	4.668
193.3	7.553	4.668
193.4	7.552	4.667
193.5	7.551	4.664
193.6	7.553	4.664
193.7	7.556	4.664
193.8	7.56	4.665
193.9	7.564	4.667
194	7.565	4.67
194.1	7.565	4.67
194.2	7.561	4.669
194.3	7.558	4.669
194.4	7.555	4.669
194.5	7.552	4.668
194.6	7.551	4.666
194.7	7.552	4.665
194.8	7.555	4.663
194.9	7.557	4.661
195	7.556	4.661
195.1	7.555	4.66
195.2	7.556	4.658
195.3	7.56	4.657
195.4	7.561	4.659
195.5	7.563	4.66
195.6	7.564	4.66
195.7	7.562	4.661
195.8	7.559	4.662
195.9	7.556	4.662
196	7.557	4.66
196.1	7.556	4.659
196.2	7.557	4.656
196.3	7.559	4.654
196.4	7.558	4.655
196.5	7.558	4.656
196.6	7.56	4.657
196.7	7.56	4.658
196.8	7.561	4.66
196.9	7.562	4.661
197	7.564	4.662
197.1	7.566	4.662
197.2	7.566	4.661
197.3	7.566	4.661
197.4	7.566	4.661
197.5	7.567	4.66
197.6	7.567	4.658
197.7	7.568	4.657
197.8	7.569	4.657
197.9	7.571	4.657
198	7.572	4.657
198.1	7.57	4.657
198.2	7.568	4.657
198.3	7.564	4.658
198.4	7.556	4.659
198.5	7.555	4.66
198.6	7.554	4.658
198.7	7.556	4.657
198.8	7.557	4.654
198.9	7.557	4.649
199	7.557	4.651
199.1	7.557	4.653
199.2	7.559	4.653
199.3	7.559	4.657
199.4	7.56	4.661
199.5	7.563	4.657
199.6	7.566	4.656
199.7	7.568	4.658
199.8	7.57	4.659
199.9	7.569	4.664
200	7.568	4.664
200.1	7.57	4.664
200.2	7.569	4.663
200.3	7.57	4.662
200.4	7.57	4.664
200.5	7.572	4.663
200.6	7.573	4.666
200.7	7.574	4.669
200.8	7.574	4.668
200.9	7.572	4.67
201	7.572	4.669
201.1	7.572	4.666
201.2	7.57	4.666
201.3	7.572	4.666
201.4	7.574	4.665
201.5	7.568	4.666
201.6	7.561	4.667
201.7	7.559	4.666
201.8	7.562	4.667
201.9	7.566	4.67
202	7.571	4.671
202.1	7.574	4.671
202.2	7.574	4.667
202.3	7.575	4.666
202.4	7.577	4.667
202.5	7.578	4.669
202.6	7.58	4.668
202.7	7.581	4.669
202.8	7.581	4.671
202.9	7.58	4.673
203	7.581	4.674
203.1	7.58	4.674
203.2	7.581	4.676
203.3	7.584	4.679
203.4	7.587	4.682
203.5	7.588	4.682
203.6	7.586	4.677
203.7	7.586	4.676
203.8	7.584	4.678
203.9	7.576	4.678
204	7.573	4.678
204.1	7.573	4.676
204.2	7.573	4.676
204.3	7.572	4.676
204.4	7.575	4.676
204.5	7.575	4.675
204.6	7.575	4.676
204.7	7.576	4.675
204.8	7.576	4.674
204.9	7.576	4.673
205	7.573	4.672
205.1	7.572	4.675
205.2	7.573	4.679
205.3	7.574	4.682
205.4	7.576	4.682
205.5	7.578	4.682
205.6	7.579	4.68
205.7	7.58	4.679
205.8	7.58	4.678
205.9	7.58	4.678
206	7.579	4.677
206.1	7.579	4.675
206.2	7.579	4.675
206.3	7.578	4.675
206.4	7.576	4.675
206.5	7.573	4.674
206.6	7.571	4.673
206.7	7.572	4.672
206.8	7.571	4.671
206.9	7.57	4.671
207	7.569	4.67
207.1	7.57	4.669
207.2	7.57	4.669
207.3	7.571	4.669
207.4	7.57	4.669
207.5	7.571	4.668
207.6	7.573	4.668
207.7	7.574	4.669
207.8	7.573	4.669
207.9	7.572	4.667
208	7.573	4.663
208.1	7.573	4.656
208.2	7.573	4.65
208.3	7.575	4.646
208.4	7.575	4.647
208.5	7.572	4.651
208.6	7.57	4.656
208.7	7.567	4.662
208.8	7.564	4.668
208.9	7.563	4.673
209	7.563	4.675
209.1	7.565	4.675
209.2	7.567	4.675
209.3	7.569	4.676
209.4	7.572	4.676
209.5	7.578	4.674
209.6	7.583	4.673
209.7	7.583	4.674
209.8	7.582	4.675
209.9	7.581	4.675
210	7.58	4.674
210.1	7.579	4.675
210.2	7.58	4.676
210.3	7.58	4.675
210.4	7.579	4.675
210.5	7.577	4.675
210.6	7.575	4.674
210.7	7.572	4.674
210.8	7.571	4.674
210.9	7.57	4.674
211	7.57	4.674
211.1	7.569	4.675
211.2	7.568	4.674
211.3	7.568	4.674
211.4	7.568	4.674
211.5	7.569	4.675
211.6	7.57	4.675
211.7	7.57	4.676
211.8	7.571	4.675
211.9	7.571	4.675
212	7.571	4.674
212.1	7.571	4.674
212.2	7.571	4.674
212.3	7.571	4.673
212.4	7.572	4.672
212.5	7.572	4.672
212.6	7.572	4.672
212.7	7.571	4.672
212.8	7.569	4.671
212.9	7.567	4.671
213	7.566	4.672
213.1	7.565	4.672
213.2	7.565	4.673
213.3	7.566	4.673
213.4	7.566	4.674
213.5	7.567	4.675
213.6	7.568	4.675
213.7	7.568	4.676
213.8	7.567	4.676
213.9	7.567	4.676
214	7.566	4.676
214.1	7.567	4.676
214.2	7.568	4.677
214.3	7.569	4.677
214.4	7.571	4.678
214.5	7.571	4.68
214.6	7.572	4.687
214.7	7.574	4.693
214.8	7.581	4.701
214.9	7.588	4.706
215	7.594	4.708
215.1	7.599	4.709
215.2	7.602	4.708
215.3	7.603	4.706
215.4	7.603	4.704
215.5	7.603	4.701
215.6	7.604	4.698
215.7	7.605	4.692
215.8	7.605	4.686
215.9	7.605	4.679
216	7.608	4.671
216.1	7.613	4.662
216.2	7.617	4.653
216.3	7.622	4.641
216.4	7.627	4.632
216.5	7.632	4.627
216.6	7.634	4.625
216.7	7.636	4.62
216.8	7.636	4.617
216.9	7.634	4.618
217	7.632	4.62
217.1	7.627	4.624
217.2	7.62	4.633
217.3	7.613	4.644
217.4	7.607	4.65
217.5	7.602	4.653
217.6	7.597	4.654
217.7	7.59	4.656
217.8	7.579	4.66
217.9	7.568	4.668
218	7.556	4.679
218.1	7.54	4.695
218.2	7.527	4.71
218.3	7.515	4.723
218.4	7.502	4.732
218.5	7.487	4.735
218.6	7.465	4.731
218.7	7.43	4.718
218.8	7.385	4.693
218.9	7.331	4.657
219	7.265	4.613
219.1	7.2	4.57
219.2	7.143	4.538
219.3	7.094	4.519
219.4	7.045	4.505
219.5	6.994	4.494
219.6	6.935	4.488
219.7	6.87	4.49
219.8	6.797	4.497
219.9	6.715	4.508
220	6.641	4.52
220.1	6.573	4.526
220.2	6.507	4.521
220.3	6.442	4.505
220.4	6.374	4.476
220.5	6.302	4.44
220.6	6.226	4.396
220.7	6.153	4.354
220.8	6.089	4.325
220.9	6.027	4.313
221	5.964	4.308
221.1	5.898	4.304
221.2	5.833	4.308
221.3	5.768	4.317
221.4	5.709	4.328
221.5	5.657	4.332
221.6	5.607	4.33
221.7	5.562	4.323
221.8	5.526	4.309
221.9	5.492	4.289
222	5.46	4.263
222.1	5.433	4.241
222.2	5.41	4.228
222.3	5.396	4.221
222.4	5.388	4.222
222.5	5.379	4.228
222.6	5.37	4.235
222.7	5.354	4.234
222.8	5.347	4.239
222.9	5.343	4.245
223	5.336	4.248
223.1	5.331	4.25
223.2	5.326	4.252
223.3	5.323	4.253
223.4	5.323	4.255
223.5	5.327	4.258
223.6	5.332	4.26
223.7	5.333	4.26
223.8	5.333	4.261
223.9	5.331	4.26
224	5.33	4.257
224.1	5.328	4.255
224.2	5.326	4.252
224.3	5.326	4.249
224.4	5.325	4.245
224.5	5.325	4.242
224.6	5.326	4.242
224.7	5.327	4.245
224.8	5.328	4.248
224.9	5.33	4.251
225	5.331	4.254
225.1	5.33	4.257
225.2	5.328	4.259
225.3	5.329	4.262
225.4	5.331	4.265
225.5	5.33	4.267
225.6	5.329	4.266
225.7	5.33	4.259
225.8	5.335	4.249
225.9	5.339	4.241
226	5.341	4.239
226.1	5.341	4.239
226.2	5.34	4.242
226.3	5.34	4.247
226.4	5.337	4.255
226.5	5.336	4.265
226.6	5.336	4.27
226.7	5.337	4.271
226.8	5.338	4.269
226.9	5.339	4.267
227	5.341	4.267
227.1	5.343	4.266
227.2	5.343	4.264
227.3	5.343	4.263
227.4	5.343	4.261
227.5	5.342	4.258
227.6	5.341	4.255
227.7	5.338	4.252
227.8	5.336	4.242
227.9	5.337	4.228
228	5.339	4.223
228.1	5.336	4.225
228.2	5.334	4.226
228.3	5.329	4.229
228.4	5.316	4.23
228.5	5.303	4.223
228.6	5.29	4.204
228.7	5.276	4.175
228.8	5.264	4.132
228.9	5.253	4.081
229	5.24	4.023
229.1	5.229	3.968
229.2	5.222	3.919
229.3	5.215	3.877
229.4	5.204	3.843
229.5	5.188	3.811
229.6	5.168	3.782
229.7	5.138	3.75
229.8	5.102	3.718
229.9	5.057	3.683
230	5.005	3.64
230.1	4.963	3.601
230.2	4.933	3.568
230.3	4.919	3.532
230.4	4.922	3.505
230.5	4.932	3.482
230.6	4.947	3.465
230.7	4.961	3.445
230.8	4.972	3.426
230.9	4.979	3.411
231	4.982	3.397
231.1	4.979	3.38
231.2	4.974	3.368
231.3	4.965	3.354
231.4	4.961	3.328
231.5	4.966	3.291
231.6	4.983	3.25
231.7	5.011	3.202
231.8	5.037	3.157
231.9	5.059	3.123
232	5.075	3.092
232.1	5.085	3.057
232.2	5.091	3.017
232.3	5.091	2.973
232.4	5.087	2.925
232.5	5.082	2.883
232.6	5.082	2.853
232.7	5.086	2.828
232.8	5.094	2.807
232.9	5.105	2.797
233	5.12	2.795
233.1	5.136	2.796
233.2	5.149	2.796
233.3	5.155	2.792
233.4	5.148	2.786
233.5	5.122	2.778
233.6	5.08	2.775
233.7	5.039	2.779
233.8	5.003	2.79
233.9	4.971	2.806
234	4.95	2.82
234.1	4.941	2.825
234.2	4.936	2.826
234.3	4.932	2.826
234.4	4.928	2.828
234.5	4.923	2.842
234.6	4.92	2.871
234.7	4.917	2.92
234.8	4.914	2.989
234.9	4.916	3.068
235	4.92	3.16
235.1	4.927	3.256
235.2	4.936	3.339
235.3	4.943	3.4
235.4	4.944	3.452
235.5	4.945	3.498
235.6	4.941	3.539
235.7	4.926	3.579
235.8	4.897	3.62
235.9	4.863	3.665
236	4.831	3.715
236.1	4.814	3.769
236.2	4.811	3.828
236.3	4.815	3.891
236.4	4.829	3.959
236.5	4.855	4.033
236.6	4.885	4.113
236.7	4.91	4.186
236.8	4.93	4.253
236.9	4.942	4.318
237	4.945	4.387
237.1	4.94	4.463
237.2	4.93	4.542
237.3	4.914	4.626
237.4	4.902	4.7
237.5	4.897	4.756
237.6	4.897	4.806
237.7	4.9	4.853
237.8	4.907	4.895
237.9	4.917	4.93
238	4.925	4.959
238.1	4.929	4.983
238.2	4.927	5
238.3	4.918	5.006
238.4	4.91	5.003
238.5	4.903	5
238.6	4.904	4.995
238.7	4.891	4.985
238.8	4.888	4.974
238.9	4.891	4.964
239	4.896	4.954
239.1	4.906	4.949
239.2	4.917	4.95
239.3	4.924	4.949
239.4	4.927	4.941
239.5	4.92	4.915
239.6	4.914	4.87
239.7	4.913	4.811
239.8	4.912	4.75
239.9	4.909	4.682
240	4.911	4.605
240.1	4.916	4.533
240.2	4.918	4.479
240.3	4.913	4.438
240.4	4.9	4.407
240.5	4.887	4.387
240.6	4.858	4.368
240.7	4.823	4.349
240.8	4.786	4.332
240.9	4.753	4.314
241	4.727	4.293
241.1	4.709	4.264
241.2	4.704	4.224
241.3	4.71	4.172
241.4	4.724	4.108
241.5	4.749	4.037
241.6	4.778	3.952
241.7	4.808	3.876
241.8	4.832	3.819
241.9	4.847	3.774
242	4.857	3.73
242.1	4.866	3.683
242.2	4.867	3.63
242.3	4.862	3.569
242.4	4.856	3.499
242.5	4.852	3.42
242.6	4.853	3.35
242.7	4.866	3.291
242.8	4.883	3.235
242.9	4.907	3.179
243	4.938	3.121
243.1	4.976	3.067
243.2	5.015	3.01
243.3	5.042	2.96
243.4	5.057	2.912
243.5	5.063	2.865
243.6	5.063	2.813
243.7	5.057	2.757
243.8	5.044	2.694
243.9	5.03	2.631
244	5.016	2.573
244.1	5.003	2.522
244.2	4.994	2.484
244.3	4.992	2.453
244.4	4.999	2.431
244.5	5.014	2.42
244.6	5.025	2.413
244.7	5.039	2.405
244.8	5.05	2.394
244.9	5.06	2.384
245	5.065	2.379
245.1	5.063	2.383
245.2	5.05	2.391
245.3	5.03	2.403
245.4	5.003	2.422
245.5	4.975	2.443
245.6	4.949	2.462
245.7	4.921	2.475
245.8	4.894	2.485
245.9	4.871	2.493
246	4.851	2.5
246.1	4.839	2.501
246.2	4.829	2.494
246.3	4.823	2.48
246.4	4.817	2.466
246.5	4.807	2.459
246.6	4.797	2.464
246.7	4.793	2.484
246.8	4.795	2.513
246.9	4.796	2.539
247	4.793	2.555
247.1	4.784	2.549
247.2	4.768	2.517
247.3	4.743	2.46
247.4	4.706	2.38
247.5	4.657	2.282
247.6	4.61	2.189
247.7	4.574	2.116
247.8	4.548	2.056
247.9	4.526	2.004
248	4.51	1.959
248.1	4.501	1.926
248.2	4.494	1.907
248.3	4.489	1.898
248.4	4.485	1.899
248.5	4.482	1.905
248.6	4.481	1.917
248.7	4.481	1.937
248.8	4.485	1.961
248.9	4.486	1.986
249	4.483	2.013
249.1	4.478	2.037
249.2	4.465	2.057
249.3	4.44	2.067
249.4	4.398	2.065
249.5	4.346	2.06
249.6	4.296	2.052
249.7	4.257	2.045
249.8	4.231	2.038
249.9	4.217	2.035
250	4.216	2.035
250.1	4.218	2.038
250.2	4.219	2.041
250.3	4.224	2.041
250.4	4.233	2.04
250.5	4.244	2.039
250.6	4.258	2.044
250.7	4.285	2.058
250.8	4.33	2.087
250.9	4.39	2.121
251	4.464	2.155
251.1	4.544	2.185
251.2	4.619	2.219
251.3	4.683	2.253
251.4	4.74	2.288
251.5	4.784	2.331
251.6	4.819	2.382
251.7	4.845	2.447
251.8	4.858	2.527
251.9	4.864	2.622
252	4.869	2.714
252.1	4.877	2.79
252.2	4.889	2.861
252.3	4.903	2.936
252.4	4.912	3.016
252.5	4.921	3.096
252.6	4.933	3.182
252.7	4.947	3.261
252.8	4.965	3.337
252.9	4.989	3.422
253	5.005	3.506
253.1	5.014	3.588
253.2	5.018	3.672
253.3	5.03	3.75
253.4	5.056	3.817
253.5	5.087	3.882
253.6	5.123	3.946
253.7	5.166	4.004
253.8	5.214	4.068
253.9	5.255	4.126
254	5.28	4.191
254.1	5.288	4.259
254.2	5.28	4.332
254.3	5.257	4.395
254.4	5.23	4.446
254.5	5.209	4.48
254.6	5.197	4.507
254.7	5.194	4.529
254.8	5.192	4.553
254.9	5.198	4.573
255	5.212	4.592
255.1	5.228	4.611
255.2	5.241	4.628
255.3	5.247	4.639
255.4	5.249	4.639
255.5	5.244	4.629
255.6	5.234	4.608
255.7	5.224	4.573
255.8	5.214	4.524
255.9	5.203	4.463
256	5.195	4.403
256.1	5.189	4.354
256.2	5.185	4.318
256.3	5.18	4.293
256.4	5.179	4.278
256.5	5.183	4.271
256.6	5.192	4.269
256.7	5.208	4.279
256.8	5.225	4.289
256.9	5.237	4.299
257	5.245	4.305
257.1	5.264	4.305
257.2	5.297	4.299
257.3	5.323	4.293
257.4	5.35	4.281
257.5	5.384	4.263
257.6	5.419	4.242
257.7	5.454	4.215
257.8	5.481	4.192
257.9	5.492	4.183
258	5.5	4.191
258.1	5.51	4.208
258.2	5.517	4.231
258.3	5.516	4.257
258.4	5.512	4.283
258.5	5.505	4.306
258.6	5.496	4.331
258.7	5.487	4.356
258.8	5.484	4.369
258.9	5.485	4.373
259	5.488	4.369
259.1	5.49	4.359
259.2	5.493	4.348
259.3	5.497	4.337
259.4	5.5	4.325
259.5	5.5	4.313
259.6	5.496	4.305
259.7	5.494	4.302
259.8	5.491	4.301
259.9	5.488	4.304
260	5.487	4.308
260.1	5.487	4.311
260.2	5.489	4.314
260.3	5.492	4.317
260.4	5.494	4.319
260.5	5.494	4.32
260.6	5.493	4.32
260.7	5.491	4.32
260.8	5.49	4.32
260.9	5.49	4.318
261	5.489	4.318
261.1	5.488	4.317
261.2	5.486	4.317
261.3	5.485	4.317
261.4	5.484	4.317
261.5	5.483	4.319
261.6	5.482	4.32
261.7	5.482	4.322
261.8	5.483	4.322
261.9	5.484	4.322
262	5.486	4.322
262.1	5.487	4.322
262.2	5.489	4.323
262.3	5.493	4.323
262.4	5.502	4.326
262.5	5.514	4.33
262.6	5.523	4.332
262.7	5.528	4.333
262.8	5.531	4.333
262.9	5.532	4.333
263	5.531	4.331
263.1	5.53	4.328
263.2	5.534	4.326
263.3	5.536	4.325
263.4	5.531	4.323
263.5	5.526	4.323
263.6	5.521	4.324
263.7	5.516	4.324
263.8	5.507	4.324
263.9	5.495	4.323
264	5.48	4.321
264.1	5.466	4.318
264.2	5.457	4.318
264.3	5.454	4.318
264.4	5.455	4.318
264.5	5.463	4.32
264.6	5.467	4.32
264.7	5.473	4.318
264.8	5.477	4.314
264.9	5.48	4.309
265	5.484	4.303
265.1	5.487	4.294
265.2	5.486	4.284
265.3	5.487	4.28
265.4	5.493	4.287
265.5	5.505	4.306
265.6	5.514	4.333
265.7	5.513	4.363
265.8	5.509	4.39
265.9	5.512	4.408
266	5.521	4.412
266.1	5.536	4.406
266.2	5.552	4.392
266.3	5.564	4.373
266.4	5.57	4.354
266.5	5.574	4.34
266.6	5.577	4.331
266.7	5.579	4.326
266.8	5.581	4.325
266.9	5.582	4.327
267	5.581	4.331
267.1	5.581	4.334
267.2	5.579	4.338
267.3	5.576	4.34
