Time	Velocity
0	0
0.1	0.03
0.2	0.12
0.3	0.28
0.4	0.48
0.5	0.69
0.6	0.91
0.7	1.1
0.8	1.26
0.9	1.36
1	1.4
1.1	1.4
1.2	1.4
1.3	1.4
1.4	1.39
1.5	1.32
1.6	1.18
1.7	0.99
1.8	0.78
1.9	0.56
2	0.36
2.1	0.18
2.2	0.06
0	0
0.1	-0.03
0.2	-0.13
0.3	-0.25
0.4	-0.48
0.5	-0.7
0.6	-0.91
0.7	-1.11
0.8	-1.25
0.9	-1.36
1	-1.4
1.1	-1.37
1.2	-1.27
1.3	-1.11
1.4	-0.92
1.5	-0.7
1.6	-0.48
1.7	-0.3
0	0
0.1	-0.05
0.2	-0.19
0.3	-0.4
0.4	-0.67
0.5	-0.95
0.6	-1.22
0.7	-1.42
0.8	-1.56
0.9	-1.6
1	-1.53
1.1	-1.36
1.2	-1.13
1.3	-0.87
1.4	-0.57
1.5	-0.31
0	0
0.1	-0.05
0.2	-0.21
0.3	-0.46
0.4	-0.8
0.5	-1.1
0.6	-1.39
0.7	-1.6
0.8	-1.7
0.9	-1.66
1	-1.51
1.1	-1.27
1.2	-0.96
1.3	-0.64
1.4	-0.34
