Time	X	Z
0	7.071	1.976
0.1	7.071	1.976
0.2	7.071	1.976
0.3	7.071	1.976
0.4	7.071	1.976
0.5	7.071	1.976
0.6	7.071	1.976
0.7	7.071	1.976
0.8	7.071	1.976
0.9	7.071	1.976
1	7.071	1.976
1.1	7.071	1.976
1.2	7.071	1.976
1.3	7.071	1.976
1.4	7.071	1.976
1.5	7.071	1.976
1.6	7.071	1.976
1.7	7.071	1.976
1.8	7.071	1.976
1.9	7.071	1.976
2	7.071	1.976
2.1	7.071	1.976
2.2	7.071	1.976
2.3	7.071	1.976
2.4	7.071	1.976
2.5	7.071	1.976
2.6	7.071	1.976
2.7	7.071	1.976
2.8	7.071	1.976
2.9	7.071	1.976
3	7.071	1.976
3.1	7.071	1.976
3.2	7.071	1.976
3.3	7.071	1.976
3.4	7.071	1.976
3.5	7.071	1.976
3.6	7.071	1.976
3.7	7.071	1.976
3.8	7.071	1.976
3.9	7.071	1.976
4	7.071	1.976
4.1	7.071	1.976
4.2	7.071	1.976
4.3	7.071	1.976
4.4	7.071	1.976
4.5	7.071	1.976
4.6	7.071	1.976
4.7	7.071	1.976
4.8	7.071	1.976
4.9	7.071	1.976
5	7.071	1.976
5.1	7.071	1.976
5.2	7.071	1.976
5.3	7.071	1.976
5.4	7.071	1.976
5.5	7.071	1.976
5.6	7.071	1.976
5.7	7.071	1.976
5.8	7.071	1.976
5.9	7.071	1.976
6	7.071	1.976
6.1	7.071	1.976
6.2	7.071	1.976
6.3	7.071	1.976
6.4	7.071	1.976
6.5	7.071	1.976
6.6	7.071	1.976
6.7	7.071	1.976
6.8	7.071	1.976
6.9	7.071	1.976
7	7.071	1.976
7.1	7.071	1.976
7.2	7.071	1.976
7.3	7.071	1.976
7.4	7.071	1.976
7.5	7.071	1.976
7.6	7.071	1.976
7.7	7.071	1.976
7.8	7.071	1.976
7.9	7.071	1.976
8	7.071	1.976
8.1	7.071	1.976
8.2	7.071	1.976
8.3	7.071	1.976
8.4	7.071	1.976
8.5	7.071	1.976
8.6	7.071	1.976
8.7	7.071	1.976
8.8	7.071	1.976
8.9	7.071	1.976
9	7.071	1.976
9.1	7.071	1.976
9.2	7.071	1.976
9.3	7.071	1.976
9.4	7.071	1.976
9.5	7.071	1.976
9.6	7.071	1.976
9.7	7.071	1.976
9.8	7.071	1.976
9.9	7.071	1.976
10	7.071	1.976
10.1	7.071	1.976
10.2	7.071	1.976
10.3	7.071	1.976
10.4	7.071	1.976
10.5	7.071	1.976
10.6	7.071	1.976
10.7	7.071	1.976
10.8	7.071	1.976
10.9	7.071	1.976
11	7.071	1.976
11.1	7.071	1.976
11.2	7.071	1.976
11.3	7.071	1.976
11.4	7.071	1.976
11.5	7.071	1.976
11.6	7.071	1.976
11.7	7.071	1.976
11.8	7.071	1.976
11.9	7.071	1.976
12	7.071	1.976
12.1	7.071	1.976
12.2	7.071	1.976
12.3	7.071	1.976
12.4	7.071	1.976
12.5	7.071	1.976
12.6	7.071	1.976
12.7	7.071	1.976
12.8	7.071	1.976
12.9	7.071	1.976
13	7.071	1.976
13.1	7.071	1.976
13.2	7.071	1.976
13.3	7.071	1.976
13.4	7.071	1.976
13.5	7.071	1.976
13.6	7.071	1.976
13.7	7.071	1.976
13.8	7.071	1.976
13.9	7.071	1.976
14	7.071	1.976
14.1	7.071	1.976
14.2	7.071	1.976
14.3	7.071	1.976
14.4	7.071	1.976
14.5	7.071	1.976
14.6	7.071	1.976
14.7	7.071	1.976
14.8	7.071	1.976
14.9	7.071	1.976
15	7.071	1.976
15.1	7.071	1.976
15.2	7.071	1.976
15.3	7.071	1.976
15.4	7.071	1.976
15.5	7.071	1.976
15.6	7.071	1.976
15.7	7.071	1.976
15.8	7.071	1.976
15.9	7.071	1.976
16	7.071	1.976
16.1	7.071	1.976
16.2	7.071	1.976
16.3	7.071	1.976
16.4	7.071	1.976
16.5	7.071	1.976
16.6	7.071	1.976
16.7	7.071	1.976
16.8	7.071	1.976
16.9	7.071	1.976
17	7.071	1.976
17.1	7.071	1.976
17.2	7.071	1.976
17.3	7.071	1.976
17.4	7.071	1.976
17.5	7.071	1.976
17.6	7.071	1.976
17.7	7.071	1.976
17.8	7.071	1.976
17.9	7.071	1.976
18	7.071	1.976
18.1	7.071	1.976
18.2	7.071	1.976
18.3	7.071	1.976
18.4	7.071	1.976
18.5	7.071	1.976
18.6	7.071	1.976
18.7	7.071	1.976
18.8	7.071	1.976
18.9	7.071	1.976
19	7.071	1.976
19.1	7.071	1.976
19.2	7.071	1.976
19.3	7.071	1.976
19.4	7.071	1.976
19.5	7.071	1.976
19.6	7.071	1.976
19.7	7.071	1.976
19.8	7.071	1.976
19.9	7.071	1.976
20	7.071	1.976
20.1	7.071	1.976
20.2	7.071	1.976
20.3	7.071	1.976
20.4	7.071	1.976
20.5	7.071	1.976
20.6	7.071	1.976
20.7	7.071	1.976
20.8	7.071	1.976
20.9	7.071	1.976
21	7.071	1.976
21.1	7.071	1.976
21.2	7.071	1.976
21.3	7.071	1.976
21.4	7.071	1.976
21.5	7.071	1.976
21.6	7.071	1.976
21.7	7.071	1.976
21.8	7.071	1.976
21.9	7.071	1.976
22	7.071	1.976
22.1	7.071	1.976
22.2	7.071	1.976
22.3	7.071	1.976
22.4	7.071	1.976
22.5	7.071	1.976
22.6	7.071	1.976
22.7	7.071	1.976
22.8	7.071	1.976
22.9	7.071	1.976
23	7.071	1.976
23.1	7.071	1.976
23.2	7.071	1.976
23.3	7.071	1.976
23.4	7.071	1.976
23.5	7.071	1.976
23.6	7.071	1.976
23.7	7.071	1.976
23.8	7.071	1.976
23.9	7.071	1.976
24	7.071	1.976
24.1	7.071	1.976
24.2	7.071	1.976
24.3	7.071	1.976
24.4	7.071	1.976
24.5	7.071	1.976
24.6	7.071	1.976
24.7	7.071	1.976
24.8	7.071	1.976
24.9	7.071	1.976
25	7.071	1.976
25.1	7.071	1.976
25.2	7.071	1.976
25.3	7.071	1.976
25.4	7.071	1.976
25.5	7.071	1.976
25.6	7.071	1.976
25.7	7.071	1.976
25.8	7.071	1.976
25.9	7.071	1.976
26	7.071	1.976
26.1	7.071	1.976
26.2	7.071	1.976
26.3	7.071	1.976
26.4	7.071	1.976
26.5	7.071	1.976
26.6	7.071	1.976
26.7	7.071	1.976
26.8	7.071	1.976
26.9	7.071	1.976
27	7.071	1.976
27.1	7.071	1.976
27.2	7.071	1.976
27.3	7.071	1.976
27.4	7.071	1.976
27.5	7.071	1.976
27.6	7.071	1.976
27.7	7.071	1.976
27.8	7.071	1.976
27.9	7.071	1.976
28	7.071	1.976
28.1	7.071	1.976
28.2	7.071	1.976
28.3	7.071	1.976
28.4	7.071	1.976
28.5	7.071	1.976
28.6	7.071	1.976
28.7	7.071	1.976
28.8	7.071	1.976
28.9	7.071	1.976
29	7.071	1.976
29.1	7.071	1.976
29.2	7.071	1.976
29.3	7.071	1.976
29.4	7.071	1.976
29.5	7.071	1.976
29.6	7.071	1.976
29.7	7.071	1.976
29.8	7.071	1.976
29.9	7.071	1.976
30	7.071	1.976
30.1	7.071	1.976
30.2	7.071	1.976
30.3	7.071	1.976
30.4	7.071	1.976
30.5	7.071	1.976
30.6	7.071	1.976
30.7	7.071	1.976
30.8	7.071	1.976
30.9	7.071	1.976
31	7.071	1.976
31.1	7.071	1.976
31.2	7.071	1.976
31.3	7.071	1.976
31.4	7.071	1.976
31.5	7.071	1.976
31.6	7.071	1.976
31.7	7.071	1.976
31.8	7.071	1.976
31.9	7.071	1.976
32	7.071	1.976
32.1	7.071	1.976
32.2	7.071	1.976
32.3	7.071	1.976
32.4	7.071	1.976
32.5	7.071	1.976
32.6	7.071	1.976
32.7	7.071	1.976
32.8	7.071	1.976
32.9	7.071	1.976
33	7.071	1.976
33.1	7.071	1.976
33.2	7.071	1.976
33.3	7.071	1.976
33.4	7.071	1.976
33.5	7.071	1.976
33.6	7.071	1.976
33.7	7.071	1.976
33.8	7.071	1.976
33.9	7.071	1.976
34	7.071	1.976
34.1	7.071	1.976
34.2	7.071	1.976
34.3	7.071	1.976
34.4	7.071	1.976
34.5	7.071	1.976
34.6	7.071	1.976
34.7	7.071	1.976
34.8	7.071	1.976
34.9	7.071	1.976
35	7.071	1.976
35.1	7.071	1.976
35.2	7.071	1.976
35.3	7.071	1.976
35.4	7.071	1.976
35.5	7.071	1.976
35.6	7.071	1.976
35.7	7.071	1.976
35.8	7.071	1.976
35.9	7.071	1.976
36	7.071	1.976
36.1	7.071	1.976
36.2	7.071	1.976
36.3	7.071	1.976
36.4	7.071	1.976
36.5	7.071	1.976
36.6	7.071	1.976
36.7	7.071	1.976
36.8	7.071	1.976
36.9	7.071	1.976
37	7.071	1.976
37.1	7.071	1.976
37.2	7.071	1.976
37.3	7.071	1.976
37.4	7.071	1.976
37.5	7.071	1.976
37.6	7.071	1.976
37.7	7.071	1.976
37.8	7.071	1.976
37.9	7.071	1.976
38	7.071	1.976
38.1	7.071	1.976
38.2	7.071	1.976
38.3	7.071	1.976
38.4	7.071	1.976
38.5	7.071	1.976
38.6	7.071	1.976
38.7	7.071	1.976
38.8	7.071	1.976
38.9	7.071	1.976
39	7.071	1.976
39.1	7.071	1.976
39.2	7.071	1.976
39.3	7.071	1.976
39.4	7.071	1.976
39.5	7.071	1.976
39.6	7.071	1.976
39.7	7.071	1.976
39.8	7.071	1.976
39.9	7.071	1.976
40	7.071	1.976
40.1	7.071	1.976
40.2	7.071	1.976
40.3	7.071	1.976
40.4	7.071	1.976
40.5	7.071	1.976
40.6	7.071	1.976
40.7	7.071	1.976
40.8	7.071	1.976
40.9	7.071	1.976
41	7.071	1.976
41.1	7.071	1.976
41.2	7.071	1.976
41.3	7.071	1.976
41.4	7.071	1.976
41.5	7.071	1.976
41.6	7.071	1.976
41.7	7.071	1.976
41.8	7.071	1.976
41.9	7.071	1.976
42	7.071	1.976
42.1	7.071	1.976
42.2	7.071	1.976
42.3	7.071	1.976
42.4	7.071	1.976
42.5	7.071	1.976
42.6	7.071	1.976
42.7	7.071	1.976
42.8	7.071	1.976
42.9	7.071	1.976
43	7.071	1.976
43.1	7.071	1.976
43.2	7.071	1.976
43.3	7.071	1.976
43.4	7.071	1.976
43.5	7.071	1.976
43.6	7.071	1.976
43.7	7.071	1.976
43.8	7.071	1.976
43.9	7.071	1.976
44	7.071	1.976
44.1	7.071	1.976
44.2	7.071	1.976
44.3	7.071	1.976
44.4	7.071	1.976
44.5	7.071	1.976
44.6	7.071	1.976
44.7	7.071	1.976
44.8	7.071	1.976
44.9	7.071	1.976
45	7.071	1.976
45.1	7.071	1.976
45.2	7.071	1.976
45.3	7.071	1.976
45.4	7.071	1.976
45.5	7.071	1.976
45.6	7.071	1.976
45.7	7.071	1.976
45.8	7.071	1.976
45.9	7.071	1.976
46	7.071	1.976
46.1	7.071	1.976
46.2	7.071	1.976
46.3	7.071	1.976
46.4	7.071	1.976
46.5	7.071	1.976
46.6	7.071	1.976
46.7	7.071	1.976
46.8	7.071	1.976
46.9	7.071	1.976
47	7.071	1.976
47.1	7.071	1.976
47.2	7.071	1.976
47.3	7.071	1.976
47.4	7.071	1.976
47.5	7.071	1.976
47.6	7.071	1.976
47.7	7.071	1.976
47.8	7.071	1.976
47.9	7.071	1.976
48	7.071	1.976
48.1	7.071	1.976
48.2	7.071	1.976
48.3	7.071	1.976
48.4	7.071	1.976
48.5	7.071	1.976
48.6	7.071	1.976
48.7	7.071	1.976
48.8	7.071	1.976
48.9	7.071	1.976
49	7.071	1.976
49.1	7.071	1.976
49.2	7.071	1.976
49.3	7.071	1.976
49.4	7.071	1.976
49.5	7.071	1.976
49.6	7.071	1.976
49.7	7.071	1.976
49.8	7.071	1.976
49.9	7.071	1.976
50	7.071	1.976
50.1	7.071	1.976
50.2	7.071	1.976
50.3	7.071	1.976
50.4	7.071	1.976
50.5	7.071	1.976
50.6	7.071	1.976
50.7	7.071	1.976
50.8	7.071	1.976
50.9	7.071	1.976
51	7.071	1.976
51.1	7.071	1.976
51.2	7.071	1.976
51.3	7.071	1.976
51.4	7.071	1.976
51.5	7.071	1.976
51.6	7.071	1.976
51.7	7.071	1.976
51.8	7.071	1.976
51.9	7.071	1.976
52	7.071	1.976
52.1	7.071	1.976
52.2	7.071	1.976
52.3	7.071	1.976
52.4	7.071	1.976
52.5	7.071	1.976
52.6	7.071	1.976
52.7	7.071	1.976
52.8	7.071	1.976
52.9	7.071	1.976
53	7.071	1.976
53.1	7.071	1.976
53.2	7.071	1.976
53.3	7.071	1.976
53.4	7.071	1.976
53.5	7.071	1.976
53.6	7.071	1.976
53.7	7.071	1.976
53.8	7.071	1.976
53.9	7.071	1.976
54	7.071	1.976
54.1	7.071	1.976
54.2	7.071	1.976
54.3	7.071	1.976
54.4	7.071	1.976
54.5	7.071	1.976
54.6	7.071	1.976
54.7	7.071	1.976
54.8	7.071	1.976
54.9	7.071	1.976
55	7.071	1.976
55.1	7.071	1.976
55.2	7.071	1.976
55.3	7.071	1.976
55.4	7.071	1.976
55.5	7.071	1.976
55.6	7.071	1.976
55.7	7.071	1.976
55.8	7.071	1.976
55.9	7.071	1.976
56	7.071	1.976
56.1	7.071	1.976
56.2	7.071	1.976
56.3	7.071	1.976
56.4	7.071	1.976
56.5	7.071	1.976
56.6	7.071	1.976
56.7	7.071	1.976
56.8	7.071	1.976
56.9	7.071	1.976
57	7.071	1.976
57.1	7.071	1.976
57.2	7.071	1.976
57.3	7.071	1.976
57.4	7.071	1.976
57.5	7.071	1.976
57.6	7.071	1.976
57.7	7.071	1.976
57.8	7.071	1.976
57.9	7.071	1.976
58	7.071	1.976
58.1	7.071	1.976
58.2	7.071	1.976
58.3	7.071	1.976
58.4	7.071	1.976
58.5	7.071	1.976
58.6	7.071	1.976
58.7	7.071	1.976
58.8	7.071	1.976
58.9	7.071	1.976
59	7.071	1.976
59.1	7.071	1.976
59.2	7.071	1.976
59.3	7.071	1.976
59.4	7.071	1.976
59.5	7.071	1.976
59.6	7.071	1.976
59.7	7.071	1.976
59.8	7.071	1.976
59.9	7.071	1.976
60	7.071	1.976
60.1	7.071	1.976
60.2	7.071	1.976
60.3	7.071	1.976
60.4	7.071	1.976
60.5	7.071	1.976
60.6	7.071	1.976
60.7	7.071	1.976
60.8	7.071	1.976
60.9	7.071	1.976
61	7.071	1.976
61.1	7.071	1.976
61.2	7.071	1.976
61.3	7.071	1.976
61.4	7.071	1.976
61.5	7.071	1.976
61.6	7.071	1.976
61.7	7.071	1.976
61.8	7.071	1.976
61.9	7.071	1.976
62	7.071	1.976
62.1	7.071	1.976
62.2	7.071	1.976
62.3	7.071	1.976
62.4	7.071	1.976
62.5	7.071	1.976
62.6	7.071	1.976
62.7	7.071	1.976
62.8	7.071	1.976
62.9	7.071	1.976
63	7.071	1.976
63.1	7.071	1.976
63.2	7.071	1.976
63.3	7.071	1.976
63.4	7.071	1.976
63.5	7.071	1.976
63.6	7.071	1.976
63.7	7.071	1.976
63.8	7.071	1.976
63.9	7.071	1.976
64	7.071	1.976
64.1	7.071	1.976
64.2	7.071	1.976
64.3	7.071	1.976
64.4	7.071	1.976
64.5	7.071	1.976
64.6	7.071	1.976
64.7	7.071	1.976
64.8	7.071	1.976
64.9	7.071	1.976
65	7.071	1.976
65.1	7.071	1.976
65.2	7.071	1.976
65.3	7.071	1.976
65.4	7.071	1.976
65.5	7.071	1.976
65.6	7.071	1.976
65.7	7.071	1.976
65.8	7.071	1.976
65.9	7.071	1.976
66	7.071	1.976
66.1	7.071	1.976
66.2	7.071	1.976
66.3	7.071	1.976
66.4	7.071	1.976
66.5	7.071	1.976
66.6	7.071	1.976
66.7	7.071	1.976
66.8	7.071	1.976
66.9	7.071	1.976
67	7.071	1.976
67.1	7.071	1.976
67.2	7.071	1.976
67.3	7.071	1.976
67.4	7.071	1.976
67.5	7.071	1.976
67.6	7.071	1.976
67.7	7.071	1.976
67.8	7.071	1.976
67.9	7.071	1.976
68	7.071	1.976
68.1	7.071	1.976
68.2	7.071	1.976
68.3	7.071	1.976
68.4	7.071	1.976
68.5	7.071	1.976
68.6	7.071	1.976
68.7	7.071	1.976
68.8	7.071	1.976
68.9	7.071	1.976
69	7.071	1.976
69.1	7.071	1.976
69.2	7.071	1.976
69.3	7.071	1.976
69.4	7.071	1.976
69.5	7.071	1.976
69.6	7.071	1.976
69.7	7.071	1.976
69.8	7.071	1.976
69.9	7.071	1.976
70	7.071	1.976
70.1	7.071	1.976
70.2	7.071	1.976
70.3	7.071	1.976
70.4	7.071	1.976
70.5	7.071	1.976
70.6	7.071	1.976
70.7	7.071	1.976
70.8	7.071	1.976
70.9	7.071	1.976
71	7.071	1.976
71.1	7.071	1.976
71.2	7.071	1.976
71.3	7.071	1.976
71.4	7.071	1.976
71.5	7.071	1.976
71.6	7.071	1.976
71.7	7.071	1.976
71.8	7.071	1.976
71.9	7.071	1.976
72	7.071	1.976
72.1	7.071	1.976
72.2	7.071	1.976
72.3	7.071	1.976
72.4	7.071	1.976
72.5	7.071	1.976
72.6	7.071	1.976
72.7	7.071	1.976
72.8	7.071	1.976
72.9	7.071	1.976
73	7.071	1.976
73.1	7.071	1.976
73.2	7.071	1.976
73.3	7.071	1.976
73.4	7.071	1.976
73.5	7.071	1.976
73.6	7.071	1.976
73.7	7.071	1.976
73.8	7.071	1.976
73.9	7.071	1.976
74	7.071	1.976
74.1	7.071	1.976
74.2	7.071	1.976
74.3	7.071	1.976
74.4	7.071	1.976
74.5	7.071	1.976
74.6	7.071	1.976
74.7	7.071	1.976
74.8	7.071	1.976
74.9	7.071	1.976
75	7.071	1.976
75.1	7.071	1.976
75.2	7.071	1.976
75.3	7.071	1.976
75.4	7.071	1.976
75.5	7.071	1.976
75.6	7.071	1.976
75.7	7.071	1.976
75.8	7.071	1.976
75.9	7.071	1.976
76	7.071	1.976
76.1	7.071	1.976
76.2	7.071	1.976
76.3	7.071	1.976
76.4	7.071	1.976
76.5	7.071	1.976
76.6	7.071	1.976
76.7	7.071	1.976
76.8	7.071	1.976
76.9	7.071	1.976
77	7.071	1.976
77.1	7.071	1.976
77.2	7.071	1.976
77.3	7.071	1.976
77.4	7.071	1.976
77.5	7.071	1.976
77.6	7.071	1.976
77.7	7.071	1.976
77.8	7.071	1.976
77.9	7.071	1.976
78	7.071	1.976
78.1	7.071	1.976
78.2	7.071	1.976
78.3	7.071	1.976
78.4	7.071	1.976
78.5	7.071	1.976
78.6	7.071	1.976
78.7	7.071	1.976
78.8	7.071	1.976
78.9	7.071	1.976
79	7.071	1.976
79.1	7.071	1.976
79.2	7.071	1.976
79.3	7.071	1.976
79.4	7.071	1.976
79.5	7.071	1.976
79.6	7.071	1.976
79.7	7.071	1.976
79.8	7.071	1.976
79.9	7.071	1.976
80	7.071	1.976
80.1	7.071	1.976
80.2	7.071	1.976
80.3	7.071	1.976
80.4	7.071	1.976
80.5	7.071	1.976
80.6	7.071	1.976
80.7	7.071	1.976
80.8	7.071	1.976
80.9	7.071	1.976
81	7.071	1.976
81.1	7.071	1.976
81.2	7.071	1.976
81.3	7.071	1.976
81.4	7.071	1.976
81.5	7.071	1.976
81.6	7.071	1.976
81.7	7.071	1.976
81.8	7.071	1.976
81.9	7.072	1.976
82	7.072	1.976
82.1	7.071	1.976
82.2	7.071	1.976
82.3	7.071	1.976
82.4	7.071	1.976
82.5	7.071	1.976
82.6	7.071	1.976
82.7	7.071	1.976
82.8	7.071	1.976
82.9	7.071	1.976
83	7.071	1.976
83.1	7.071	1.976
83.2	7.071	1.976
83.3	7.071	1.976
83.4	7.071	1.976
83.5	7.071	1.976
83.6	7.071	1.976
83.7	7.071	1.976
83.8	7.071	1.976
83.9	7.071	1.976
84	7.071	1.976
84.1	7.071	1.976
84.2	7.071	1.976
84.3	7.071	1.976
84.4	7.071	1.976
84.5	7.071	1.976
84.6	7.071	1.976
84.7	7.071	1.976
84.8	7.071	1.976
84.9	7.071	1.976
85	7.071	1.976
85.1	7.071	1.976
85.2	7.071	1.975
85.3	7.069	1.978
85.4	7.067	1.985
85.5	7.064	2
85.6	7.055	2.013
85.7	7.046	2.008
85.8	7.034	1.993
85.9	7.014	1.984
86	6.992	1.992
86.1	6.971	2.02
86.2	6.944	2.06
86.3	6.908	2.101
86.4	6.871	2.135
86.5	6.838	2.157
86.6	6.809	2.148
86.7	6.793	2.127
86.8	6.778	2.099
86.9	6.769	2.074
87	6.759	2.064
87.1	6.751	2.073
87.2	6.745	2.086
87.3	6.739	2.093
87.4	6.737	2.109
87.5	6.748	2.138
87.6	6.774	2.195
87.7	6.787	2.238
87.8	6.782	2.271
87.9	6.771	2.289
88	6.76	2.299
88.1	6.765	2.314
88.2	6.771	2.344
88.3	6.784	2.383
88.4	6.799	2.426
88.5	6.814	2.461
88.6	6.827	2.495
88.7	6.842	2.532
88.8	6.86	2.557
88.9	6.877	2.57
89	6.888	2.597
89.1	6.888	2.648
89.2	6.887	2.712
89.3	6.894	2.777
89.4	6.898	2.843
89.5	6.892	2.911
89.6	6.894	2.965
89.7	6.909	3.004
89.8	6.925	3.046
89.9	6.94	3.096
90	6.952	3.159
90.1	6.966	3.228
90.2	6.983	3.289
90.3	6.993	3.347
90.4	7.002	3.403
90.5	7.017	3.457
90.6	7.03	3.512
90.7	7.023	3.569
90.8	7.01	3.628
90.9	7.001	3.689
91	6.999	3.754
91.1	7.004	3.819
91.2	7.02	3.869
91.3	7.038	3.908
91.4	7.059	3.94
91.5	7.082	3.973
91.6	7.104	4.012
91.7	7.112	4.05
91.8	7.122	4.082
91.9	7.136	4.112
92	7.148	4.138
92.1	7.174	4.155
92.2	7.197	4.174
92.3	7.19	4.206
92.4	7.17	4.227
92.5	7.164	4.248
92.6	7.183	4.268
92.7	7.222	4.296
92.8	7.257	4.331
92.9	7.288	4.368
93	7.313	4.4
93.1	7.321	4.424
93.2	7.327	4.449
93.3	7.343	4.473
93.4	7.356	4.498
93.5	7.365	4.531
93.6	7.38	4.557
93.7	7.395	4.578
93.8	7.41	4.594
93.9	7.416	4.608
94	7.424	4.621
94.1	7.433	4.628
94.2	7.443	4.635
94.3	7.449	4.641
94.4	7.457	4.644
94.5	7.465	4.648
94.6	7.47	4.655
94.7	7.477	4.658
94.8	7.484	4.661
94.9	7.486	4.662
95	7.487	4.663
95.1	7.491	4.665
95.2	7.489	4.663
95.3	7.491	4.665
95.4	7.495	4.669
95.5	7.497	4.671
95.6	7.499	4.673
95.7	7.501	4.675
95.8	7.504	4.676
95.9	7.506	4.676
96	7.509	4.676
96.1	7.511	4.676
96.2	7.513	4.676
96.3	7.516	4.677
96.4	7.52	4.678
96.5	7.521	4.68
96.6	7.522	4.683
96.7	7.52	4.685
96.8	7.517	4.688
96.9	7.515	4.689
97	7.516	4.691
97.1	7.518	4.692
97.2	7.518	4.693
97.3	7.519	4.692
97.4	7.519	4.693
97.5	7.518	4.696
97.6	7.515	4.698
97.7	7.513	4.699
97.8	7.513	4.7
97.9	7.514	4.7
98	7.514	4.7
98.1	7.512	4.7
98.2	7.51	4.702
98.3	7.51	4.704
98.4	7.511	4.704
98.5	7.512	4.704
98.6	7.511	4.705
98.7	7.51	4.705
98.8	7.51	4.706
98.9	7.511	4.706
99	7.512	4.705
99.1	7.513	4.706
99.2	7.513	4.707
99.3	7.514	4.709
99.4	7.515	4.708
99.5	7.516	4.707
99.6	7.516	4.707
99.7	7.514	4.707
99.8	7.514	4.705
99.9	7.513	4.704
100	7.512	4.703
100.1	7.512	4.702
100.2	7.513	4.702
100.3	7.513	4.702
100.4	7.514	4.701
100.5	7.515	4.699
100.6	7.515	4.698
100.7	7.514	4.699
100.8	7.513	4.7
100.9	7.512	4.702
101	7.511	4.706
101.1	7.51	4.715
101.2	7.51	4.727
101.3	7.51	4.736
101.4	7.51	4.741
101.5	7.509	4.741
101.6	7.507	4.741
101.7	7.504	4.737
101.8	7.504	4.728
101.9	7.505	4.72
102	7.507	4.711
102.1	7.509	4.706
102.2	7.512	4.701
102.3	7.514	4.699
102.4	7.514	4.699
102.5	7.515	4.7
102.6	7.515	4.7
102.7	7.515	4.699
102.8	7.514	4.697
102.9	7.515	4.695
103	7.515	4.693
103.1	7.516	4.692
103.2	7.516	4.693
103.3	7.517	4.693
103.4	7.518	4.692
103.5	7.52	4.691
103.6	7.521	4.689
103.7	7.519	4.687
103.8	7.517	4.686
103.9	7.516	4.687
104	7.516	4.69
104.1	7.516	4.694
104.2	7.517	4.696
104.3	7.518	4.697
104.4	7.519	4.697
104.5	7.52	4.696
104.6	7.521	4.696
104.7	7.521	4.697
104.8	7.52	4.698
104.9	7.519	4.699
105	7.517	4.701
105.1	7.516	4.702
105.2	7.516	4.703
105.3	7.516	4.705
105.4	7.516	4.707
105.5	7.517	4.709
105.6	7.518	4.71
105.7	7.52	4.712
105.8	7.522	4.712
105.9	7.525	4.712
106	7.528	4.712
106.1	7.53	4.711
106.2	7.531	4.709
106.3	7.534	4.708
106.4	7.535	4.704
106.5	7.536	4.701
106.6	7.537	4.698
106.7	7.536	4.698
106.8	7.537	4.696
106.9	7.538	4.696
107	7.54	4.696
107.1	7.539	4.696
107.2	7.539	4.697
107.3	7.538	4.699
107.4	7.536	4.701
107.5	7.536	4.7
107.6	7.536	4.7
107.7	7.536	4.701
107.8	7.536	4.701
107.9	7.537	4.701
108	7.538	4.702
108.1	7.539	4.703
108.2	7.539	4.701
108.3	7.54	4.697
108.4	7.541	4.697
108.5	7.542	4.697
108.6	7.543	4.698
108.7	7.544	4.698
108.8	7.544	4.697
108.9	7.543	4.694
109	7.544	4.692
109.1	7.544	4.691
109.2	7.545	4.687
109.3	7.548	4.68
109.4	7.553	4.675
109.5	7.554	4.671
109.6	7.554	4.668
109.7	7.554	4.667
109.8	7.554	4.666
109.9	7.554	4.666
110	7.552	4.666
110.1	7.55	4.667
110.2	7.548	4.67
110.3	7.542	4.674
110.4	7.536	4.681
110.5	7.531	4.687
110.6	7.527	4.694
110.7	7.524	4.699
110.8	7.523	4.702
110.9	7.521	4.704
111	7.521	4.704
111.1	7.519	4.703
111.2	7.517	4.702
111.3	7.516	4.702
111.4	7.516	4.703
111.5	7.514	4.702
111.6	7.514	4.701
111.7	7.513	4.701
111.8	7.512	4.7
111.9	7.512	4.7
112	7.513	4.7
112.1	7.513	4.7
112.2	7.514	4.702
112.3	7.514	4.703
112.4	7.514	4.703
112.5	7.513	4.704
112.6	7.514	4.704
112.7	7.514	4.705
112.8	7.512	4.705
112.9	7.511	4.705
113	7.51	4.705
113.1	7.509	4.704
113.2	7.511	4.705
113.3	7.511	4.705
113.4	7.51	4.706
113.5	7.51	4.706
113.6	7.509	4.706
113.7	7.509	4.705
113.8	7.51	4.705
113.9	7.51	4.704
114	7.513	4.7
114.1	7.514	4.7
114.2	7.515	4.703
114.3	7.517	4.703
114.4	7.518	4.702
114.5	7.52	4.7
114.6	7.521	4.699
114.7	7.52	4.7
114.8	7.52	4.699
114.9	7.52	4.699
115	7.519	4.7
115.1	7.516	4.702
115.2	7.515	4.703
115.3	7.515	4.703
115.4	7.514	4.704
115.5	7.514	4.705
115.6	7.513	4.706
115.7	7.513	4.707
115.8	7.512	4.707
115.9	7.511	4.708
116	7.51	4.709
116.1	7.51	4.709
116.2	7.509	4.708
116.3	7.509	4.708
116.4	7.508	4.708
116.5	7.508	4.708
116.6	7.508	4.707
116.7	7.507	4.706
116.8	7.508	4.705
116.9	7.509	4.705
117	7.51	4.704
117.1	7.511	4.703
117.2	7.51	4.703
117.3	7.509	4.703
117.4	7.509	4.702
117.5	7.509	4.702
117.6	7.511	4.702
117.7	7.512	4.703
117.8	7.513	4.703
117.9	7.514	4.704
118	7.516	4.705
118.1	7.518	4.706
118.2	7.519	4.706
118.3	7.521	4.708
118.4	7.523	4.71
118.5	7.524	4.712
118.6	7.526	4.714
118.7	7.528	4.716
118.8	7.53	4.717
118.9	7.532	4.717
119	7.533	4.718
119.1	7.531	4.718
119.2	7.53	4.718
119.3	7.53	4.719
119.4	7.53	4.719
119.5	7.53	4.718
119.6	7.528	4.717
119.7	7.526	4.717
119.8	7.526	4.716
119.9	7.526	4.716
120	7.527	4.716
120.1	7.526	4.716
120.2	7.528	4.716
120.3	7.528	4.716
120.4	7.53	4.716
120.5	7.53	4.716
120.6	7.53	4.714
120.7	7.531	4.713
120.8	7.533	4.71
120.9	7.535	4.708
121	7.536	4.707
121.1	7.536	4.705
121.2	7.532	4.703
121.3	7.52	4.698
121.4	7.509	4.693
121.5	7.493	4.687
121.6	7.478	4.68
121.7	7.458	4.67
121.8	7.436	4.652
121.9	7.412	4.626
122	7.394	4.588
122.1	7.379	4.536
122.2	7.367	4.469
122.3	7.353	4.378
122.4	7.345	4.296
122.5	7.34	4.19
122.6	7.344	4.067
122.7	7.365	3.925
122.8	7.413	3.755
122.9	7.473	3.611
123	7.538	3.488
123.1	7.594	3.387
123.2	7.636	3.294
123.3	7.663	3.206
123.4	7.674	3.127
123.5	7.674	3.055
123.6	7.656	2.987
123.7	7.625	2.939
123.8	7.599	2.92
123.9	7.599	2.924
124	7.6	2.925
124.1	7.593	2.936
124.2	7.588	2.956
124.3	7.583	2.983
124.4	7.579	3.014
124.5	7.578	3.051
124.6	7.573	3.092
124.7	7.567	3.132
124.8	7.589	3.176
124.9	7.599	3.205
125	7.609	3.216
125.1	7.616	3.215
125.2	7.619	3.212
125.3	7.617	3.21
125.4	7.614	3.2
125.5	7.61	3.189
125.6	7.602	3.18
125.7	7.591	3.175
125.8	7.58	3.174
125.9	7.574	3.174
126	7.573	3.172
126.1	7.572	3.167
126.2	7.57	3.164
126.3	7.562	3.162
126.4	7.555	3.159
126.5	7.553	3.152
126.6	7.558	3.143
126.7	7.571	3.133
126.8	7.588	3.125
126.9	7.6	3.118
127	7.603	3.114
127.1	7.6	3.113
127.2	7.593	3.116
127.3	7.589	3.121
127.4	7.59	3.126
127.5	7.592	3.131
127.6	7.594	3.133
127.7	7.599	3.136
127.8	7.602	3.142
127.9	7.596	3.149
128	7.585	3.152
128.1	7.574	3.151
128.2	7.566	3.148
128.3	7.563	3.145
128.4	7.56	3.145
128.5	7.554	3.15
128.6	7.547	3.156
128.7	7.546	3.157
128.8	7.558	3.142
128.9	7.59	3.116
129	7.622	3.084
129.1	7.651	3.047
129.2	7.679	3.004
129.3	7.698	2.967
129.4	7.687	2.934
129.5	7.657	2.897
129.6	7.615	2.848
129.7	7.558	2.785
129.8	7.525	2.729
129.9	7.521	2.692
130	7.527	2.683
130.1	7.531	2.68
130.2	7.531	2.676
130.3	7.531	2.678
130.4	7.535	2.676
130.5	7.535	2.677
130.6	7.535	2.677
130.7	7.535	2.677
130.8	7.535	2.678
130.9	7.535	2.678
131	7.535	2.678
131.1	7.535	2.677
131.2	7.535	2.678
131.3	7.535	2.678
131.4	7.535	2.678
131.5	7.535	2.678
131.6	7.535	2.678
131.7	7.535	2.678
131.8	7.535	2.678
131.9	7.535	2.678
132	7.535	2.678
132.1	7.535	2.679
132.2	7.535	2.679
132.3	7.535	2.679
132.4	7.535	2.679
132.5	7.535	2.678
132.6	7.535	2.678
132.7	7.535	2.679
132.8	7.535	2.679
132.9	7.535	2.679
133	7.535	2.679
133.1	7.535	2.679
133.2	7.535	2.679
133.3	7.535	2.679
133.4	7.535	2.679
133.5	7.535	2.679
133.6	7.535	2.679
133.7	7.535	2.679
133.8	7.534	2.679
133.9	7.534	2.679
134	7.534	2.678
134.1	7.534	2.679
134.2	7.534	2.678
134.3	7.534	2.678
134.4	7.534	2.678
134.5	7.535	2.679
134.6	7.536	2.679
134.7	7.537	2.679
134.8	7.538	2.68
134.9	7.54	2.68
135	7.542	2.681
135.1	7.544	2.681
135.2	7.545	2.681
135.3	7.546	2.682
135.4	7.548	2.682
135.5	7.548	2.682
135.6	7.549	2.682
135.7	7.55	2.683
135.8	7.55	2.683
135.9	7.55	2.683
136	7.551	2.683
136.1	7.552	2.683
136.2	7.552	2.683
136.3	7.552	2.683
136.4	7.553	2.683
136.5	7.553	2.683
136.6	7.554	2.684
136.7	7.555	2.684
136.8	7.554	2.684
136.9	7.554	2.684
137	7.554	2.684
137.1	7.554	2.684
137.2	7.553	2.683
137.3	7.553	2.683
137.4	7.553	2.683
137.5	7.553	2.683
137.6	7.552	2.683
137.7	7.551	2.683
137.8	7.551	2.683
137.9	7.55	2.682
138	7.55	2.682
138.1	7.55	2.682
138.2	7.55	2.682
138.3	7.55	2.683
138.4	7.55	2.683
138.5	7.551	2.683
138.6	7.551	2.683
138.7	7.551	2.683
138.8	7.55	2.683
138.9	7.551	2.683
139	7.551	2.683
139.1	7.551	2.683
139.2	7.55	2.683
139.3	7.551	2.683
139.4	7.551	2.683
139.5	7.551	2.683
139.6	7.551	2.683
139.7	7.551	2.683
139.8	7.55	2.683
139.9	7.549	2.682
140	7.55	2.682
140.1	7.55	2.682
140.2	7.55	2.682
140.3	7.551	2.683
140.4	7.551	2.683
140.5	7.551	2.683
140.6	7.551	2.683
140.7	7.552	2.683
140.8	7.551	2.683
140.9	7.551	2.683
141	7.551	2.683
141.1	7.551	2.683
141.2	7.551	2.683
141.3	7.551	2.683
141.4	7.551	2.683
141.5	7.552	2.683
141.6	7.552	2.683
141.7	7.553	2.683
141.8	7.553	2.683
141.9	7.553	2.683
142	7.552	2.683
142.1	7.552	2.683
142.2	7.552	2.683
142.3	7.552	2.683
142.4	7.552	2.683
142.5	7.552	2.683
142.6	7.552	2.683
142.7	7.552	2.683
142.8	7.552	2.683
142.9	7.551	2.683
143	7.552	2.683
143.1	7.552	2.683
143.2	7.552	2.683
143.3	7.552	2.683
143.4	7.552	2.683
143.5	7.552	2.683
143.6	7.552	2.683
143.7	7.551	2.683
143.8	7.551	2.683
143.9	7.551	2.683
144	7.552	2.683
144.1	7.552	2.683
144.2	7.551	2.683
144.3	7.551	2.683
144.4	7.55	2.682
144.5	7.55	2.682
144.6	7.549	2.682
144.7	7.55	2.682
144.8	7.549	2.682
144.9	7.549	2.682
145	7.55	2.682
145.1	7.549	2.682
145.2	7.549	2.682
145.3	7.549	2.682
145.4	7.548	2.684
145.5	7.55	2.675
145.6	7.552	2.66
145.7	7.563	2.663
145.8	7.604	2.699
145.9	7.645	2.738
146	7.683	2.78
146.1	7.711	2.812
146.2	7.724	2.828
146.3	7.73	2.842
146.4	7.727	2.85
146.5	7.713	2.847
146.6	7.699	2.833
146.7	7.687	2.818
146.8	7.668	2.798
146.9	7.647	2.781
147	7.627	2.774
147.1	7.623	2.758
147.2	7.639	2.747
147.3	7.658	2.754
147.4	7.711	2.795
147.5	7.761	2.827
147.6	7.776	2.831
147.7	7.789	2.842
147.8	7.8	2.853
147.9	7.812	2.864
148	7.829	2.869
148.1	7.838	2.877
148.2	7.85	2.884
148.3	7.856	2.883
148.4	7.857	2.88
148.5	7.856	2.88
148.6	7.853	2.88
148.7	7.85	2.876
148.8	7.851	2.869
148.9	7.854	2.862
149	7.853	2.858
149.1	7.849	2.856
149.2	7.848	2.854
149.3	7.849	2.852
149.4	7.852	2.854
149.5	7.852	2.858
149.6	7.849	2.864
149.7	7.846	2.867
149.8	7.845	2.866
149.9	7.845	2.865
150	7.849	2.863
150.1	7.854	2.864
150.2	7.858	2.863
150.3	7.862	2.859
150.4	7.863	2.856
150.5	7.866	2.859
150.6	7.867	2.861
150.7	7.867	2.859
150.8	7.863	2.857
150.9	7.859	2.864
151	7.848	2.866
151.1	7.834	2.873
151.2	7.837	2.874
151.3	7.837	2.869
151.4	7.825	2.864
151.5	7.812	2.86
151.6	7.792	2.857
151.7	7.776	2.85
151.8	7.752	2.836
151.9	7.727	2.822
152	7.701	2.814
152.1	7.683	2.811
152.2	7.674	2.814
152.3	7.67	2.819
152.4	7.667	2.82
152.5	7.661	2.821
152.6	7.656	2.825
152.7	7.662	2.841
152.8	7.69	2.866
152.9	7.732	2.871
153	7.764	2.879
153.1	7.764	2.884
153.2	7.782	2.884
153.3	7.798	2.885
153.4	7.802	2.891
153.5	7.807	2.892
153.6	7.811	2.893
153.7	7.82	2.894
153.8	7.83	2.895
153.9	7.839	2.896
154	7.846	2.897
154.1	7.851	2.896
154.2	7.853	2.893
154.3	7.851	2.892
154.4	7.852	2.889
154.5	7.853	2.886
154.6	7.853	2.885
154.7	7.855	2.883
154.8	7.856	2.88
154.9	7.856	2.88
155	7.857	2.88
155.1	7.861	2.878
155.2	7.863	2.878
155.3	7.866	2.877
155.4	7.871	2.877
155.5	7.875	2.877
155.6	7.879	2.877
155.7	7.881	2.877
155.8	7.882	2.877
155.9	7.883	2.878
156	7.885	2.879
156.1	7.886	2.88
156.2	7.885	2.881
156.3	7.885	2.882
156.4	7.884	2.882
156.5	7.884	2.883
156.6	7.884	2.884
156.7	7.885	2.883
156.8	7.886	2.883
156.9	7.886	2.883
157	7.887	2.883
157.1	7.887	2.882
157.2	7.887	2.881
157.3	7.887	2.88
157.4	7.888	2.88
157.5	7.889	2.879
157.6	7.89	2.879
157.7	7.892	2.88
157.8	7.893	2.88
157.9	7.894	2.879
158	7.896	2.879
158.1	7.898	2.877
158.2	7.9	2.876
158.3	7.902	2.875
158.4	7.904	2.875
158.5	7.907	2.875
158.6	7.909	2.875
158.7	7.912	2.875
158.8	7.914	2.876
158.9	7.917	2.876
159	7.918	2.877
159.1	7.918	2.878
159.2	7.917	2.878
159.3	7.917	2.879
159.4	7.917	2.879
159.5	7.917	2.88
159.6	7.916	2.88
159.7	7.915	2.88
159.8	7.913	2.88
159.9	7.912	2.881
160	7.911	2.882
160.1	7.91	2.882
160.2	7.909	2.881
160.3	7.908	2.881
160.4	7.906	2.88
160.5	7.905	2.881
160.6	7.904	2.881
160.7	7.894	2.881
160.8	7.894	2.881
160.9	7.893	2.88
161	7.892	2.878
161.1	7.892	2.877
161.2	7.891	2.876
161.3	7.891	2.875
161.4	7.89	2.874
161.5	7.89	2.874
161.6	7.89	2.873
161.7	7.891	2.873
161.8	7.891	2.872
161.9	7.892	2.871
162	7.893	2.871
162.1	7.894	2.871
162.2	7.895	2.871
162.3	7.895	2.871
162.4	7.896	2.871
162.5	7.897	2.872
162.6	7.897	2.872
162.7	7.898	2.872
162.8	7.898	2.874
162.9	7.898	2.874
163	7.897	2.873
163.1	7.897	2.871
163.2	7.895	2.869
163.3	7.894	2.868
163.4	7.893	2.867
163.5	7.892	2.867
163.6	7.892	2.868
163.7	7.893	2.868
163.8	7.893	2.868
163.9	7.894	2.868
164	7.895	2.868
164.1	7.895	2.869
164.2	7.896	2.869
164.3	7.897	2.869
164.4	7.897	2.869
164.5	7.898	2.869
164.6	7.899	2.869
164.7	7.899	2.869
164.8	7.899	2.869
164.9	7.899	2.869
165	7.9	2.868
165.1	7.9	2.868
165.2	7.901	2.867
165.3	7.901	2.867
165.4	7.901	2.867
165.5	7.901	2.868
165.6	7.901	2.868
165.7	7.901	2.869
165.8	7.901	2.869
165.9	7.901	2.87
166	7.901	2.87
166.1	7.9	2.87
166.2	7.9	2.87
166.3	7.9	2.871
166.4	7.901	2.871
166.5	7.902	2.871
166.6	7.902	2.872
166.7	7.903	2.872
166.8	7.903	2.872
166.9	7.904	2.872
167	7.904	2.872
167.1	7.905	2.872
167.2	7.906	2.871
167.3	7.908	2.871
167.4	7.909	2.87
167.5	7.91	2.869
167.6	7.911	2.869
167.7	7.912	2.868
167.8	7.912	2.868
167.9	7.913	2.867
168	7.913	2.868
168.1	7.912	2.868
168.2	7.912	2.869
168.3	7.911	2.87
168.4	7.909	2.87
168.5	7.908	2.871
168.6	7.907	2.872
168.7	7.906	2.873
168.8	7.904	2.874
168.9	7.903	2.874
169	7.901	2.874
169.1	7.899	2.875
169.2	7.898	2.875
169.3	7.897	2.876
169.4	7.896	2.876
169.5	7.895	2.877
169.6	7.894	2.878
169.7	7.893	2.878
169.8	7.892	2.878
169.9	7.892	2.878
170	7.892	2.877
170.1	7.893	2.876
170.2	7.893	2.876
170.3	7.893	2.876
170.4	7.893	2.876
170.5	7.893	2.876
170.6	7.893	2.876
170.7	7.893	2.875
170.8	7.893	2.875
170.9	7.893	2.874
171	7.893	2.874
171.1	7.892	2.874
171.2	7.892	2.875
171.3	7.891	2.875
171.4	7.891	2.876
171.5	7.891	2.876
171.6	7.891	2.877
171.7	7.892	2.878
171.8	7.892	2.879
171.9	7.893	2.88
172	7.894	2.881
172.1	7.894	2.88
172.2	7.895	2.879
172.3	7.896	2.879
172.4	7.898	2.878
172.5	7.899	2.878
172.6	7.9	2.877
172.7	7.901	2.876
172.8	7.902	2.876
172.9	7.902	2.876
173	7.903	2.876
173.1	7.904	2.876
173.2	7.904	2.875
173.3	7.904	2.874
173.4	7.904	2.873
173.5	7.904	2.872
173.6	7.904	2.872
173.7	7.903	2.872
173.8	7.902	2.873
173.9	7.901	2.874
174	7.9	2.873
174.1	7.899	2.874
174.2	7.898	2.875
174.3	7.896	2.876
174.4	7.895	2.876
174.5	7.894	2.877
174.6	7.892	2.877
174.7	7.891	2.877
174.8	7.889	2.877
174.9	7.887	2.877
175	7.885	2.877
175.1	7.882	2.877
175.2	7.88	2.877
175.3	7.878	2.876
175.4	7.878	2.876
175.5	7.878	2.875
175.6	7.877	2.875
175.7	7.877	2.875
175.8	7.876	2.875
175.9	7.874	2.874
176	7.873	2.873
176.1	7.873	2.873
176.2	7.873	2.872
176.3	7.873	2.872
176.4	7.875	2.872
176.5	7.877	2.873
176.6	7.879	2.874
176.7	7.881	2.873
176.8	7.882	2.871
176.9	7.884	2.87
177	7.885	2.872
177.1	7.886	2.873
177.2	7.887	2.874
177.3	7.887	2.876
177.4	7.887	2.876
177.5	7.887	2.876
177.6	7.887	2.877
177.7	7.887	2.877
177.8	7.887	2.878
177.9	7.886	2.877
178	7.886	2.878
178.1	7.886	2.878
178.2	7.885	2.878
178.3	7.884	2.877
178.4	7.883	2.876
178.5	7.882	2.875
178.6	7.882	2.875
178.7	7.881	2.875
178.8	7.881	2.876
178.9	7.882	2.877
179	7.882	2.878
179.1	7.883	2.877
179.2	7.883	2.876
179.3	7.884	2.876
179.4	7.885	2.876
179.5	7.885	2.875
179.6	7.882	2.872
179.7	7.877	2.872
179.8	7.865	2.874
179.9	7.855	2.873
180	7.844	2.875
180.1	7.835	2.874
180.2	7.815	2.873
180.3	7.789	2.879
180.4	7.759	2.878
180.5	7.717	2.886
180.6	7.668	2.902
180.7	7.634	2.917
180.8	7.609	2.935
180.9	7.595	2.957
181	7.592	2.983
181.1	7.602	3.018
181.2	7.612	3.051
181.3	7.621	3.087
181.4	7.627	3.121
181.5	7.626	3.165
181.6	7.627	3.212
181.7	7.631	3.254
181.8	7.635	3.29
181.9	7.638	3.32
182	7.642	3.34
182.1	7.642	3.361
182.2	7.643	3.385
182.3	7.645	3.4
182.4	7.647	3.414
182.5	7.657	3.428
182.6	7.663	3.435
182.7	7.668	3.443
182.8	7.678	3.452
182.9	7.686	3.462
183	7.691	3.467
183.1	7.7	3.477
183.2	7.704	3.482
183.3	7.707	3.492
183.4	7.712	3.502
183.5	7.716	3.512
183.6	7.72	3.522
183.7	7.722	3.531
183.8	7.724	3.538
183.9	7.724	3.545
184	7.725	3.549
184.1	7.726	3.551
184.2	7.727	3.553
184.3	7.729	3.555
184.4	7.73	3.557
184.5	7.733	3.56
184.6	7.735	3.562
184.7	7.74	3.565
184.8	7.742	3.567
184.9	7.744	3.567
185	7.74	3.565
185.1	7.741	3.565
185.2	7.742	3.565
185.3	7.739	3.565
185.4	7.738	3.566
185.5	7.738	3.568
185.6	7.739	3.57
185.7	7.739	3.573
185.8	7.739	3.575
185.9	7.738	3.577
186	7.74	3.58
186.1	7.744	3.583
186.2	7.743	3.584
186.3	7.74	3.586
186.4	7.737	3.584
186.5	7.737	3.583
186.6	7.735	3.583
186.7	7.735	3.582
186.8	7.733	3.581
186.9	7.732	3.58
187	7.731	3.579
187.1	7.73	3.577
187.2	7.73	3.575
187.3	7.728	3.574
187.4	7.727	3.571
187.5	7.727	3.57
187.6	7.726	3.568
187.7	7.725	3.567
187.8	7.724	3.565
187.9	7.718	3.563
188	7.714	3.563
188.1	7.713	3.563
188.2	7.713	3.564
188.3	7.716	3.564
188.4	7.719	3.564
188.5	7.72	3.565
188.6	7.721	3.566
188.7	7.723	3.568
188.8	7.726	3.569
188.9	7.726	3.57
189	7.726	3.57
189.1	7.726	3.571
189.2	7.725	3.571
189.3	7.726	3.571
189.4	7.725	3.572
189.5	7.725	3.573
189.6	7.725	3.574
189.7	7.725	3.577
189.8	7.724	3.579
189.9	7.725	3.582
190	7.727	3.583
190.1	7.725	3.585
190.2	7.721	3.589
190.3	7.721	3.593
190.4	7.722	3.596
190.5	7.723	3.599
190.6	7.725	3.6
190.7	7.725	3.6
190.8	7.725	3.599
190.9	7.725	3.598
191	7.725	3.597
191.1	7.726	3.596
191.2	7.726	3.598
191.3	7.725	3.599
191.4	7.725	3.6
191.5	7.729	3.6
191.6	7.731	3.6
191.7	7.73	3.6
191.8	7.733	3.599
191.9	7.731	3.599
192	7.73	3.6
192.1	7.73	3.6
192.2	7.731	3.6
192.3	7.731	3.599
192.4	7.73	3.598
192.5	7.729	3.597
192.6	7.728	3.596
192.7	7.728	3.594
192.8	7.726	3.593
192.9	7.722	3.592
193	7.719	3.591
193.1	7.715	3.588
193.2	7.707	3.587
193.3	7.7	3.586
193.4	7.695	3.584
193.5	7.691	3.581
193.6	7.686	3.578
193.7	7.678	3.573
193.8	7.67	3.568
193.9	7.663	3.564
194	7.656	3.56
194.1	7.651	3.557
194.2	7.647	3.557
194.3	7.645	3.558
194.4	7.643	3.559
194.5	7.643	3.561
194.6	7.642	3.563
194.7	7.641	3.565
194.8	7.64	3.566
194.9	7.64	3.567
195	7.641	3.568
195.1	7.647	3.573
195.2	7.653	3.581
195.3	7.663	3.59
195.4	7.671	3.596
195.5	7.678	3.603
195.6	7.683	3.606
195.7	7.689	3.609
195.8	7.693	3.613
195.9	7.697	3.615
196	7.697	3.616
196.1	7.701	3.619
196.2	7.707	3.621
196.3	7.712	3.623
196.4	7.716	3.626
196.5	7.719	3.628
196.6	7.722	3.63
196.7	7.723	3.632
196.8	7.724	3.634
196.9	7.725	3.634
197	7.727	3.634
197.1	7.727	3.632
197.2	7.731	3.631
197.3	7.735	3.631
197.4	7.736	3.633
197.5	7.737	3.633
197.6	7.738	3.634
197.7	7.739	3.634
197.8	7.739	3.634
197.9	7.74	3.634
198	7.741	3.636
198.1	7.742	3.637
198.2	7.743	3.638
198.3	7.744	3.64
198.4	7.744	3.641
198.5	7.744	3.642
198.6	7.742	3.643
198.7	7.743	3.643
198.8	7.743	3.644
198.9	7.744	3.646
199	7.743	3.645
199.1	7.743	3.643
199.2	7.743	3.641
199.3	7.744	3.64
199.4	7.745	3.638
199.5	7.746	3.637
199.6	7.748	3.637
199.7	7.748	3.637
199.8	7.748	3.638
199.9	7.746	3.64
200	7.745	3.641
200.1	7.745	3.643
200.2	7.743	3.644
200.3	7.742	3.645
200.4	7.741	3.646
200.5	7.737	3.647
200.6	7.735	3.647
200.7	7.733	3.646
200.8	7.733	3.646
200.9	7.733	3.647
201	7.732	3.647
201.1	7.735	3.647
201.2	7.738	3.649
201.3	7.742	3.65
201.4	7.744	3.651
201.5	7.746	3.651
201.6	7.747	3.651
201.7	7.748	3.651
201.8	7.747	3.651
201.9	7.745	3.652
202	7.743	3.653
202.1	7.742	3.653
202.2	7.739	3.653
202.3	7.737	3.653
202.4	7.735	3.653
202.5	7.733	3.653
202.6	7.731	3.652
202.7	7.73	3.651
202.8	7.728	3.651
202.9	7.728	3.651
203	7.728	3.652
203.1	7.728	3.653
203.2	7.727	3.654
203.3	7.726	3.654
203.4	7.726	3.654
203.5	7.726	3.654
203.6	7.726	3.654
203.7	7.727	3.654
203.8	7.728	3.654
203.9	7.728	3.655
204	7.73	3.656
204.1	7.732	3.657
204.2	7.735	3.659
204.3	7.737	3.66
204.4	7.737	3.661
204.5	7.738	3.662
204.6	7.74	3.663
204.7	7.741	3.664
204.8	7.743	3.665
204.9	7.743	3.667
205	7.743	3.668
205.1	7.744	3.669
205.2	7.744	3.67
205.3	7.743	3.671
205.4	7.743	3.672
205.5	7.743	3.672
205.6	7.742	3.672
205.7	7.741	3.672
205.8	7.741	3.672
205.9	7.741	3.671
206	7.74	3.669
206.1	7.74	3.668
206.2	7.738	3.667
206.3	7.736	3.667
206.4	7.736	3.665
206.5	7.736	3.665
206.6	7.736	3.664
206.7	7.737	3.663
206.8	7.738	3.661
206.9	7.74	3.66
207	7.74	3.659
207.1	7.741	3.659
207.2	7.741	3.659
207.3	7.743	3.659
207.4	7.744	3.659
207.5	7.746	3.659
207.6	7.747	3.658
207.7	7.747	3.657
207.8	7.746	3.656
207.9	7.741	3.657
208	7.733	3.659
208.1	7.729	3.66
208.2	7.724	3.66
208.3	7.719	3.66
208.4	7.713	3.66
208.5	7.707	3.66
208.6	7.702	3.66
208.7	7.699	3.662
208.8	7.698	3.663
208.9	7.697	3.663
209	7.697	3.664
209.1	7.697	3.665
209.2	7.697	3.666
209.3	7.7	3.667
209.4	7.709	3.666
209.5	7.716	3.664
209.6	7.722	3.662
209.7	7.726	3.66
209.8	7.729	3.658
209.9	7.731	3.656
210	7.733	3.655
210.1	7.733	3.654
210.2	7.731	3.653
210.3	7.731	3.653
210.4	7.729	3.654
210.5	7.727	3.654
210.6	7.726	3.653
210.7	7.726	3.654
210.8	7.725	3.655
210.9	7.725	3.653
211	7.724	3.642
211.1	7.723	3.632
211.2	7.722	3.629
211.3	7.719	3.633
211.4	7.715	3.644
211.5	7.713	3.654
211.6	7.712	3.656
211.7	7.711	3.653
211.8	7.711	3.649
211.9	7.711	3.648
212	7.716	3.65
212.1	7.721	3.655
212.2	7.723	3.662
212.3	7.723	3.671
212.4	7.724	3.68
212.5	7.725	3.689
212.6	7.725	3.698
212.7	7.726	3.705
212.8	7.724	3.707
212.9	7.72	3.713
213	7.716	3.719
213.1	7.712	3.721
213.2	7.708	3.718
213.3	7.705	3.715
213.4	7.702	3.714
213.5	7.699	3.712
213.6	7.697	3.71
213.7	7.695	3.709
213.8	7.694	3.709
213.9	7.692	3.709
214	7.69	3.709
214.1	7.688	3.709
214.2	7.687	3.71
214.3	7.687	3.71
214.4	7.688	3.711
214.5	7.689	3.711
214.6	7.69	3.712
214.7	7.691	3.713
214.8	7.693	3.714
214.9	7.693	3.714
215	7.694	3.715
215.1	7.696	3.716
215.2	7.698	3.717
215.3	7.7	3.718
215.4	7.701	3.72
215.5	7.701	3.721
215.6	7.701	3.721
215.7	7.701	3.721
215.8	7.702	3.722
215.9	7.702	3.722
216	7.701	3.722
216.1	7.7	3.722
216.2	7.699	3.722
216.3	7.697	3.722
216.4	7.695	3.722
216.5	7.694	3.721
216.6	7.692	3.72
216.7	7.69	3.719
216.8	7.689	3.717
216.9	7.687	3.716
217	7.685	3.714
217.1	7.682	3.712
217.2	7.68	3.706
217.3	7.678	3.701
217.4	7.676	3.698
217.5	7.675	3.698
217.6	7.674	3.703
217.7	7.675	3.712
217.8	7.677	3.723
217.9	7.681	3.733
218	7.684	3.74
218.1	7.685	3.744
218.2	7.681	3.746
218.3	7.674	3.745
218.4	7.665	3.743
218.5	7.65	3.74
218.6	7.626	3.736
218.7	7.598	3.731
218.8	7.573	3.723
218.9	7.554	3.713
219	7.543	3.705
219.1	7.539	3.7
219.2	7.538	3.696
219.3	7.541	3.691
219.4	7.544	3.688
219.5	7.549	3.688
219.6	7.553	3.689
219.7	7.556	3.694
219.8	7.56	3.706
219.9	7.567	3.727
220	7.579	3.753
220.1	7.598	3.781
220.2	7.623	3.808
220.3	7.65	3.828
220.4	7.668	3.841
220.5	7.674	3.847
220.6	7.67	3.848
220.7	7.657	3.849
220.8	7.635	3.85
220.9	7.613	3.851
221	7.589	3.85
221.1	7.562	3.844
221.2	7.534	3.835
221.3	7.51	3.828
221.4	7.495	3.826
221.5	7.49	3.827
221.6	7.495	3.833
221.7	7.511	3.846
221.8	7.534	3.866
221.9	7.559	3.894
222	7.582	3.928
222.1	7.6	3.96
222.2	7.616	3.991
222.3	7.628	4.015
222.4	7.635	4.032
222.5	7.637	4.04
222.6	7.637	4.044
222.7	7.639	4.046
222.8	7.641	4.045
222.9	7.641	4.044
223	7.644	4.042
223.1	7.648	4.041
223.2	7.653	4.042
223.3	7.658	4.044
223.4	7.663	4.047
223.5	7.669	4.051
223.6	7.675	4.058
223.7	7.681	4.066
223.8	7.686	4.072
223.9	7.69	4.077
224	7.693	4.08
224.1	7.694	4.081
224.2	7.692	4.08
224.3	7.689	4.077
224.4	7.688	4.07
224.5	7.683	4.059
224.6	7.681	4.049
224.7	7.679	4.04
224.8	7.677	4.032
224.9	7.677	4.024
225	7.676	4.016
225.1	7.674	4.007
225.2	7.67	3.998
225.3	7.664	3.996
225.4	7.661	4.001
225.5	7.658	4.015
225.6	7.654	4.035
225.7	7.648	4.058
225.8	7.642	4.076
225.9	7.634	4.089
226	7.626	4.094
226.1	7.62	4.095
226.2	7.618	4.093
226.3	7.618	4.09
226.4	7.622	4.09
226.5	7.626	4.091
226.6	7.632	4.092
226.7	7.638	4.092
226.8	7.644	4.092
226.9	7.647	4.093
227	7.65	4.096
227.1	7.652	4.098
227.2	7.654	4.101
227.3	7.655	4.102
227.4	7.656	4.101
227.5	7.656	4.101
227.6	7.654	4.101
227.7	7.652	4.101
227.8	7.652	4.101
227.9	7.651	4.099
228	7.652	4.098
228.1	7.653	4.097
228.2	7.652	4.095
228.3	7.651	4.093
228.4	7.65	4.092
228.5	7.65	4.092
228.6	7.648	4.092
228.7	7.643	4.092
228.8	7.641	4.093
228.9	7.64	4.095
229	7.64	4.097
229.1	7.64	4.099
229.2	7.641	4.103
229.3	7.642	4.105
229.4	7.643	4.107
229.5	7.644	4.11
229.6	7.645	4.117
229.7	7.65	4.127
229.8	7.66	4.143
229.9	7.674	4.156
230	7.693	4.168
230.1	7.717	4.173
230.2	7.737	4.173
230.3	7.756	4.17
230.4	7.774	4.164
230.5	7.787	4.158
230.6	7.795	4.155
230.7	7.796	4.153
230.8	7.797	4.151
230.9	7.797	4.15
231	7.796	4.152
231.1	7.796	4.155
231.2	7.796	4.159
231.3	7.796	4.163
231.4	7.795	4.167
231.5	7.794	4.17
231.6	7.793	4.171
231.7	7.792	4.172
231.8	7.791	4.172
231.9	7.79	4.173
232	7.788	4.173
232.1	7.785	4.174
232.2	7.782	4.174
232.3	7.78	4.175
232.4	7.778	4.177
232.5	7.777	4.178
232.6	7.776	4.178
232.7	7.774	4.178
232.8	7.774	4.178
232.9	7.773	4.177
233	7.773	4.177
233.1	7.773	4.176
233.2	7.773	4.177
233.3	7.774	4.178
233.4	7.774	4.179
233.5	7.775	4.18
233.6	7.776	4.181
233.7	7.774	4.184
233.8	7.765	4.19
233.9	7.749	4.198
234	7.728	4.202
234.1	7.708	4.201
234.2	7.69	4.193
234.3	7.677	4.179
234.4	7.67	4.165
234.5	7.669	4.155
234.6	7.669	4.147
234.7	7.666	4.142
234.8	7.667	4.139
234.9	7.667	4.134
235	7.668	4.128
235.1	7.669	4.122
235.2	7.669	4.117
235.3	7.669	4.113
235.4	7.667	4.111
235.5	7.666	4.112
235.6	7.666	4.11
235.7	7.667	4.108
235.8	7.669	4.107
235.9	7.672	4.105
236	7.675	4.103
236.1	7.678	4.101
236.2	7.682	4.099
236.3	7.685	4.098
236.4	7.69	4.095
236.5	7.695	4.092
236.6	7.7	4.091
236.7	7.704	4.094
236.8	7.705	4.102
236.9	7.703	4.116
237	7.694	4.133
237.1	7.685	4.152
237.2	7.672	4.172
237.3	7.652	4.188
237.4	7.639	4.205
237.5	7.625	4.215
237.6	7.606	4.212
237.7	7.593	4.207
237.8	7.578	4.195
237.9	7.566	4.184
238	7.555	4.173
238.1	7.548	4.165
238.2	7.547	4.158
238.3	7.55	4.15
238.4	7.557	4.141
238.5	7.567	4.131
238.6	7.579	4.124
238.7	7.612	4.133
238.8	7.629	4.138
238.9	7.644	4.147
239	7.658	4.156
239.1	7.671	4.163
239.2	7.679	4.166
239.3	7.686	4.166
239.4	7.693	4.16
239.5	7.701	4.153
239.6	7.708	4.146
239.7	7.711	4.141
239.8	7.713	4.14
239.9	7.715	4.141
240	7.715	4.143
240.1	7.716	4.146
240.2	7.714	4.147
240.3	7.709	4.149
240.4	7.699	4.156
240.5	7.684	4.168
240.6	7.668	4.184
240.7	7.653	4.205
240.8	7.641	4.229
240.9	7.632	4.251
241	7.624	4.27
241.1	7.618	4.281
241.2	7.612	4.286
241.3	7.607	4.287
241.4	7.605	4.288
241.5	7.605	4.289
241.6	7.603	4.29
241.7	7.602	4.29
241.8	7.605	4.293
241.9	7.606	4.298
242	7.607	4.301
242.1	7.605	4.301
242.2	7.604	4.298
242.3	7.603	4.293
242.4	7.6	4.286
242.5	7.595	4.276
242.6	7.588	4.262
242.7	7.578	4.246
242.8	7.571	4.23
242.9	7.563	4.214
243	7.552	4.201
243.1	7.539	4.191
243.2	7.527	4.188
243.3	7.516	4.194
243.4	7.507	4.207
243.5	7.499	4.226
243.6	7.493	4.248
243.7	7.488	4.274
243.8	7.485	4.299
243.9	7.484	4.321
244	7.483	4.338
244.1	7.483	4.35
244.2	7.484	4.352
244.3	7.482	4.35
244.4	7.48	4.349
244.5	7.481	4.348
244.6	7.484	4.342
244.7	7.485	4.333
244.8	7.484	4.324
244.9	7.48	4.317
245	7.475	4.314
245.1	7.473	4.312
245.2	7.474	4.315
245.3	7.475	4.316
245.4	7.475	4.314
245.5	7.477	4.313
245.6	7.478	4.312
245.7	7.48	4.311
245.8	7.481	4.309
245.9	7.481	4.309
246	7.481	4.311
246.1	7.481	4.312
246.2	7.477	4.311
246.3	7.474	4.312
246.4	7.47	4.314
246.5	7.465	4.318
246.6	7.459	4.32
246.7	7.458	4.328
246.8	7.456	4.336
246.9	7.454	4.34
247	7.453	4.341
247.1	7.452	4.342
247.2	7.453	4.341
247.3	7.456	4.34
247.4	7.458	4.338
247.5	7.461	4.339
247.6	7.464	4.339
247.7	7.465	4.341
247.8	7.465	4.343
247.9	7.466	4.346
248	7.467	4.347
248.1	7.468	4.349
248.2	7.468	4.349
248.3	7.469	4.348
248.4	7.468	4.347
248.5	7.471	4.345
248.6	7.473	4.343
248.7	7.476	4.342
248.8	7.48	4.341
248.9	7.482	4.341
249	7.484	4.342
249.1	7.487	4.344
249.2	7.489	4.346
249.3	7.491	4.348
249.4	7.493	4.352
249.5	7.495	4.356
249.6	7.497	4.359
249.7	7.499	4.362
249.8	7.5	4.363
249.9	7.5	4.363
250	7.5	4.363
250.1	7.5	4.361
250.2	7.5	4.36
250.3	7.5	4.359
250.4	7.501	4.359
250.5	7.501	4.358
250.6	7.502	4.359
250.7	7.504	4.36
250.8	7.504	4.36
250.9	7.504	4.361
251	7.504	4.362
251.1	7.505	4.363
251.2	7.504	4.363
251.3	7.504	4.364
251.4	7.503	4.365
251.5	7.502	4.365
251.6	7.503	4.365
251.7	7.503	4.363
251.8	7.503	4.361
251.9	7.503	4.36
252	7.503	4.359
252.1	7.503	4.359
252.2	7.503	4.359
252.3	7.504	4.36
252.4	7.504	4.359
252.5	7.504	4.359
252.6	7.505	4.358
252.7	7.506	4.357
252.8	7.508	4.357
252.9	7.508	4.357
253	7.507	4.357
253.1	7.508	4.358
253.2	7.508	4.361
253.3	7.508	4.363
253.4	7.51	4.367
253.5	7.512	4.369
253.6	7.512	4.366
253.7	7.514	4.366
253.8	7.516	4.367
253.9	7.517	4.367
254	7.517	4.367
254.1	7.517	4.367
254.2	7.516	4.367
254.3	7.515	4.366
254.4	7.514	4.365
254.5	7.513	4.365
254.6	7.511	4.364
254.7	7.509	4.363
254.8	7.507	4.362
254.9	7.506	4.361
255	7.504	4.359
255.1	7.503	4.357
255.2	7.502	4.356
255.3	7.502	4.355
255.4	7.501	4.355
255.5	7.5	4.358
255.6	7.499	4.359
255.7	7.498	4.359
255.8	7.497	4.36
255.9	7.496	4.361
256	7.495	4.362
256.1	7.495	4.362
256.2	7.496	4.362
256.3	7.497	4.362
256.4	7.498	4.361
256.5	7.498	4.36
256.6	7.498	4.359
256.7	7.498	4.357
256.8	7.497	4.356
256.9	7.497	4.355
257	7.497	4.355
257.1	7.497	4.355
257.2	7.497	4.354
257.3	7.498	4.354
257.4	7.499	4.354
257.5	7.499	4.354
257.6	7.5	4.353
257.7	7.502	4.353
257.8	7.503	4.352
257.9	7.504	4.351
258	7.505	4.351
258.1	7.504	4.351
258.2	7.504	4.35
258.3	7.504	4.349
258.4	7.504	4.347
258.5	7.503	4.347
258.6	7.503	4.347
258.7	7.503	4.348
258.8	7.503	4.349
258.9	7.504	4.349
259	7.505	4.349
259.1	7.504	4.348
259.2	7.504	4.349
259.3	7.505	4.351
259.4	7.505	4.352
259.5	7.504	4.353
259.6	7.503	4.353
259.7	7.502	4.353
259.8	7.502	4.353
259.9	7.502	4.352
260	7.5	4.35
260.1	7.498	4.347
260.2	7.493	4.343
260.3	7.488	4.342
260.4	7.487	4.342
260.5	7.485	4.341
260.6	7.48	4.34
260.7	7.474	4.34
260.8	7.47	4.342
260.9	7.467	4.343
261	7.465	4.344
261.1	7.463	4.344
261.2	7.461	4.344
261.3	7.46	4.345
261.4	7.459	4.346
261.5	7.458	4.346
261.6	7.457	4.347
261.7	7.458	4.348
261.8	7.457	4.349
261.9	7.457	4.349
262	7.457	4.348
262.1	7.456	4.346
262.2	7.456	4.345
262.3	7.455	4.346
262.4	7.454	4.346
262.5	7.453	4.349
262.6	7.452	4.351
262.7	7.45	4.353
262.8	7.448	4.354
262.9	7.445	4.353
263	7.441	4.352
263.1	7.438	4.351
263.2	7.436	4.351
263.3	7.434	4.35
263.4	7.434	4.347
263.5	7.436	4.346
263.6	7.436	4.345
263.7	7.436	4.344
263.8	7.436	4.344
263.9	7.435	4.344
264	7.434	4.345
264.1	7.432	4.345
264.2	7.431	4.346
264.3	7.43	4.346
264.4	7.429	4.347
264.5	7.428	4.347
264.6	7.426	4.346
264.7	7.426	4.346
264.8	7.426	4.347
264.9	7.427	4.348
265	7.427	4.349
265.1	7.428	4.349
265.2	7.428	4.35
265.3	7.428	4.351
265.4	7.427	4.352
265.5	7.426	4.352
265.6	7.424	4.353
265.7	7.423	4.352
265.8	7.423	4.351
265.9	7.426	4.349
266	7.429	4.348
266.1	7.433	4.346
266.2	7.436	4.344
266.3	7.44	4.34
266.4	7.443	4.337
266.5	7.447	4.334
266.6	7.45	4.331
266.7	7.453	4.326
266.8	7.454	4.319
266.9	7.453	4.31
267	7.447	4.307
267.1	7.433	4.31
267.2	7.413	4.315
267.3	7.384	4.322
267.4	7.345	4.334
267.5	7.295	4.348
267.6	7.241	4.364
267.7	7.184	4.38
267.8	7.129	4.391
267.9	7.077	4.395
268	7.025	4.393
268.1	6.972	4.388
268.2	6.915	4.379
268.3	6.854	4.364
268.4	6.787	4.344
268.5	6.721	4.326
268.6	6.66	4.312
268.7	6.601	4.302
268.8	6.539	4.293
268.9	6.473	4.283
269	6.402	4.274
269.1	6.326	4.271
269.2	6.246	4.269
269.3	6.168	4.263
269.4	6.097	4.248
269.5	6.029	4.23
269.6	5.965	4.211
269.7	5.901	4.195
269.8	5.863	4.195
269.9	5.833	4.202
270	5.823	4.219
270.1	5.816	4.245
270.2	5.81	4.268
270.3	5.819	4.292
270.4	5.841	4.309
270.5	5.865	4.316
270.6	5.889	4.316
270.7	5.909	4.309
270.8	5.928	4.297
270.9	5.945	4.286
271	5.959	4.279
271.1	5.966	4.272
271.2	5.974	4.265
271.3	5.973	4.255
271.4	5.974	4.249
271.5	5.971	4.245
271.6	5.961	4.245
271.7	5.943	4.247
271.8	5.914	4.25
271.9	5.875	4.253
272	5.83	4.254
272.1	5.784	4.248
272.2	5.739	4.232
272.3	5.697	4.213
272.4	5.656	4.187
272.5	5.615	4.156
272.6	5.568	4.119
272.7	5.52	4.088
272.8	5.48	4.068
272.9	5.447	4.055
273	5.413	4.044
273.1	5.372	4.035
273.2	5.324	4.027
273.3	5.27	4.019
273.4	5.218	4.003
273.5	5.18	3.986
273.6	5.152	3.972
273.7	5.135	3.96
273.8	5.127	3.95
273.9	5.12	3.941
274	5.115	3.936
274.1	5.108	3.931
274.2	5.102	3.93
274.3	5.095	3.929
274.4	5.089	3.928
274.5	5.085	3.928
274.6	5.082	3.926
274.7	5.077	3.919
274.8	5.071	3.905
274.9	5.062	3.883
275	5.05	3.849
275.1	5.037	3.803
275.2	5.026	3.748
275.3	5.014	3.69
275.4	5.007	3.637
275.5	4.993	3.584
275.6	4.975	3.516
275.7	4.957	3.426
275.8	4.943	3.348
275.9	4.925	3.278
276	4.9	3.213
276.1	4.881	3.141
276.2	4.871	3.08
276.3	4.869	3.023
276.4	4.872	2.968
276.5	4.882	2.91
276.6	4.909	2.851
276.7	4.938	2.794
276.8	4.967	2.738
276.9	4.994	2.686
277	5.017	2.641
277.1	5.031	2.594
277.2	5.034	2.538
277.3	5.025	2.471
277.4	4.995	2.404
277.5	4.955	2.358
277.6	4.932	2.331
277.7	4.927	2.306
277.8	4.93	2.287
277.9	4.946	2.274
278	4.977	2.251
278.1	5.01	2.218
278.2	5.039	2.183
278.3	5.058	2.153
278.4	5.071	2.127
278.5	5.075	2.108
278.6	5.077	2.098
278.7	5.078	2.097
278.8	5.075	2.102
278.9	5.07	2.11
279	5.066	2.118
279.1	5.063	2.124
279.2	5.058	2.129
279.3	5.057	2.134
279.4	5.057	2.137
279.5	5.057	2.14
279.6	5.058	2.139
279.7	5.062	2.138
279.8	5.072	2.132
279.9	5.089	2.118
280	5.114	2.091
280.1	5.141	2.052
280.2	5.161	2.002
280.3	5.175	1.95
280.4	5.182	1.906
280.5	5.188	1.872
280.6	5.192	1.841
280.7	5.199	1.814
280.8	5.211	1.795
280.9	5.227	1.784
281	5.243	1.771
281.1	5.259	1.759
281.2	5.278	1.748
281.3	5.294	1.735
281.4	5.309	1.725
281.5	5.321	1.715
281.6	5.331	1.706
281.7	5.338	1.699
281.8	5.343	1.691
281.9	5.346	1.685
282	5.348	1.68
282.1	5.341	1.666
282.2	5.342	1.667
282.3	5.344	1.671
282.4	5.348	1.684
282.5	5.353	1.712
282.6	5.344	1.737
282.7	5.325	1.753
282.8	5.304	1.758
282.9	5.288	1.753
283	5.274	1.743
283.1	5.262	1.729
283.2	5.255	1.712
283.3	5.247	1.687
283.4	5.243	1.663
283.5	5.243	1.644
283.6	5.244	1.629
283.7	5.243	1.617
283.8	5.241	1.608
283.9	5.241	1.603
284	5.242	1.601
284.1	5.241	1.601
284.2	5.24	1.602
284.3	5.239	1.604
284.4	5.238	1.606
284.5	5.236	1.607
284.6	5.235	1.607
284.7	5.235	1.608
284.8	5.234	1.609
284.9	5.234	1.609
285	5.233	1.61
285.1	5.232	1.611
285.2	5.231	1.611
285.3	5.231	1.611
285.4	5.23	1.61
285.5	5.229	1.61
285.6	5.228	1.609
285.7	5.228	1.609
285.8	5.228	1.609
285.9	5.229	1.608
286	5.231	1.607
286.1	5.233	1.606
286.2	5.234	1.604
286.3	5.236	1.603
286.4	5.236	1.601
286.5	5.236	1.598
286.6	5.235	1.597
286.7	5.236	1.596
286.8	5.237	1.595
286.9	5.238	1.595
287	5.24	1.593
287.1	5.241	1.593
287.2	5.243	1.592
287.3	5.244	1.592
287.4	5.245	1.591
287.5	5.246	1.592
287.6	5.246	1.592
287.7	5.246	1.592
287.8	5.247	1.591
287.9	5.248	1.591
288	5.249	1.591
288.1	5.249	1.591
288.2	5.249	1.592
288.3	5.249	1.592
288.4	5.249	1.592
288.5	5.248	1.591
288.6	5.248	1.591
288.7	5.247	1.59
288.8	5.246	1.589
288.9	5.245	1.589
289	5.244	1.588
289.1	5.244	1.587
289.2	5.244	1.587
289.3	5.243	1.587
289.4	5.243	1.586
289.5	5.243	1.586
289.6	5.243	1.587
289.7	5.243	1.587
289.8	5.243	1.588
289.9	5.243	1.589
290	5.243	1.589
290.1	5.242	1.59
290.2	5.24	1.591
290.3	5.239	1.592
290.4	5.238	1.593
290.5	5.238	1.593
290.6	5.237	1.593
290.7	5.237	1.593
290.8	5.236	1.592
290.9	5.236	1.592
291	5.236	1.591
291.1	5.236	1.59
291.2	5.237	1.59
291.3	5.238	1.589
291.4	5.24	1.588
291.5	5.241	1.588
291.6	5.242	1.588
291.7	5.243	1.589
291.8	5.244	1.589
291.9	5.244	1.59
292	5.244	1.591
292.1	5.243	1.592
292.2	5.242	1.593
292.3	5.241	1.594
292.4	5.239	1.595
292.5	5.238	1.595
292.6	5.238	1.595
292.7	5.237	1.595
292.8	5.237	1.595
292.9	5.236	1.595
293	5.236	1.595
293.1	5.236	1.595
293.2	5.236	1.596
293.3	5.235	1.596
293.4	5.235	1.597
293.5	5.234	1.598
293.6	5.233	1.598
293.7	5.233	1.598
293.8	5.233	1.598
293.9	5.233	1.598
294	5.234	1.598
294.1	5.235	1.599
294.2	5.236	1.599
294.3	5.237	1.599
294.4	5.238	1.6
294.5	5.239	1.6
294.6	5.239	1.599
294.7	5.239	1.599
294.8	5.24	1.599
294.9	5.24	1.6
295	5.24	1.6
295.1	5.24	1.601
295.2	5.24	1.601
295.3	5.241	1.6
295.4	5.241	1.6
295.5	5.241	1.6
295.6	5.241	1.599
295.7	5.241	1.598
295.8	5.242	1.598
295.9	5.242	1.597
296	5.242	1.596
296.1	5.242	1.596
296.2	5.242	1.596
296.3	5.242	1.596
296.4	5.242	1.596
296.5	5.242	1.597
296.6	5.242	1.597
296.7	5.242	1.598
296.8	5.242	1.599
296.9	5.245	1.601
297	5.251	1.605
297.1	5.26	1.612
297.2	5.273	1.624
297.3	5.288	1.638
297.4	5.302	1.653
297.5	5.314	1.668
297.6	5.323	1.682
297.7	5.328	1.694
297.8	5.33	1.703
297.9	5.332	1.709
298	5.336	1.714
298.1	5.336	1.718
298.2	5.334	1.72
298.3	5.333	1.72
298.4	5.332	1.72
298.5	5.331	1.72
298.6	5.333	1.721
298.7	5.336	1.721
298.8	5.337	1.72
298.9	5.339	1.719
299	5.339	1.718
299.1	5.337	1.716
299.2	5.327	1.711
299.3	5.316	1.704
299.4	5.306	1.697
299.5	5.299	1.689
299.6	5.293	1.681
299.7	5.288	1.675
299.8	5.283	1.67
299.9	5.278	1.666
300	5.275	1.663
300.1	5.273	1.662
300.2	5.272	1.664
300.3	5.271	1.667
300.4	5.272	1.67
300.5	5.274	1.675
300.6	5.28	1.685
300.7	5.292	1.698
300.8	5.306	1.708
300.9	5.319	1.715
301	5.332	1.721
301.1	5.343	1.724
301.2	5.348	1.728
301.3	5.35	1.733
301.4	5.35	1.738
301.5	5.348	1.742
301.6	5.345	1.745
301.7	5.342	1.747
301.8	5.339	1.748
301.9	5.338	1.747
302	5.338	1.745
302.1	5.339	1.744
302.2	5.34	1.742
302.3	5.342	1.74
302.4	5.344	1.739
302.5	5.345	1.738
302.6	5.347	1.738
302.7	5.348	1.737
302.8	5.35	1.736
302.9	5.352	1.735
303	5.352	1.735
303.1	5.353	1.735
303.2	5.351	1.735
303.3	5.35	1.735
303.4	5.349	1.736
303.5	5.348	1.738
303.6	5.348	1.739
303.7	5.348	1.74
303.8	5.348	1.741
303.9	5.349	1.741
304	5.349	1.742
304.1	5.349	1.742
304.2	5.348	1.741
304.3	5.348	1.741
304.4	5.349	1.74
304.5	5.349	1.738
304.6	5.35	1.736
304.7	5.35	1.734
304.8	5.351	1.732
304.9	5.351	1.73
305	5.352	1.729
305.1	5.353	1.728
305.2	5.353	1.727
305.3	5.353	1.727
305.4	5.353	1.728
305.5	5.353	1.728
305.6	5.353	1.729
305.7	5.353	1.729
305.8	5.353	1.729
305.9	5.353	1.729
306	5.353	1.73
306.1	5.354	1.731
306.2	5.354	1.732
306.3	5.354	1.732
306.4	5.354	1.733
306.5	5.354	1.734
306.6	5.354	1.734
306.7	5.354	1.735
306.8	5.354	1.735
306.9	5.353	1.735
307	5.353	1.734
307.1	5.353	1.733
307.2	5.352	1.732
307.3	5.351	1.73
307.4	5.351	1.729
307.5	5.351	1.727
307.6	5.35	1.726
307.7	5.35	1.725
307.8	5.35	1.724
307.9	5.35	1.724
308	5.35	1.723
308.1	5.35	1.722
308.2	5.35	1.721
308.3	5.351	1.72
308.4	5.351	1.719
308.5	5.351	1.718
308.6	5.351	1.718
308.7	5.351	1.719
308.8	5.351	1.719
308.9	5.35	1.718
309	5.35	1.72
309.1	5.35	1.722
309.2	5.35	1.721
309.3	5.349	1.721
309.4	5.349	1.721
309.5	5.349	1.721
309.6	5.349	1.721
309.7	5.35	1.722
309.8	5.35	1.722
309.9	5.349	1.723
310	5.349	1.724
310.1	5.349	1.724
310.2	5.349	1.725
310.3	5.35	1.726
310.4	5.35	1.727
310.5	5.35	1.727
310.6	5.35	1.727
310.7	5.35	1.727
310.8	5.35	1.727
310.9	5.349	1.726
311	5.349	1.726
311.1	5.349	1.726
311.2	5.348	1.726
311.3	5.348	1.725
311.4	5.349	1.725
311.5	5.349	1.725
311.6	5.349	1.725
311.7	5.349	1.725
311.8	5.349	1.725
311.9	5.349	1.725
312	5.35	1.725
312.1	5.35	1.725
312.2	5.35	1.725
312.3	5.351	1.725
312.4	5.352	1.725
312.5	5.352	1.725
312.6	5.353	1.725
312.7	5.353	1.725
312.8	5.353	1.724
312.9	5.353	1.724
313	5.354	1.723
313.1	5.353	1.723
313.2	5.353	1.723
313.3	5.353	1.724
313.4	5.353	1.724
313.5	5.353	1.725
313.6	5.353	1.726
313.7	5.353	1.726
313.8	5.353	1.726
313.9	5.354	1.727
314	5.354	1.727
314.1	5.354	1.727
314.2	5.354	1.727
314.3	5.354	1.727
314.4	5.354	1.728
314.5	5.354	1.728
314.6	5.354	1.729
314.7	5.354	1.729
314.8	5.353	1.73
314.9	5.353	1.731
315	5.353	1.732
315.1	5.352	1.733
315.2	5.351	1.734
315.3	5.351	1.735
315.4	5.351	1.736
315.5	5.35	1.736
315.6	5.35	1.737
315.7	5.349	1.737
315.8	5.349	1.737
315.9	5.348	1.738
316	5.347	1.738
316.1	5.347	1.738
316.2	5.347	1.738
316.3	5.346	1.737
316.4	5.347	1.735
316.5	5.347	1.734
316.6	5.348	1.732
316.7	5.348	1.731
316.8	5.349	1.729
316.9	5.349	1.729
317	5.35	1.728
317.1	5.35	1.728
317.2	5.351	1.728
317.3	5.351	1.728
317.4	5.351	1.727
317.5	5.352	1.727
317.6	5.352	1.728
317.7	5.352	1.729
317.8	5.353	1.729
317.9	5.352	1.729
318	5.352	1.73
318.1	5.351	1.729
318.2	5.35	1.729
318.3	5.349	1.73
318.4	5.348	1.73
318.5	5.348	1.729
318.6	5.347	1.729
318.7	5.347	1.728
318.8	5.347	1.727
318.9	5.347	1.726
319	5.347	1.725
319.1	5.347	1.724
319.2	5.347	1.724
319.3	5.347	1.723
319.4	5.348	1.722
319.5	5.348	1.722
319.6	5.348	1.721
319.7	5.348	1.72
319.8	5.349	1.72
319.9	5.35	1.72
320	5.35	1.719
320.1	5.351	1.719
320.2	5.351	1.719
320.3	5.351	1.719
320.4	5.351	1.719
320.5	5.351	1.72
320.6	5.351	1.721
320.7	5.35	1.722
320.8	5.35	1.723
320.9	5.349	1.724
321	5.349	1.725
321.1	5.348	1.726
321.2	5.348	1.726
321.3	5.348	1.726
321.4	5.348	1.726
321.5	5.348	1.727
321.6	5.348	1.727
321.7	5.348	1.726
321.8	5.348	1.726
321.9	5.348	1.726
322	5.348	1.727
322.1	5.349	1.725
322.2	5.349	1.72
322.3	5.348	1.718
322.4	5.349	1.717
322.5	5.35	1.716
322.6	5.351	1.714
322.7	5.35	1.714
322.8	5.35	1.715
322.9	5.35	1.716
323	5.348	1.718
323.1	5.347	1.721
323.2	5.346	1.724
323.3	5.344	1.726
323.4	5.344	1.727
323.5	5.344	1.728
323.6	5.344	1.728
323.7	5.345	1.727
323.8	5.345	1.726
323.9	5.346	1.725
324	5.346	1.723
324.1	5.347	1.722
324.2	5.347	1.72
324.3	5.348	1.719
324.4	5.349	1.717
324.5	5.349	1.717
324.6	5.349	1.717
324.7	5.349	1.717
324.8	5.349	1.717
324.9	5.35	1.718
325	5.35	1.718
325.1	5.35	1.719
325.2	5.351	1.719
325.3	5.351	1.719
325.4	5.351	1.719
325.5	5.351	1.72
325.6	5.352	1.72
325.7	5.352	1.721
325.8	5.351	1.721
325.9	5.351	1.722
326	5.35	1.722
326.1	5.351	1.722
326.2	5.351	1.721
326.3	5.352	1.721
326.4	5.352	1.72
326.5	5.353	1.72
326.6	5.353	1.72
326.7	5.353	1.72
326.8	5.354	1.721
326.9	5.354	1.721
327	5.354	1.722
327.1	5.353	1.723
327.2	5.353	1.724
327.3	5.353	1.725
327.4	5.352	1.726
327.5	5.351	1.727
327.6	5.35	1.728
327.7	5.349	1.729
327.8	5.348	1.729
327.9	5.348	1.729
328	5.348	1.729
328.1	5.347	1.729
328.2	5.348	1.729
328.3	5.348	1.729
328.4	5.349	1.729
328.5	5.349	1.727
328.6	5.35	1.722
328.7	5.349	1.714
328.8	5.343	1.699
328.9	5.334	1.68
329	5.322	1.658
329.1	5.308	1.632
329.2	5.294	1.604
329.3	5.282	1.578
329.4	5.274	1.554
329.5	5.27	1.532
329.6	5.269	1.519
329.7	5.271	1.512
329.8	5.273	1.508
329.9	5.271	1.506
330	5.27	1.503
330.1	5.27	1.501
330.2	5.27	1.499
330.3	5.268	1.499
330.4	5.266	1.499
330.5	5.263	1.499
330.6	5.259	1.501
330.7	5.255	1.503
330.8	5.253	1.504
330.9	5.252	1.505
331	5.25	1.504
331.1	5.248	1.503
331.2	5.247	1.502
331.3	5.247	1.499
331.4	5.247	1.498
331.5	5.247	1.496
331.6	5.248	1.494
331.7	5.247	1.493
331.8	5.247	1.493
331.9	5.245	1.492
332	5.244	1.492
332.1	5.243	1.492
332.2	5.242	1.492
332.3	5.242	1.492
332.4	5.242	1.492
332.5	5.241	1.492
332.6	5.242	1.492
332.7	5.243	1.492
332.8	5.244	1.491
332.9	5.245	1.491
333	5.246	1.49
333.1	5.247	1.488
333.2	5.248	1.487
333.3	5.249	1.486
333.4	5.25	1.486
333.5	5.25	1.485
333.6	5.251	1.485
333.7	5.252	1.485
333.8	5.253	1.485
333.9	5.253	1.485
334	5.254	1.485
334.1	5.254	1.485
334.2	5.254	1.484
334.3	5.255	1.484
334.4	5.255	1.484
334.5	5.256	1.484
334.6	5.256	1.484
334.7	5.256	1.484
334.8	5.256	1.484
334.9	5.256	1.484
335	5.256	1.484
335.1	5.256	1.484
335.2	5.255	1.483
335.3	5.255	1.483
335.4	5.255	1.482
335.5	5.254	1.483
335.6	5.255	1.482
335.7	5.255	1.481
335.8	5.255	1.48
335.9	5.255	1.48
336	5.255	1.48
336.1	5.256	1.48
336.2	5.256	1.479
336.3	5.256	1.478
336.4	5.256	1.477
336.5	5.257	1.476
336.6	5.258	1.476
336.7	5.259	1.475
336.8	5.261	1.474
336.9	5.263	1.473
337	5.264	1.473
337.1	5.265	1.473
337.2	5.266	1.474
337.3	5.268	1.478
337.4	5.27	1.485
337.5	5.276	1.496
337.6	5.284	1.509
337.7	5.297	1.525
337.8	5.314	1.542
337.9	5.333	1.559
338	5.349	1.573
338.1	5.362	1.585
338.2	5.371	1.599
338.3	5.377	1.611
338.4	5.379	1.622
338.5	5.381	1.633
338.6	5.384	1.644
338.7	5.384	1.652
338.8	5.384	1.657
338.9	5.386	1.659
339	5.39	1.659
339.1	5.394	1.66
339.2	5.398	1.661
339.3	5.401	1.661
339.4	5.402	1.661
339.5	5.403	1.661
339.6	5.404	1.662
339.7	5.404	1.663
339.8	5.405	1.664
339.9	5.406	1.663
340	5.408	1.662
340.1	5.409	1.661
340.2	5.411	1.66
340.3	5.412	1.659
340.4	5.413	1.66
340.5	5.414	1.66
340.6	5.414	1.66
340.7	5.414	1.659
340.8	5.414	1.66
340.9	5.414	1.661
