Time	Velocity
0	0
0.1	0.03
0.2	0.13
0.3	0.29
0.4	0.48
0.5	0.7
0.6	0.91
0.7	1.11
0.8	1.26
0.9	1.36
1	1.4
1.1	1.4
1.2	1.4
1.3	1.4
1.4	1.4
1.5	1.38
1.6	1.29
1.7	1.15
1.8	0.96
1.9	0.75
2	0.53
2.1	0.33
2.2	0.16
2.3	0.05
0	0
0.1	-0.12
0.2	-0.41
0.3	-0.75
0.4	-0.97
0.5	-0.99
0.6	-0.77
0.7	-0.47
0	0
0.1	-0.09
0.2	-0.37
0.3	-0.75
0.4	-0.97
0.5	-0.98
0.6	-0.77
0.7	-0.43
0	0
0.1	-0.37
0.2	-1.04
0.3	-1.49
0.4	-1.13
0	0
0.1	-0.37
0.2	-1.12
0.3	-1.5
0.4	-1.12
0	0
0.1	-0.37
0.2	-1.12
0.3	-1.5
0.4	-1.13
0.5	-0.46
