Time	X	Z
0	7.873	2.235
0.1	7.873	2.235
0.2	7.873	2.235
0.3	7.873	2.235
0.4	7.873	2.235
0.5	7.873	2.235
0.6	7.873	2.235
0.7	7.873	2.235
0.8	7.873	2.235
0.9	7.873	2.235
1	7.873	2.235
1.1	7.873	2.235
1.2	7.873	2.235
1.3	7.873	2.235
1.4	7.873	2.235
1.5	7.873	2.235
1.6	7.873	2.235
1.7	7.873	2.235
1.8	7.873	2.235
1.9	7.873	2.235
2	7.873	2.235
2.1	7.873	2.235
2.2	7.873	2.235
2.3	7.873	2.235
2.4	7.873	2.235
2.5	7.873	2.235
2.6	7.873	2.235
2.7	7.873	2.235
2.8	7.873	2.235
2.9	7.873	2.235
3	7.873	2.235
3.1	7.873	2.235
3.2	7.873	2.235
3.3	7.873	2.235
3.4	7.873	2.235
3.5	7.873	2.235
3.6	7.873	2.235
3.7	7.873	2.235
3.8	7.873	2.235
3.9	7.873	2.235
4	7.873	2.235
4.1	7.873	2.235
4.2	7.869	2.23
4.3	7.87	2.232
4.4	7.87	2.232
4.5	7.868	2.234
4.6	7.871	2.251
4.7	7.877	2.261
4.8	7.898	2.245
4.9	7.91	2.226
5	7.914	2.23
5.1	7.909	2.245
5.2	7.89	2.258
5.3	7.861	2.271
5.4	7.829	2.294
5.5	7.786	2.32
5.6	7.736	2.357
5.7	7.681	2.41
5.8	7.632	2.482
5.9	7.594	2.566
6	7.576	2.658
6.1	7.573	2.749
6.2	7.581	2.827
6.3	7.607	2.879
6.4	7.65	2.906
6.5	7.698	2.917
6.6	7.743	2.918
6.7	7.781	2.912
6.8	7.814	2.897
6.9	7.843	2.868
7	7.871	2.833
7.1	7.893	2.799
7.2	7.902	2.764
7.3	7.9	2.735
7.4	7.895	2.723
7.5	7.891	2.745
7.6	7.871	2.809
7.7	7.831	2.895
7.8	7.79	2.98
7.9	7.761	3.051
8	7.722	3.117
8.1	7.662	3.178
8.2	7.599	3.241
8.3	7.537	3.308
8.4	7.472	3.379
8.5	7.424	3.447
8.6	7.394	3.515
8.7	7.361	3.578
8.8	7.335	3.638
8.9	7.316	3.698
9	7.304	3.757
9.1	7.29	3.807
9.2	7.269	3.849
9.3	7.244	3.882
9.4	7.22	3.911
9.5	7.196	3.948
9.6	7.176	3.977
9.7	7.173	3.996
9.8	7.175	4.021
9.9	7.187	4.042
10	7.205	4.073
10.1	7.234	4.117
10.2	7.267	4.172
10.3	7.295	4.23
10.4	7.311	4.281
10.5	7.317	4.317
10.6	7.311	4.342
10.7	7.294	4.353
10.8	7.269	4.363
10.9	7.234	4.374
11	7.221	4.384
11.1	7.21	4.389
11.2	7.188	4.395
11.3	7.194	4.392
11.4	7.184	4.387
11.5	7.161	4.396
11.6	7.146	4.408
11.7	7.15	4.424
11.8	7.167	4.444
11.9	7.187	4.455
12	7.212	4.459
12.1	7.234	4.465
12.2	7.263	4.496
12.3	7.291	4.542
12.4	7.326	4.563
12.5	7.364	4.579
12.6	7.39	4.591
12.7	7.406	4.604
12.8	7.428	4.619
12.9	7.452	4.632
13	7.472	4.636
13.1	7.481	4.645
13.2	7.49	4.652
13.3	7.496	4.658
13.4	7.501	4.669
13.5	7.502	4.68
13.6	7.507	4.688
13.7	7.512	4.692
13.8	7.511	4.694
13.9	7.513	4.697
14	7.515	4.7
14.1	7.518	4.703
14.2	7.524	4.706
14.3	7.522	4.704
14.4	7.529	4.711
14.5	7.534	4.716
14.6	7.538	4.72
14.7	7.539	4.722
14.8	7.539	4.724
14.9	7.538	4.725
15	7.535	4.725
15.1	7.537	4.726
15.2	7.539	4.725
15.3	7.54	4.726
15.4	7.538	4.726
15.5	7.536	4.727
15.6	7.532	4.727
15.7	7.529	4.726
15.8	7.527	4.725
15.9	7.527	4.725
16	7.528	4.725
16.1	7.529	4.725
16.2	7.528	4.725
16.3	7.525	4.725
16.4	7.519	4.725
16.5	7.517	4.725
16.6	7.516	4.723
16.7	7.513	4.721
16.8	7.51	4.719
16.9	7.509	4.717
17	7.508	4.714
17.1	7.508	4.712
17.2	7.508	4.708
17.3	7.508	4.705
17.4	7.507	4.702
17.5	7.508	4.7
17.6	7.51	4.697
17.7	7.512	4.695
17.8	7.513	4.694
17.9	7.512	4.691
18	7.514	4.687
18.1	7.517	4.684
18.2	7.518	4.683
18.3	7.518	4.682
18.4	7.517	4.681
18.5	7.517	4.68
18.6	7.515	4.681
18.7	7.514	4.682
18.8	7.514	4.683
18.9	7.515	4.683
19	7.515	4.683
19.1	7.514	4.685
19.2	7.513	4.685
19.3	7.514	4.684
19.4	7.514	4.684
19.5	7.515	4.685
19.6	7.515	4.684
19.7	7.516	4.684
19.8	7.516	4.683
19.9	7.516	4.685
20	7.516	4.688
20.1	7.516	4.69
20.2	7.518	4.69
20.3	7.517	4.688
20.4	7.516	4.687
20.5	7.513	4.686
20.6	7.51	4.687
20.7	7.508	4.688
20.8	7.506	4.689
20.9	7.505	4.69
21	7.502	4.692
21.1	7.5	4.695
21.2	7.498	4.699
21.3	7.497	4.702
21.4	7.497	4.704
21.5	7.498	4.706
21.6	7.499	4.707
21.7	7.5	4.707
21.8	7.502	4.706
21.9	7.505	4.704
22	7.508	4.701
22.1	7.51	4.698
22.2	7.511	4.698
22.3	7.511	4.699
22.4	7.511	4.701
22.5	7.511	4.703
22.6	7.51	4.704
22.7	7.51	4.704
22.8	7.51	4.704
22.9	7.51	4.703
23	7.511	4.702
23.1	7.511	4.702
23.2	7.512	4.702
23.3	7.513	4.702
23.4	7.514	4.702
23.5	7.516	4.703
23.6	7.517	4.703
23.7	7.519	4.704
23.8	7.52	4.705
23.9	7.521	4.706
24	7.522	4.706
24.1	7.522	4.706
24.2	7.521	4.706
24.3	7.521	4.706
24.4	7.52	4.706
24.5	7.519	4.706
24.6	7.519	4.706
24.7	7.518	4.706
24.8	7.517	4.706
24.9	7.516	4.707
25	7.516	4.707
25.1	7.516	4.707
25.2	7.517	4.706
25.3	7.519	4.706
25.4	7.521	4.705
25.5	7.522	4.705
25.6	7.525	4.704
25.7	7.526	4.705
25.8	7.527	4.706
25.9	7.527	4.706
26	7.526	4.706
26.1	7.526	4.706
26.2	7.525	4.707
26.3	7.524	4.708
26.4	7.524	4.71
26.5	7.523	4.712
26.6	7.523	4.713
26.7	7.523	4.713
26.8	7.524	4.713
26.9	7.525	4.712
27	7.527	4.712
27.1	7.528	4.712
27.2	7.53	4.711
27.3	7.531	4.711
27.4	7.532	4.71
27.5	7.533	4.71
27.6	7.534	4.71
27.7	7.535	4.709
27.8	7.536	4.708
27.9	7.537	4.708
28	7.538	4.707
28.1	7.539	4.705
28.2	7.54	4.704
28.3	7.54	4.703
28.4	7.541	4.703
28.5	7.541	4.704
28.6	7.541	4.706
28.7	7.541	4.706
28.8	7.542	4.707
28.9	7.542	4.707
29	7.542	4.708
29.1	7.542	4.709
29.2	7.541	4.711
29.3	7.541	4.713
29.4	7.541	4.713
29.5	7.542	4.713
29.6	7.541	4.714
29.7	7.539	4.715
29.8	7.539	4.717
29.9	7.538	4.718
30	7.538	4.718
30.1	7.538	4.719
30.2	7.539	4.719
30.3	7.539	4.72
30.4	7.539	4.72
30.5	7.539	4.721
30.6	7.539	4.721
30.7	7.539	4.721
30.8	7.539	4.72
30.9	7.539	4.719
31	7.54	4.719
31.1	7.54	4.718
31.2	7.54	4.718
31.3	7.54	4.718
31.4	7.541	4.718
31.5	7.541	4.718
31.6	7.541	4.718
31.7	7.542	4.717
31.8	7.542	4.717
31.9	7.543	4.717
32	7.545	4.717
32.1	7.545	4.717
32.2	7.545	4.718
32.3	7.545	4.718
32.4	7.546	4.718
32.5	7.548	4.717
32.6	7.549	4.716
32.7	7.552	4.716
32.8	7.552	4.716
32.9	7.552	4.717
33	7.552	4.717
33.1	7.551	4.718
33.2	7.552	4.718
33.3	7.553	4.717
33.4	7.553	4.717
33.5	7.554	4.717
33.6	7.554	4.717
33.7	7.555	4.718
33.8	7.554	4.719
33.9	7.554	4.72
34	7.553	4.721
34.1	7.553	4.723
34.2	7.553	4.724
34.3	7.555	4.725
34.4	7.557	4.724
34.5	7.558	4.724
34.6	7.559	4.725
34.7	7.559	4.726
34.8	7.559	4.727
34.9	7.56	4.728
35	7.561	4.727
35.1	7.563	4.726
35.2	7.563	4.727
35.3	7.563	4.727
35.4	7.564	4.727
35.5	7.565	4.727
35.6	7.564	4.727
35.7	7.562	4.727
35.8	7.561	4.727
35.9	7.562	4.726
36	7.563	4.725
36.1	7.564	4.725
36.2	7.565	4.724
36.3	7.563	4.725
36.4	7.562	4.725
36.5	7.562	4.725
36.6	7.563	4.724
36.7	7.563	4.722
36.8	7.562	4.721
36.9	7.561	4.721
37	7.561	4.72
37.1	7.562	4.719
37.2	7.563	4.718
37.3	7.563	4.718
37.4	7.563	4.719
37.5	7.564	4.719
37.6	7.565	4.719
37.7	7.566	4.72
37.8	7.567	4.72
37.9	7.567	4.721
38	7.567	4.722
38.1	7.567	4.723
38.2	7.568	4.723
38.3	7.569	4.723
38.4	7.57	4.723
38.5	7.569	4.722
38.6	7.567	4.719
38.7	7.566	4.717
38.8	7.565	4.715
38.9	7.563	4.713
39	7.561	4.712
39.1	7.559	4.711
39.2	7.556	4.71
39.3	7.553	4.709
39.4	7.549	4.708
39.5	7.546	4.707
39.6	7.542	4.707
39.7	7.539	4.708
39.8	7.536	4.709
39.9	7.534	4.71
40	7.533	4.71
40.1	7.531	4.71
40.2	7.529	4.71
40.3	7.527	4.709
40.4	7.526	4.709
40.5	7.525	4.708
40.6	7.525	4.707
40.7	7.526	4.707
40.8	7.527	4.708
40.9	7.529	4.709
41	7.53	4.71
41.1	7.53	4.712
41.2	7.53	4.713
41.3	7.529	4.715
41.4	7.529	4.715
41.5	7.528	4.716
41.6	7.528	4.716
41.7	7.528	4.716
41.8	7.528	4.716
41.9	7.527	4.716
42	7.527	4.716
42.1	7.527	4.715
42.2	7.526	4.715
42.3	7.526	4.716
42.4	7.525	4.716
42.5	7.525	4.716
42.6	7.524	4.717
42.7	7.523	4.717
42.8	7.522	4.717
42.9	7.521	4.717
43	7.519	4.718
43.1	7.518	4.721
43.2	7.517	4.721
43.3	7.516	4.72
43.4	7.516	4.719
43.5	7.517	4.718
43.6	7.514	4.718
43.7	7.512	4.718
43.8	7.512	4.717
43.9	7.513	4.715
44	7.513	4.714
44.1	7.512	4.713
44.2	7.51	4.711
44.3	7.507	4.709
44.4	7.504	4.708
44.5	7.503	4.705
44.6	7.497	4.703
44.7	7.488	4.695
44.8	7.473	4.68
44.9	7.445	4.661
45	7.411	4.635
45.1	7.376	4.597
45.2	7.347	4.543
45.3	7.334	4.472
45.4	7.336	4.397
45.5	7.363	4.32
45.6	7.414	4.249
45.7	7.47	4.19
45.8	7.493	4.14
45.9	7.497	4.08
46	7.492	4.026
46.1	7.49	3.97
46.2	7.503	3.922
46.3	7.55	3.896
46.4	7.617	3.882
46.5	7.672	3.865
46.6	7.704	3.843
46.7	7.721	3.83
46.8	7.739	3.825
46.9	7.749	3.828
47	7.752	3.833
47.1	7.754	3.843
47.2	7.747	3.85
47.3	7.748	3.854
47.4	7.743	3.859
47.5	7.741	3.865
47.6	7.734	3.872
47.7	7.725	3.881
47.8	7.715	3.886
47.9	7.705	3.89
48	7.7	3.893
48.1	7.695	3.89
48.2	7.689	3.883
48.3	7.688	3.878
48.4	7.688	3.878
48.5	7.685	3.88
48.6	7.684	3.882
48.7	7.681	3.881
48.8	7.681	3.879
48.9	7.682	3.878
49	7.685	3.882
49.1	7.689	3.884
49.2	7.698	3.886
49.3	7.703	3.887
49.4	7.709	3.881
49.5	7.715	3.884
49.6	7.722	3.885
49.7	7.73	3.887
49.8	7.736	3.883
49.9	7.75	3.881
50	7.758	3.883
50.1	7.762	3.896
50.2	7.761	3.904
50.3	7.766	3.907
50.4	7.771	3.909
50.5	7.776	3.911
50.6	7.779	3.915
50.7	7.78	3.917
50.8	7.779	3.918
50.9	7.779	3.917
51	7.777	3.918
51.1	7.776	3.918
51.2	7.774	3.919
51.3	7.773	3.919
51.4	7.771	3.919
51.5	7.769	3.919
51.6	7.768	3.92
51.7	7.766	3.92
51.8	7.764	3.921
51.9	7.764	3.919
52	7.766	3.918
52.1	7.767	3.917
52.2	7.766	3.916
52.3	7.765	3.916
52.4	7.764	3.917
52.5	7.765	3.916
52.6	7.766	3.917
52.7	7.766	3.918
52.8	7.765	3.917
52.9	7.765	3.918
53	7.764	3.918
53.1	7.763	3.918
53.2	7.762	3.919
53.3	7.761	3.92
53.4	7.761	3.922
53.5	7.761	3.925
53.6	7.759	3.926
53.7	7.758	3.927
53.8	7.756	3.927
53.9	7.753	3.928
54	7.753	3.928
54.1	7.752	3.928
54.2	7.751	3.927
54.3	7.75	3.926
54.4	7.749	3.926
54.5	7.749	3.926
54.6	7.748	3.927
54.7	7.747	3.926
54.8	7.746	3.926
54.9	7.746	3.926
55	7.746	3.925
55.1	7.746	3.926
55.2	7.746	3.926
55.3	7.746	3.927
55.4	7.746	3.928
55.5	7.746	3.929
55.6	7.746	3.93
55.7	7.745	3.929
55.8	7.746	3.928
55.9	7.744	3.928
56	7.744	3.931
56.1	7.744	3.931
56.2	7.743	3.931
56.3	7.743	3.931
56.4	7.742	3.93
56.5	7.741	3.93
56.6	7.741	3.93
56.7	7.74	3.93
56.8	7.739	3.931
56.9	7.737	3.932
57	7.737	3.934
57.1	7.737	3.936
57.2	7.737	3.938
57.3	7.738	3.939
57.4	7.738	3.94
57.5	7.739	3.939
57.6	7.74	3.939
57.7	7.741	3.938
57.8	7.742	3.937
57.9	7.743	3.937
58	7.745	3.936
58.1	7.746	3.935
58.2	7.747	3.935
58.3	7.748	3.935
58.4	7.749	3.935
58.5	7.75	3.935
58.6	7.75	3.935
58.7	7.751	3.935
58.8	7.753	3.935
58.9	7.754	3.935
59	7.755	3.936
59.1	7.755	3.937
59.2	7.754	3.938
59.3	7.754	3.939
59.4	7.753	3.94
59.5	7.752	3.941
59.6	7.751	3.942
59.7	7.751	3.942
59.8	7.752	3.943
59.9	7.752	3.942
60	7.753	3.941
60.1	7.753	3.938
60.2	7.754	3.934
60.3	7.753	3.932
60.4	7.753	3.93
60.5	7.753	3.926
60.6	7.753	3.923
60.7	7.75	3.921
60.8	7.749	3.917
60.9	7.748	3.906
61	7.745	3.899
61.1	7.742	3.899
61.2	7.737	3.903
61.3	7.735	3.906
61.4	7.733	3.911
61.5	7.732	3.912
61.6	7.731	3.906
61.7	7.728	3.905
61.8	7.727	3.908
61.9	7.727	3.913
62	7.728	3.918
62.1	7.729	3.929
62.2	7.734	3.935
62.3	7.739	3.934
62.4	7.742	3.946
62.5	7.747	3.967
62.6	7.755	3.988
62.7	7.761	4.005
62.8	7.767	4.011
62.9	7.767	4.006
63	7.769	3.994
63.1	7.772	3.987
63.2	7.777	3.993
63.3	7.788	4.012
63.4	7.799	4.033
63.5	7.811	4.054
63.6	7.828	4.074
63.7	7.844	4.097
63.8	7.854	4.122
63.9	7.859	4.146
64	7.862	4.175
64.1	7.855	4.213
64.2	7.811	4.243
64.3	7.738	4.24
64.4	7.668	4.201
64.5	7.622	4.152
64.6	7.589	4.11
64.7	7.557	4.073
64.8	7.528	4.035
64.9	7.503	4.007
65	7.481	3.999
65.1	7.461	4.004
65.2	7.442	4.009
65.3	7.428	4.019
65.4	7.423	4.032
65.5	7.419	4.044
65.6	7.42	4.062
65.7	7.421	4.086
65.8	7.409	4.114
65.9	7.359	4.177
66	7.313	4.244
66.1	7.302	4.303
66.2	7.304	4.357
66.3	7.309	4.399
66.4	7.301	4.436
66.5	7.291	4.45
66.6	7.271	4.455
66.7	7.253	4.458
66.8	7.23	4.462
66.9	7.216	4.47
67	7.203	4.487
67.1	7.217	4.501
67.2	7.246	4.513
67.3	7.283	4.523
67.4	7.325	4.538
67.5	7.361	4.572
67.6	7.389	4.598
67.7	7.413	4.616
67.8	7.44	4.627
67.9	7.46	4.639
68	7.471	4.65
68.1	7.481	4.657
68.2	7.491	4.666
68.3	7.498	4.676
68.4	7.507	4.685
68.5	7.519	4.692
68.6	7.532	4.695
68.7	7.537	4.699
68.8	7.543	4.702
68.9	7.54	4.699
69	7.545	4.701
69.1	7.548	4.705
69.2	7.551	4.707
69.3	7.554	4.708
69.4	7.556	4.708
69.5	7.559	4.708
69.6	7.559	4.707
69.7	7.559	4.706
69.8	7.556	4.706
69.9	7.553	4.704
70	7.549	4.702
70.1	7.545	4.702
70.2	7.541	4.701
70.3	7.537	4.7
70.4	7.534	4.699
70.5	7.53	4.697
70.6	7.526	4.696
70.7	7.52	4.694
70.8	7.517	4.693
70.9	7.515	4.69
71	7.513	4.688
71.1	7.512	4.688
71.2	7.511	4.687
71.3	7.51	4.686
71.4	7.51	4.685
71.5	7.507	4.684
71.6	7.504	4.683
71.7	7.501	4.683
71.8	7.502	4.682
71.9	7.5	4.683
72	7.501	4.684
72.1	7.502	4.683
72.2	7.502	4.683
72.3	7.503	4.682
72.4	7.503	4.68
72.5	7.502	4.68
72.6	7.501	4.68
72.7	7.499	4.68
72.8	7.5	4.682
72.9	7.5	4.683
73	7.5	4.684
73.1	7.5	4.685
73.2	7.501	4.686
73.3	7.501	4.688
73.4	7.502	4.688
73.5	7.504	4.689
73.6	7.505	4.69
73.7	7.507	4.692
73.8	7.508	4.693
73.9	7.508	4.693
74	7.509	4.694
74.1	7.509	4.695
74.2	7.51	4.696
74.3	7.51	4.697
74.4	7.511	4.698
74.5	7.512	4.698
74.6	7.512	4.699
74.7	7.513	4.7
74.8	7.513	4.7
74.9	7.514	4.701
75	7.514	4.701
75.1	7.514	4.701
75.2	7.514	4.701
75.3	7.514	4.701
75.4	7.513	4.701
75.5	7.513	4.701
75.6	7.513	4.701
75.7	7.513	4.702
75.8	7.513	4.704
75.9	7.514	4.705
76	7.514	4.706
76.1	7.514	4.706
76.2	7.513	4.707
76.3	7.512	4.707
76.4	7.511	4.707
76.5	7.51	4.707
76.6	7.509	4.707
76.7	7.508	4.707
76.8	7.508	4.706
76.9	7.509	4.706
77	7.507	4.705
77.1	7.507	4.704
77.2	7.507	4.704
77.3	7.509	4.704
77.4	7.512	4.703
77.5	7.514	4.704
77.6	7.515	4.704
77.7	7.516	4.706
77.8	7.517	4.707
77.9	7.518	4.708
78	7.518	4.709
78.1	7.518	4.709
78.2	7.517	4.709
78.3	7.515	4.708
78.4	7.513	4.707
78.5	7.51	4.707
78.6	7.509	4.706
78.7	7.508	4.705
78.8	7.508	4.705
78.9	7.508	4.705
79	7.508	4.706
79.1	7.508	4.707
79.2	7.509	4.708
79.3	7.51	4.708
79.4	7.511	4.707
79.5	7.513	4.707
79.6	7.514	4.706
79.7	7.516	4.705
79.8	7.517	4.705
79.9	7.517	4.705
80	7.517	4.706
80.1	7.516	4.706
80.2	7.516	4.706
80.3	7.515	4.706
80.4	7.515	4.705
80.5	7.514	4.704
80.6	7.513	4.703
80.7	7.512	4.702
80.8	7.511	4.701
80.9	7.511	4.701
81	7.511	4.7
81.1	7.511	4.701
81.2	7.512	4.701
81.3	7.512	4.702
81.4	7.512	4.702
81.5	7.512	4.703
81.6	7.512	4.703
81.7	7.511	4.703
81.8	7.511	4.703
81.9	7.511	4.703
82	7.511	4.703
82.1	7.511	4.703
82.2	7.51	4.703
82.3	7.511	4.703
82.4	7.511	4.703
82.5	7.511	4.704
82.6	7.512	4.704
82.7	7.512	4.704
82.8	7.513	4.705
82.9	7.513	4.705
83	7.512	4.705
83.1	7.512	4.706
83.2	7.511	4.706
83.3	7.51	4.706
83.4	7.509	4.706
83.5	7.509	4.705
83.6	7.51	4.694
83.7	7.517	4.674
83.8	7.536	4.655
83.9	7.561	4.646
84	7.582	4.646
84.1	7.602	4.648
84.2	7.616	4.646
84.3	7.625	4.64
84.4	7.632	4.633
84.5	7.64	4.625
84.6	7.648	4.616
84.7	7.657	4.608
84.8	7.661	4.606
84.9	7.657	4.607
85	7.646	4.615
85.1	7.635	4.624
85.2	7.628	4.635
85.3	7.625	4.644
85.4	7.627	4.653
85.5	7.632	4.662
85.6	7.637	4.668
85.7	7.639	4.671
85.8	7.641	4.671
85.9	7.641	4.669
86	7.639	4.663
86.1	7.633	4.653
86.2	7.625	4.644
86.3	7.618	4.64
86.4	7.612	4.639
86.5	7.609	4.639
86.6	7.608	4.642
86.7	7.608	4.646
86.8	7.607	4.651
86.9	7.606	4.654
87	7.606	4.657
87.1	7.606	4.658
87.2	7.605	4.659
87.3	7.605	4.659
87.4	7.605	4.659
87.5	7.604	4.659
87.6	7.604	4.66
87.7	7.604	4.661
87.8	7.604	4.662
87.9	7.604	4.664
88	7.605	4.666
88.1	7.604	4.668
88.2	7.604	4.669
88.3	7.604	4.67
88.4	7.603	4.67
88.5	7.603	4.669
88.6	7.603	4.668
88.7	7.603	4.667
88.8	7.603	4.666
88.9	7.604	4.666
89	7.604	4.666
89.1	7.604	4.666
89.2	7.603	4.665
89.3	7.603	4.665
89.4	7.602	4.665
89.5	7.602	4.665
89.6	7.602	4.665
89.7	7.602	4.666
89.8	7.602	4.666
89.9	7.602	4.666
90	7.601	4.666
90.1	7.601	4.667
90.2	7.6	4.667
90.3	7.6	4.667
90.4	7.6	4.666
90.5	7.599	4.667
90.6	7.599	4.667
90.7	7.599	4.667
90.8	7.599	4.667
90.9	7.6	4.667
91	7.6	4.668
91.1	7.599	4.668
91.2	7.599	4.667
91.3	7.598	4.666
91.4	7.598	4.665
91.5	7.598	4.662
91.6	7.598	4.66
91.7	7.598	4.658
91.8	7.597	4.655
91.9	7.597	4.654
92	7.596	4.654
92.1	7.595	4.654
92.2	7.593	4.655
92.3	7.59	4.655
92.4	7.588	4.656
92.5	7.585	4.658
92.6	7.582	4.659
92.7	7.579	4.66
92.8	7.578	4.661
92.9	7.578	4.662
93	7.58	4.661
93.1	7.582	4.66
93.2	7.585	4.66
93.3	7.587	4.66
93.4	7.59	4.657
93.5	7.596	4.655
93.6	7.601	4.654
93.7	7.603	4.653
93.8	7.603	4.653
93.9	7.6	4.652
94	7.595	4.651
94.1	7.59	4.652
94.2	7.587	4.654
94.3	7.584	4.657
94.4	7.581	4.659
94.5	7.58	4.661
94.6	7.579	4.662
94.7	7.579	4.661
94.8	7.579	4.659
94.9	7.579	4.657
95	7.58	4.656
95.1	7.58	4.656
95.2	7.581	4.655
95.3	7.582	4.655
95.4	7.583	4.655
95.5	7.583	4.654
95.6	7.582	4.652
95.7	7.582	4.649
95.8	7.581	4.646
95.9	7.581	4.644
96	7.58	4.642
96.1	7.579	4.641
96.2	7.579	4.64
96.3	7.58	4.641
96.4	7.58	4.642
96.5	7.581	4.643
96.6	7.582	4.644
96.7	7.582	4.645
96.8	7.582	4.645
96.9	7.582	4.646
97	7.582	4.645
97.1	7.582	4.645
97.2	7.582	4.643
97.3	7.582	4.643
97.4	7.583	4.643
97.5	7.584	4.643
97.6	7.585	4.644
97.7	7.586	4.644
97.8	7.586	4.645
97.9	7.586	4.645
98	7.586	4.645
98.1	7.585	4.645
98.2	7.584	4.644
98.3	7.581	4.642
98.4	7.574	4.638
98.5	7.56	4.632
98.6	7.539	4.626
98.7	7.511	4.626
98.8	7.485	4.634
98.9	7.465	4.647
99	7.454	4.656
99.1	7.449	4.658
99.2	7.447	4.656
99.3	7.447	4.654
99.4	7.449	4.654
99.5	7.45	4.654
99.6	7.452	4.655
99.7	7.455	4.655
99.8	7.458	4.655
99.9	7.462	4.653
100	7.466	4.65
100.1	7.47	4.644
100.2	7.476	4.636
100.3	7.483	4.627
100.4	7.494	4.615
100.5	7.511	4.602
100.6	7.532	4.596
100.7	7.548	4.596
100.8	7.557	4.599
100.9	7.561	4.601
101	7.565	4.604
101.1	7.567	4.608
101.2	7.568	4.614
101.3	7.569	4.618
101.4	7.569	4.618
101.5	7.567	4.617
101.6	7.565	4.617
101.7	7.563	4.618
101.8	7.562	4.619
101.9	7.562	4.619
102	7.561	4.618
102.1	7.56	4.618
102.2	7.557	4.618
102.3	7.554	4.619
102.4	7.551	4.621
102.5	7.548	4.622
102.6	7.546	4.623
102.7	7.546	4.624
102.8	7.548	4.625
102.9	7.55	4.625
103	7.553	4.625
103.1	7.557	4.624
103.2	7.56	4.624
103.3	7.562	4.622
103.4	7.563	4.621
103.5	7.564	4.621
103.6	7.564	4.62
103.7	7.564	4.617
103.8	7.568	4.613
103.9	7.574	4.608
104	7.581	4.602
104.1	7.589	4.596
104.2	7.595	4.59
104.3	7.595	4.586
104.4	7.589	4.586
104.5	7.58	4.59
104.6	7.569	4.596
104.7	7.555	4.602
104.8	7.537	4.609
104.9	7.52	4.617
105	7.505	4.624
105.1	7.491	4.629
105.2	7.479	4.634
105.3	7.47	4.637
105.4	7.465	4.638
105.5	7.47	4.63
105.6	7.485	4.617
105.7	7.507	4.608
105.8	7.526	4.604
105.9	7.537	4.602
106	7.546	4.6
106.1	7.552	4.599
106.2	7.558	4.597
106.3	7.564	4.595
106.4	7.573	4.595
106.5	7.589	4.597
106.6	7.606	4.601
106.7	7.621	4.602
106.8	7.636	4.6
106.9	7.652	4.597
107	7.666	4.592
107.1	7.681	4.588
107.2	7.689	4.586
107.3	7.693	4.587
107.4	7.692	4.591
107.5	7.685	4.597
107.6	7.674	4.602
107.7	7.66	4.608
107.8	7.647	4.615
107.9	7.638	4.627
108	7.636	4.643
108.1	7.635	4.656
108.2	7.635	4.669
108.3	7.633	4.684
108.4	7.629	4.7
108.5	7.624	4.715
108.6	7.614	4.732
108.7	7.606	4.74
108.8	7.602	4.741
108.9	7.602	4.732
109	7.604	4.718
109.1	7.604	4.703
109.2	7.598	4.687
109.3	7.589	4.673
109.4	7.574	4.66
109.5	7.554	4.646
109.6	7.533	4.634
109.7	7.515	4.625
109.8	7.502	4.614
109.9	7.49	4.602
110	7.476	4.585
110.1	7.466	4.572
110.2	7.455	4.557
110.3	7.445	4.547
110.4	7.436	4.54
110.5	7.426	4.533
110.6	7.417	4.526
110.7	7.41	4.522
110.8	7.403	4.52
110.9	7.397	4.52
111	7.395	4.522
111.1	7.397	4.524
111.2	7.403	4.526
111.3	7.41	4.528
111.4	7.417	4.531
111.5	7.423	4.534
111.6	7.431	4.538
111.7	7.441	4.542
111.8	7.454	4.546
111.9	7.467	4.549
112	7.478	4.551
112.1	7.488	4.556
112.2	7.497	4.566
112.3	7.504	4.581
112.4	7.507	4.598
112.5	7.508	4.615
112.6	7.508	4.631
112.7	7.507	4.644
112.8	7.505	4.654
112.9	7.504	4.66
113	7.504	4.663
113.1	7.504	4.663
113.2	7.504	4.661
113.3	7.504	4.657
113.4	7.503	4.652
113.5	7.502	4.647
113.6	7.501	4.642
113.7	7.5	4.636
113.8	7.5	4.631
113.9	7.501	4.626
114	7.502	4.622
114.1	7.502	4.62
114.2	7.501	4.618
114.3	7.5	4.617
114.4	7.499	4.616
114.5	7.497	4.616
114.6	7.495	4.616
114.7	7.494	4.616
114.8	7.492	4.617
114.9	7.492	4.617
115	7.491	4.616
115.1	7.491	4.616
115.2	7.49	4.615
115.3	7.49	4.614
115.4	7.49	4.613
115.5	7.49	4.612
115.6	7.49	4.612
115.7	7.49	4.611
115.8	7.49	4.61
115.9	7.489	4.61
116	7.489	4.61
116.1	7.488	4.61
116.2	7.488	4.609
116.3	7.488	4.609
116.4	7.488	4.609
116.5	7.489	4.608
116.6	7.489	4.608
116.7	7.489	4.608
116.8	7.49	4.609
116.9	7.49	4.609
117	7.49	4.608
117.1	7.489	4.608
117.2	7.489	4.608
117.3	7.489	4.607
117.4	7.489	4.607
117.5	7.489	4.608
117.6	7.489	4.608
117.7	7.489	4.609
117.8	7.489	4.609
117.9	7.489	4.609
118	7.488	4.609
118.1	7.488	4.61
118.2	7.488	4.61
118.3	7.488	4.61
118.4	7.487	4.61
118.5	7.487	4.61
118.6	7.487	4.61
118.7	7.486	4.61
118.8	7.486	4.61
118.9	7.486	4.61
119	7.486	4.609
119.1	7.486	4.609
119.2	7.486	4.609
119.3	7.487	4.61
119.4	7.487	4.61
119.5	7.488	4.61
119.6	7.49	4.611
119.7	7.491	4.612
119.8	7.491	4.612
119.9	7.491	4.612
120	7.491	4.613
120.1	7.491	4.613
120.2	7.491	4.613
120.3	7.491	4.613
120.4	7.492	4.613
120.5	7.493	4.614
120.6	7.494	4.614
120.7	7.495	4.615
120.8	7.496	4.615
120.9	7.497	4.615
121	7.498	4.615
121.1	7.499	4.615
121.2	7.499	4.615
121.3	7.499	4.615
121.4	7.499	4.614
121.5	7.499	4.614
121.6	7.499	4.614
121.7	7.499	4.614
121.8	7.498	4.613
121.9	7.498	4.613
122	7.498	4.613
122.1	7.498	4.613
122.2	7.497	4.613
122.3	7.496	4.614
122.4	7.496	4.614
122.5	7.496	4.614
122.6	7.496	4.614
122.7	7.496	4.614
122.8	7.495	4.613
122.9	7.495	4.613
123	7.494	4.612
123.1	7.494	4.612
123.2	7.495	4.612
123.3	7.496	4.612
123.4	7.496	4.612
123.5	7.497	4.611
123.6	7.497	4.611
123.7	7.497	4.611
123.8	7.498	4.611
123.9	7.498	4.612
124	7.498	4.612
124.1	7.498	4.613
124.2	7.498	4.613
124.3	7.498	4.614
124.4	7.497	4.614
124.5	7.497	4.614
124.6	7.497	4.614
124.7	7.497	4.615
124.8	7.497	4.615
124.9	7.496	4.615
125	7.496	4.616
125.1	7.496	4.615
125.2	7.495	4.615
125.3	7.495	4.615
125.4	7.495	4.614
125.5	7.495	4.614
125.6	7.495	4.613
125.7	7.495	4.613
125.8	7.495	4.612
125.9	7.495	4.611
126	7.496	4.611
126.1	7.496	4.61
126.2	7.496	4.61
126.3	7.497	4.61
126.4	7.498	4.61
126.5	7.498	4.61
126.6	7.498	4.61
126.7	7.498	4.61
126.8	7.498	4.61
126.9	7.499	4.61
127	7.5	4.611
127.1	7.5	4.611
127.2	7.5	4.611
127.3	7.5	4.61
127.4	7.5	4.61
127.5	7.501	4.61
127.6	7.502	4.611
127.7	7.502	4.611
127.8	7.502	4.611
127.9	7.501	4.611
128	7.501	4.61
128.1	7.5	4.61
128.2	7.499	4.609
128.3	7.498	4.609
128.4	7.498	4.609
128.5	7.498	4.608
128.6	7.498	4.608
128.7	7.498	4.607
128.8	7.498	4.606
128.9	7.498	4.606
129	7.499	4.605
129.1	7.5	4.603
129.2	7.502	4.603
129.3	7.503	4.602
129.4	7.504	4.601
129.5	7.504	4.601
129.6	7.504	4.602
129.7	7.504	4.602
129.8	7.503	4.603
129.9	7.502	4.604
130	7.501	4.605
130.1	7.5	4.606
130.2	7.499	4.607
130.3	7.498	4.608
130.4	7.497	4.608
130.5	7.496	4.608
130.6	7.496	4.609
130.7	7.495	4.609
130.8	7.495	4.609
130.9	7.495	4.61
131	7.495	4.61
131.1	7.495	4.61
131.2	7.495	4.61
131.3	7.496	4.61
131.4	7.497	4.61
131.5	7.497	4.61
131.6	7.497	4.61
131.7	7.498	4.61
131.8	7.498	4.61
131.9	7.497	4.609
132	7.497	4.609
132.1	7.496	4.609
132.2	7.495	4.609
132.3	7.493	4.608
132.4	7.491	4.608
132.5	7.49	4.607
132.6	7.486	4.604
132.7	7.476	4.598
132.8	7.462	4.588
132.9	7.45	4.576
133	7.444	4.563
133.1	7.441	4.549
133.2	7.438	4.536
133.3	7.432	4.525
133.4	7.423	4.513
133.5	7.414	4.505
133.6	7.398	4.496
133.7	7.378	4.49
133.8	7.354	4.486
133.9	7.319	4.482
134	7.275	4.477
134.1	7.23	4.473
134.2	7.18	4.466
134.3	7.135	4.46
134.4	7.094	4.456
134.5	7.053	4.452
134.6	7.006	4.448
134.7	6.952	4.439
134.8	6.892	4.423
134.9	6.835	4.404
135	6.769	4.383
135.1	6.697	4.361
135.2	6.637	4.346
135.3	6.582	4.333
135.4	6.527	4.321
135.5	6.47	4.31
135.6	6.409	4.303
135.7	6.341	4.297
135.8	6.276	4.291
135.9	6.212	4.283
136	6.156	4.276
136.1	6.107	4.27
136.2	6.059	4.263
136.3	6.011	4.256
136.4	5.965	4.245
136.5	5.918	4.229
136.6	5.872	4.212
136.7	5.826	4.198
136.8	5.783	4.189
136.9	5.751	4.183
137	5.723	4.178
137.1	5.694	4.172
137.2	5.663	4.166
137.3	5.628	4.161
137.4	5.59	4.158
137.5	5.553	4.156
137.6	5.521	4.154
137.7	5.494	4.148
137.8	5.471	4.139
137.9	5.452	4.124
138	5.436	4.105
138.1	5.427	4.085
138.2	5.42	4.062
138.3	5.41	4.036
138.4	5.395	4.011
138.5	5.375	3.986
138.6	5.347	3.962
138.7	5.314	3.941
138.8	5.281	3.921
138.9	5.255	3.908
139	5.235	3.892
139.1	5.217	3.873
139.2	5.204	3.849
139.3	5.196	3.826
139.4	5.194	3.805
139.5	5.196	3.79
139.6	5.196	3.775
139.7	5.195	3.762
139.8	5.188	3.748
139.9	5.171	3.731
140	5.146	3.717
140.1	5.115	3.703
140.2	5.08	3.691
140.3	5.05	3.679
140.4	5.026	3.668
140.5	5.008	3.657
140.6	4.996	3.645
140.7	4.99	3.632
140.8	4.991	3.617
140.9	4.996	3.602
141	5.003	3.592
141.1	5.009	3.583
141.2	5.014	3.574
141.3	5.016	3.567
141.4	5.017	3.561
141.5	5.018	3.557
141.6	5.017	3.554
141.7	5.016	3.552
141.8	5.015	3.551
141.9	5.014	3.55
142	5.014	3.548
142.1	5.014	3.548
142.2	5.013	3.548
142.3	5.013	3.548
142.4	5.012	3.547
142.5	5.012	3.547
142.6	5.011	3.547
142.7	5.009	3.548
142.8	5.008	3.548
142.9	5.007	3.549
143	5.007	3.546
143.1	5.009	3.54
143.2	5.013	3.532
143.3	5.017	3.524
143.4	5.021	3.518
143.5	5.024	3.514
143.6	5.025	3.511
143.7	5.025	3.508
143.8	5.024	3.504
143.9	5.024	3.494
144	5.025	3.478
144.1	5.025	3.462
144.2	5.023	3.444
144.3	5.019	3.421
144.4	5.011	3.395
144.5	5.001	3.365
144.6	4.991	3.336
144.7	4.985	3.307
144.8	4.979	3.281
144.9	4.975	3.253
145	4.972	3.225
145.1	4.973	3.193
145.2	4.977	3.157
145.3	4.986	3.12
145.4	4.999	3.087
145.5	5.013	3.057
145.6	5.029	3.028
145.7	5.042	3
145.8	5.049	2.973
145.9	5.05	2.944
146	5.048	2.913
146.1	5.04	2.882
146.2	5.031	2.854
146.3	5.021	2.83
146.4	5.01	2.811
146.5	5.001	2.793
146.6	4.996	2.777
146.7	4.997	2.762
146.8	5	2.747
146.9	5.003	2.734
147	5.006	2.723
147.1	5.009	2.713
147.2	5.012	2.705
147.3	5.013	2.701
147.4	5.012	2.697
147.5	5.008	2.693
147.6	5.003	2.691
147.7	4.998	2.691
147.8	4.991	2.693
147.9	4.983	2.697
148	4.969	2.704
148.1	4.95	2.716
148.2	4.938	2.726
148.3	4.931	2.734
148.4	4.929	2.738
148.5	4.937	2.733
148.6	4.958	2.727
148.7	4.984	2.728
148.8	5.002	2.731
148.9	5.012	2.729
149	5.02	2.729
149.1	5.026	2.731
149.2	5.029	2.731
149.3	5.03	2.729
149.4	5.032	2.726
149.5	5.032	2.723
149.6	5.032	2.719
149.7	5.031	2.714
149.8	5.029	2.71
149.9	5.027	2.707
150	5.025	2.705
150.1	5.022	2.705
150.2	5.021	2.706
150.3	5.021	2.707
150.4	5.018	2.707
150.5	5.016	2.705
150.6	5.015	2.703
150.7	5.013	2.702
150.8	5.012	2.701
150.9	5.011	2.701
151	5.011	2.701
151.1	5.011	2.701
151.2	5.01	2.702
151.3	5.009	2.702
151.4	5.004	2.701
151.5	4.991	2.696
151.6	4.968	2.692
151.7	4.942	2.694
151.8	4.925	2.699
151.9	4.918	2.701
152	4.916	2.7
152.1	4.917	2.699
152.2	4.919	2.697
152.3	4.922	2.695
152.4	4.927	2.692
152.5	4.938	2.686
152.6	4.957	2.68
152.7	4.975	2.68
152.8	4.986	2.681
152.9	4.993	2.682
153	4.997	2.683
153.1	5.001	2.685
153.2	5.003	2.687
153.3	5.004	2.688
153.4	5.005	2.688
153.5	5.004	2.687
153.6	5.003	2.686
153.7	5.001	2.685
153.8	4.999	2.684
153.9	4.998	2.683
154	4.997	2.683
154.1	4.996	2.682
154.2	4.992	2.682
154.3	4.983	2.681
154.4	4.97	2.681
154.5	4.951	2.685
154.6	4.931	2.694
154.7	4.916	2.706
154.8	4.904	2.717
154.9	4.894	2.723
155	4.887	2.725
155.1	4.882	2.725
155.2	4.881	2.723
155.3	4.882	2.72
155.4	4.885	2.716
155.5	4.888	2.712
155.6	4.892	2.709
155.7	4.897	2.706
155.8	4.901	2.703
155.9	4.904	2.7
156	4.906	2.698
156.1	4.908	2.695
156.2	4.909	2.692
156.3	4.91	2.688
156.4	4.911	2.685
156.5	4.911	2.682
156.6	4.912	2.679
156.7	4.913	2.677
156.8	4.913	2.674
156.9	4.915	2.671
157	4.918	2.668
157.1	4.923	2.666
157.2	4.927	2.664
157.3	4.93	2.663
157.4	4.933	2.663
157.5	4.935	2.663
157.6	4.936	2.663
157.7	4.936	2.663
157.8	4.937	2.663
157.9	4.936	2.662
158	4.936	2.662
158.1	4.936	2.662
158.2	4.936	2.662
158.3	4.937	2.663
158.4	4.937	2.664
158.5	4.937	2.664
158.6	4.939	2.665
158.7	4.939	2.666
158.8	4.94	2.668
158.9	4.941	2.669
159	4.942	2.669
159.1	4.943	2.669
159.2	4.944	2.669
159.3	4.945	2.668
159.4	4.946	2.668
159.5	4.948	2.667
159.6	4.949	2.667
159.7	4.95	2.667
159.8	4.95	2.667
159.9	4.95	2.666
160	4.949	2.666
160.1	4.948	2.665
160.2	4.947	2.663
160.3	4.945	2.663
160.4	4.94	2.663
160.5	4.933	2.665
160.6	4.925	2.667
160.7	4.92	2.669
160.8	4.918	2.671
160.9	4.916	2.672
161	4.916	2.673
161.1	4.916	2.672
161.2	4.916	2.673
161.3	4.917	2.673
161.4	4.916	2.673
161.5	4.916	2.673
161.6	4.915	2.674
161.7	4.915	2.674
161.8	4.915	2.674
161.9	4.915	2.674
162	4.915	2.674
162.1	4.916	2.674
162.2	4.917	2.675
162.3	4.918	2.675
162.4	4.918	2.676
162.5	4.92	2.677
162.6	4.923	2.676
162.7	4.929	2.674
162.8	4.935	2.671
162.9	4.941	2.67
163	4.945	2.671
163.1	4.947	2.671
163.2	4.949	2.672
163.3	4.95	2.672
163.4	4.952	2.673
163.5	4.953	2.673
163.6	4.955	2.674
163.7	4.955	2.675
163.8	4.956	2.676
163.9	4.957	2.677
164	4.957	2.678
164.1	4.957	2.679
164.2	4.957	2.679
164.3	4.957	2.679
164.4	4.957	2.679
164.5	4.957	2.678
164.6	4.956	2.677
164.7	4.956	2.677
164.8	4.956	2.676
164.9	4.956	2.675
165	4.956	2.675
165.1	4.956	2.674
165.2	4.956	2.673
165.3	4.956	2.673
165.4	4.956	2.673
165.5	4.955	2.672
165.6	4.955	2.672
165.7	4.955	2.673
165.8	4.954	2.673
165.9	4.954	2.674
166	4.954	2.674
166.1	4.955	2.675
166.2	4.955	2.676
166.3	4.955	2.676
166.4	4.955	2.677
166.5	4.955	2.678
166.6	4.954	2.678
166.7	4.955	2.679
166.8	4.956	2.68
166.9	4.958	2.681
167	4.96	2.682
167.1	4.963	2.683
167.2	4.965	2.685
167.3	4.967	2.686
167.4	4.969	2.688
167.5	4.97	2.689
167.6	4.972	2.689
167.7	4.974	2.689
167.8	4.976	2.689
167.9	4.977	2.688
168	4.976	2.687
168.1	4.975	2.686
168.2	4.974	2.686
168.3	4.973	2.686
168.4	4.972	2.687
168.5	4.971	2.687
168.6	4.97	2.688
168.7	4.969	2.688
168.8	4.968	2.689
168.9	4.967	2.689
169	4.966	2.689
169.1	4.965	2.688
169.2	4.964	2.687
169.3	4.964	2.687
169.4	4.963	2.686
169.5	4.963	2.685
169.6	4.963	2.684
169.7	4.964	2.684
169.8	4.964	2.684
169.9	4.965	2.684
170	4.966	2.686
170.1	4.968	2.686
170.2	4.971	2.686
170.3	4.974	2.687
170.4	4.973	2.688
170.5	4.97	2.688
170.6	4.967	2.688
170.7	4.964	2.69
170.8	4.959	2.692
170.9	4.953	2.69
171	4.948	2.688
171.1	4.944	2.687
171.2	4.942	2.686
171.3	4.941	2.685
171.4	4.941	2.688
171.5	4.94	2.69
171.6	4.94	2.692
171.7	4.94	2.694
171.8	4.941	2.695
171.9	4.942	2.695
172	4.943	2.694
172.1	4.943	2.692
172.2	4.945	2.691
172.3	4.948	2.689
172.4	4.952	2.689
172.5	4.957	2.689
172.6	4.962	2.69
172.7	4.967	2.691
172.8	4.972	2.694
172.9	4.977	2.698
173	4.983	2.702
173.1	4.99	2.707
173.2	4.996	2.712
173.3	5.001	2.717
173.4	5.005	2.721
173.5	5.01	2.726
173.6	5.014	2.732
173.7	5.019	2.738
173.8	5.023	2.741
173.9	5.026	2.742
174	5.028	2.742
174.1	5.029	2.741
174.2	5.029	2.738
174.3	5.028	2.736
174.4	5.027	2.734
174.5	5.024	2.732
174.6	5.021	2.73
174.7	5.02	2.729
174.8	5.019	2.728
174.9	5.02	2.727
175	5.02	2.725
175.1	5.019	2.723
175.2	5.018	2.72
175.3	5.016	2.717
175.4	5.014	2.713
175.5	5.014	2.709
175.6	5.014	2.706
175.7	5.014	2.703
175.8	5.013	2.699
175.9	5.011	2.695
176	5.009	2.692
176.1	5.009	2.689
176.2	5.009	2.686
176.3	5.009	2.684
176.4	5.01	2.684
176.5	5.009	2.684
176.6	5.009	2.683
176.7	5.009	2.682
176.8	5.008	2.682
176.9	5.008	2.681
177	5.007	2.68
177.1	5.004	2.68
177.2	5	2.68
177.3	4.996	2.681
177.4	4.993	2.682
177.5	4.991	2.682
177.6	4.989	2.681
177.7	4.985	2.681
177.8	4.981	2.681
177.9	4.975	2.681
178	4.97	2.681
178.1	4.966	2.68
178.2	4.961	2.68
178.3	4.957	2.679
178.4	4.954	2.679
178.5	4.951	2.679
178.6	4.95	2.68
178.7	4.949	2.681
178.8	4.948	2.682
178.9	4.947	2.683
179	4.946	2.684
179.1	4.946	2.684
179.2	4.945	2.683
179.3	4.945	2.682
179.4	4.945	2.681
179.5	4.947	2.68
179.6	4.948	2.679
179.7	4.95	2.678
179.8	4.951	2.677
179.9	4.951	2.676
180	4.952	2.675
180.1	4.952	2.675
180.2	4.952	2.674
180.3	4.952	2.674
180.4	4.952	2.674
180.5	4.952	2.674
180.6	4.952	2.674
180.7	4.953	2.675
180.8	4.953	2.677
180.9	4.954	2.678
181	4.954	2.679
181.1	4.954	2.679
181.2	4.954	2.679
181.3	4.955	2.679
181.4	4.955	2.677
181.5	4.955	2.676
181.6	4.956	2.674
181.7	4.956	2.673
181.8	4.959	2.673
181.9	4.967	2.672
182	4.978	2.672
182.1	4.988	2.674
182.2	4.995	2.676
182.3	5	2.678
182.4	5.003	2.679
182.5	5.005	2.68
182.6	5.006	2.681
182.7	5.006	2.682
182.8	5.005	2.683
182.9	5.005	2.684
183	5.004	2.685
183.1	5.003	2.685
183.2	5.003	2.686
183.3	5.004	2.688
183.4	5.005	2.69
183.5	5.007	2.693
183.6	5.009	2.696
183.7	5.011	2.699
183.8	5.012	2.701
183.9	5.012	2.703
184	5.012	2.703
184.1	5.011	2.701
184.2	5.009	2.698
184.3	5.004	2.693
184.4	4.994	2.686
184.5	4.978	2.677
184.6	4.954	2.671
184.7	4.928	2.67
184.8	4.909	2.674
184.9	4.903	2.678
185	4.906	2.68
185.1	4.912	2.68
185.2	4.918	2.68
185.3	4.921	2.681
185.4	4.923	2.681
185.5	4.924	2.68
185.6	4.926	2.68
185.7	4.928	2.681
185.8	4.929	2.682
185.9	4.928	2.685
186	4.926	2.687
186.1	4.923	2.691
186.2	4.917	2.698
186.3	4.91	2.71
186.4	4.905	2.727
186.5	4.903	2.74
186.6	4.903	2.749
186.7	4.906	2.753
186.8	4.911	2.748
186.9	4.92	2.742
187	4.932	2.737
187.1	4.943	2.731
187.2	4.953	2.728
187.3	4.961	2.725
187.4	4.965	2.725
187.5	4.964	2.728
187.6	4.96	2.733
187.7	4.953	2.739
187.8	4.945	2.746
187.9	4.936	2.754
188	4.927	2.764
188.1	4.917	2.776
188.2	4.908	2.788
188.3	4.896	2.801
188.4	4.886	2.82
188.5	4.881	2.844
188.6	4.892	2.869
188.7	4.909	2.883
188.8	4.92	2.888
188.9	4.923	2.894
189	4.922	2.903
189.1	4.92	2.915
189.2	4.918	2.931
189.3	4.918	2.954
189.4	4.92	2.977
189.5	4.925	3
189.6	4.933	3.024
189.7	4.941	3.046
189.8	4.947	3.07
189.9	4.95	3.098
190	4.948	3.129
190.1	4.939	3.162
190.2	4.924	3.195
190.3	4.911	3.228
190.4	4.901	3.254
190.5	4.892	3.281
190.6	4.886	3.304
190.7	4.883	3.328
190.8	4.885	3.355
190.9	4.892	3.381
191	4.9	3.41
191.1	4.906	3.443
191.2	4.913	3.473
191.3	4.924	3.501
191.4	4.929	3.526
191.5	4.931	3.547
191.6	4.926	3.562
191.7	4.912	3.569
191.8	4.89	3.573
191.9	4.869	3.572
192	4.852	3.571
192.1	4.837	3.569
192.2	4.825	3.566
192.3	4.814	3.563
192.4	4.805	3.558
192.5	4.797	3.552
192.6	4.789	3.546
192.7	4.782	3.54
192.8	4.777	3.536
192.9	4.773	3.533
193	4.77	3.532
193.1	4.769	3.536
193.2	4.777	3.538
193.3	4.785	3.537
193.4	4.79	3.536
193.5	4.795	3.533
193.6	4.799	3.529
193.7	4.802	3.526
193.8	4.805	3.523
193.9	4.809	3.523
194	4.814	3.528
194.1	4.821	3.537
194.2	4.836	3.55
194.3	4.857	3.568
194.4	4.88	3.589
194.5	4.905	3.612
194.6	4.936	3.638
194.7	4.968	3.666
194.8	5	3.693
194.9	5.03	3.717
195	5.055	3.739
195.1	5.075	3.764
195.2	5.092	3.79
195.3	5.106	3.817
195.4	5.118	3.847
195.5	5.123	3.88
195.6	5.12	3.922
195.7	5.098	3.965
195.8	5.071	3.998
195.9	5.048	4.016
196	5.038	4.027
196.1	5.035	4.038
196.2	5.037	4.051
196.3	5.045	4.067
196.4	5.059	4.088
196.5	5.079	4.114
196.6	5.1	4.142
196.7	5.119	4.168
196.8	5.135	4.189
196.9	5.148	4.205
197	5.161	4.215
197.1	5.171	4.218
197.2	5.18	4.214
197.3	5.188	4.204
197.4	5.194	4.191
197.5	5.198	4.177
197.6	5.202	4.162
197.7	5.204	4.147
197.8	5.206	4.132
197.9	5.207	4.118
198	5.208	4.108
198.1	5.213	4.104
198.2	5.222	4.105
198.3	5.23	4.116
198.4	5.234	4.133
198.5	5.234	4.151
198.6	5.237	4.166
198.7	5.24	4.178
198.8	5.244	4.188
198.9	5.248	4.199
199	5.251	4.211
199.1	5.248	4.224
199.2	5.245	4.236
199.3	5.244	4.247
199.4	5.245	4.256
199.5	5.247	4.265
199.6	5.25	4.275
199.7	5.254	4.283
199.8	5.259	4.29
199.9	5.264	4.297
200	5.268	4.303
200.1	5.271	4.307
200.2	5.274	4.31
200.3	5.277	4.31
200.4	5.279	4.303
200.5	5.284	4.295
200.6	5.289	4.286
200.7	5.294	4.277
200.8	5.299	4.27
200.9	5.302	4.264
201	5.301	4.26
201.1	5.299	4.257
201.2	5.298	4.255
201.3	5.298	4.255
201.4	5.297	4.255
201.5	5.295	4.254
201.6	5.293	4.253
201.7	5.292	4.253
201.8	5.289	4.252
201.9	5.287	4.252
202	5.283	4.252
202.1	5.279	4.253
202.2	5.275	4.253
202.3	5.272	4.253
202.4	5.269	4.252
202.5	5.266	4.252
202.6	5.263	4.251
202.7	5.26	4.25
202.8	5.259	4.25
202.9	5.259	4.251
203	5.26	4.252
203.1	5.261	4.253
203.2	5.263	4.255
203.3	5.263	4.257
203.4	5.264	4.258
203.5	5.265	4.26
203.6	5.265	4.261
203.7	5.266	4.26
203.8	5.265	4.26
203.9	5.265	4.258
204	5.265	4.258
204.1	5.265	4.258
204.2	5.266	4.258
204.3	5.266	4.258
204.4	5.267	4.259
204.5	5.267	4.259
204.6	5.268	4.26
204.7	5.269	4.261
204.8	5.269	4.259
204.9	5.269	4.259
205	5.269	4.258
205.1	5.268	4.256
205.2	5.267	4.254
205.3	5.266	4.252
205.4	5.266	4.25
205.5	5.264	4.25
205.6	5.262	4.25
205.7	5.26	4.249
205.8	5.258	4.249
205.9	5.255	4.248
206	5.252	4.246
206.1	5.249	4.245
206.2	5.245	4.243
206.3	5.242	4.24
206.4	5.239	4.239
206.5	5.236	4.236
206.6	5.235	4.234
206.7	5.234	4.231
206.8	5.234	4.229
206.9	5.235	4.227
207	5.237	4.225
207.1	5.239	4.223
207.2	5.24	4.222
207.3	5.241	4.222
207.4	5.243	4.222
207.5	5.243	4.223
207.6	5.243	4.223
207.7	5.244	4.224
207.8	5.243	4.225
207.9	5.244	4.226
208	5.245	4.228
208.1	5.247	4.23
208.2	5.248	4.232
208.3	5.251	4.233
208.4	5.253	4.234
208.5	5.255	4.234
208.6	5.257	4.235
208.7	5.258	4.235
208.8	5.259	4.236
208.9	5.26	4.237
209	5.261	4.238
209.1	5.261	4.239
209.2	5.261	4.24
209.3	5.261	4.241
209.4	5.26	4.241
209.5	5.26	4.242
209.6	5.26	4.243
209.7	5.259	4.244
209.8	5.259	4.246
209.9	5.258	4.247
210	5.258	4.248
210.1	5.258	4.249
210.2	5.258	4.25
210.3	5.258	4.251
210.4	5.258	4.251
210.5	5.257	4.25
210.6	5.256	4.25
210.7	5.256	4.249
210.8	5.256	4.248
210.9	5.257	4.247
211	5.257	4.246
211.1	5.257	4.245
211.2	5.257	4.244
211.3	5.257	4.243
211.4	5.257	4.243
211.5	5.258	4.244
211.6	5.258	4.244
211.7	5.258	4.244
211.8	5.257	4.244
211.9	5.257	4.244
212	5.257	4.244
212.1	5.257	4.245
212.2	5.258	4.245
212.3	5.259	4.245
212.4	5.26	4.246
212.5	5.261	4.247
212.6	5.262	4.247
212.7	5.263	4.247
212.8	5.263	4.247
212.9	5.264	4.247
213	5.264	4.247
213.1	5.265	4.248
213.2	5.265	4.247
213.3	5.265	4.247
213.4	5.265	4.247
213.5	5.265	4.246
213.6	5.264	4.245
213.7	5.264	4.244
213.8	5.263	4.245
213.9	5.263	4.245
214	5.263	4.246
214.1	5.262	4.246
214.2	5.262	4.246
214.3	5.261	4.246
214.4	5.261	4.246
214.5	5.261	4.247
214.6	5.261	4.247
214.7	5.26	4.248
214.8	5.26	4.249
214.9	5.261	4.251
215	5.262	4.252
215.1	5.262	4.252
215.2	5.262	4.253
215.3	5.262	4.254
215.4	5.262	4.254
215.5	5.262	4.254
215.6	5.261	4.253
215.7	5.26	4.253
215.8	5.259	4.252
215.9	5.258	4.252
216	5.258	4.251
216.1	5.257	4.251
216.2	5.256	4.25
216.3	5.255	4.249
216.4	5.255	4.248
216.5	5.255	4.248
216.6	5.255	4.248
216.7	5.255	4.247
216.8	5.256	4.247
216.9	5.255	4.246
217	5.256	4.246
217.1	5.256	4.246
217.2	5.257	4.246
217.3	5.258	4.246
217.4	5.26	4.247
217.5	5.261	4.248
217.6	5.263	4.249
217.7	5.265	4.25
217.8	5.268	4.251
217.9	5.269	4.252
218	5.27	4.253
218.1	5.27	4.252
218.2	5.27	4.251
218.3	5.269	4.251
218.4	5.269	4.25
218.5	5.269	4.249
218.6	5.27	4.248
218.7	5.271	4.246
218.8	5.272	4.245
218.9	5.272	4.244
219	5.273	4.243
219.1	5.274	4.242
219.2	5.276	4.242
219.3	5.277	4.241
219.4	5.278	4.24
219.5	5.278	4.239
219.6	5.277	4.239
219.7	5.276	4.24
219.8	5.274	4.24
219.9	5.273	4.241
220	5.273	4.242
220.1	5.272	4.243
220.2	5.272	4.244
220.3	5.272	4.243
220.4	5.272	4.243
220.5	5.272	4.242
220.6	5.273	4.242
220.7	5.273	4.241
220.8	5.274	4.24
220.9	5.274	4.239
221	5.274	4.238
221.1	5.274	4.238
221.2	5.274	4.238
221.3	5.274	4.238
221.4	5.274	4.238
221.5	5.274	4.238
221.6	5.274	4.238
221.7	5.275	4.238
221.8	5.276	4.238
221.9	5.276	4.238
222	5.276	4.238
222.1	5.276	4.239
222.2	5.276	4.24
222.3	5.275	4.241
222.4	5.274	4.242
222.5	5.273	4.243
222.6	5.272	4.244
222.7	5.271	4.244
222.8	5.27	4.244
222.9	5.269	4.245
223	5.268	4.245
223.1	5.267	4.245
223.2	5.267	4.246
223.3	5.267	4.246
223.4	5.266	4.246
223.5	5.266	4.247
223.6	5.265	4.247
223.7	5.265	4.248
223.8	5.265	4.248
223.9	5.265	4.248
224	5.266	4.247
224.1	5.266	4.247
224.2	5.267	4.247
224.3	5.268	4.246
224.4	5.268	4.245
224.5	5.269	4.245
224.6	5.269	4.244
224.7	5.269	4.244
224.8	5.269	4.244
224.9	5.268	4.244
225	5.268	4.244
225.1	5.267	4.243
225.2	5.267	4.243
225.3	5.266	4.243
225.4	5.266	4.243
225.5	5.265	4.244
225.6	5.264	4.244
225.7	5.264	4.244
225.8	5.263	4.245
225.9	5.263	4.245
226	5.263	4.246
226.1	5.262	4.245
226.2	5.262	4.246
226.3	5.263	4.246
226.4	5.263	4.246
226.5	5.263	4.246
226.6	5.264	4.246
226.7	5.265	4.247
226.8	5.265	4.247
226.9	5.265	4.247
227	5.266	4.247
227.1	5.266	4.247
227.2	5.267	4.247
227.3	5.268	4.247
227.4	5.269	4.247
227.5	5.269	4.247
227.6	5.269	4.247
227.7	5.268	4.247
227.8	5.268	4.247
227.9	5.268	4.246
228	5.268	4.246
228.1	5.268	4.245
228.2	5.268	4.244
228.3	5.268	4.243
228.4	5.269	4.243
228.5	5.269	4.242
228.6	5.269	4.242
228.7	5.269	4.242
228.8	5.269	4.242
228.9	5.268	4.243
229	5.268	4.243
229.1	5.268	4.243
