Time	Velocity
0	0
0.1	0.03
0.2	0.13
0.3	0.28
0.4	0.47
0.5	0.69
0.6	0.91
0.7	1.11
0.8	1.26
0.9	1.36
1	1.4
1.1	1.4
1.2	1.4
1.3	1.4
1.4	1.4
1.5	1.35
1.6	1.24
1.7	1.07
1.8	0.87
1.9	0.65
2	0.43
2.1	0.25
2.2	0.11
2.3	0.02
0	0
0.1	-0.18
0.2	-0.71
0.3	-1.22
0.4	-1.39
0.5	-1.09
0.6	-0.53
0	0
0.1	-0.18
0.2	-0.76
0.3	-1.26
0.4	-1.4
0.5	-1.07
0.6	-0.51
0	0
0.1	-0.18
0.2	-0.71
0.3	-1.23
0.4	-1.4
0.5	-1.12
0.6	-0.57
0	0
0.1	-0.23
0.2	-0.76
0.3	-1.26
0.4	-1.39
0.5	-1.07
0.6	-0.5
0	0
0.1	-0.22
0.2	-0.76
0.3	-1.26
0.4	-1.39
0.5	-1.08
0.6	-0.51
0	0
0.1	-0.23
0.2	-0.77
0.3	-1.26
0.4	-1.4
0.5	-1.12
0.6	-0.51
0	0
0.1	-0.19
0.2	-0.71
0.3	-1.22
0.4	-1.4
0.5	-1.12
0.6	-0.57
0	0
0.1	-0.22
0.2	-0.87
0.3	-1.41
0.4	-1.44
0.5	-0.95
0	0
0.1	-0.33
0.2	-1.06
0.3	-1.56
0.4	-1.44
0.5	-0.79
0	0
0.1	-0.27
0.2	-0.99
0.3	-1.54
0.4	-1.49
0.5	-0.87
0	0
0.1	-0.32
0.2	-1.04
0.3	-1.56
0.4	-1.44
0.5	-0.77
0	0
0.1	-0.33
0.2	-1.06
0.3	-1.54
0.4	-1.49
0.5	-0.84
0	0
0.1	-0.27
0.2	-1.06
0.3	-1.54
0.4	-1.49
0.5	-0.78
0	0
0.1	-0.59
0.2	-1.7
0.3	-1.92
0.4	-0.98
0	0
0.1	-0.51
0.2	-1.72
0.3	-1.92
0.4	-0.98
0	0
0.1	-0.52
0.2	-1.63
0.3	-1.97
0.4	-1.12
0	0
0.1	-0.63
0.2	-1.72
0.3	-1.93
0.4	-1.03
0	0
0.1	-0.52
0.2	-1.72
0.3	-1.93
0.4	-1.01
0	0
0.1	-0.62
0.2	-1.69
0.3	-1.92
0.4	-0.98
0	0
0.1	-0.51
0.2	-1.64
0.3	-1.97
0.4	-1.11
0	0
0.1	-0.61
0.2	-1.73
0.3	-1.97
0.4	-1.12
0	0
0.1	-0.62
0.2	-1.72
0.3	-1.96
0.4	-0.98
0	0
0.1	-0.63
0.2	-1.72
0.3	-1.92
0.4	-1.11
0	0
0.1	-0.63
0.2	-1.65
0.3	-1.92
0.4	-1.01
0	0
0.1	-0.63
0.2	-1.64
0.3	-1.97
0.4	-1.13
0	0
0.1	-0.51
0.2	-1.72
0.3	-1.93
0.4	-0.99
0	0
0.1	-0.62
0.2	-1.72
0.3	-1.92
0.4	-0.98
0	0
0.1	-0.62
0.2	-1.72
0.3	-1.96
0.4	-1.1
0	0
0.1	-0.63
0.2	-1.72
0.3	-1.92
0.4	-0.98
0	0
0.1	-0.63
0.2	-1.72
0.3	-1.93
0.4	-1
0	0
0.1	-0.62
0.2	-1.73
0.3	-1.92
0.4	-0.98
0	0
0.1	-0.59
0.2	-1.64
0.3	-1.87
0.4	-1.07
0	0
0.1	-0.49
0.2	-1.55
0.3	-1.87
0.4	-1.06
0	0
0.1	-0.48
0.2	-1.63
0.3	-1.87
0.4	-1.06
0	0
0.1	-0.51
0.2	-1.45
0.3	-1.7
0.4	-1.26
0	0
0.1	-0.52
0.2	-1.46
0.3	-1.7
0.4	-1.37
0	0
0.1	-0.44
0.2	-1.39
0.3	-1.7
0.4	-1.26
0	0
0.1	-0.44
0.2	-1.39
0.3	-1.7
0.4	-1.36
0	0
0.1	-0.53
0.2	-1.39
0.3	-1.7
0.4	-1.27
0	0
0.1	-0.44
0.2	-1.38
0.3	-1.7
0.4	-1.33
0	0
0.1	-0.43
0.2	-1.39
0.3	-1.7
0.4	-1.35
0	0
0.1	-0.44
0.2	-1.45
0.3	-1.7
0.4	-1.28
0	0
0.1	-0.44
0.2	-1.45
0.3	-1.7
0.4	-1.27
0	0
0.1	-0.45
0.2	-1.41
0.3	-1.7
0.4	-1.37
0	0
0.1	-0.44
0.2	-1.39
0.3	-1.7
0.4	-1.36
0	0
0.1	-0.43
0.2	-1.39
0.3	-1.7
0.4	-1.35
0	0
0.1	-0.53
0.2	-1.46
0.3	-1.7
0.4	-1.26
0	0
0.1	-0.44
0.2	-1.39
0.3	-1.7
0.4	-1.36
0	0
0.1	-0.44
0.2	-1.41
0.3	-1.7
0.4	-1.35
0	0
0.1	-0.43
0.2	-1.39
0.3	-1.7
0.4	-1.27
0	0
0.1	-0.43
0.2	-1.39
0.3	-1.7
0.4	-1.36
0	0
0.1	-0.53
0.2	-1.39
0.3	-1.7
0.4	-1.26
0	0
0.1	-0.5
0.2	-1.37
0.3	-1.6
0.4	-1.36
0	0
0.1	-0.25
0.2	-0.86
0.3	-1
0.4	-1
0.5	-1
0.6	-0.8
0	0
0.1	-0.09
0.2	-0.25
0.3	-0.3
0.4	-0.3
0.5	-0.3
0.6	-0.3
0.7	-0.3
0.8	-0.3
0.9	-0.3
1	-0.3
1.1	-0.3
1.2	-0.3
1.3	-0.3
1.4	-0.3
1.5	-0.3
1.6	-0.3
1.7	-0.3
1.8	-0.29
0	0
0.1	0
0.2	0
0.3	0
0.4	0
0.5	0
0.6	0
0.7	0
0.8	0
0.9	0
1	0
1.1	0
1.2	0
1.3	0
1.4	0
1.5	0
1.6	0
1.7	0
1.8	0
1.9	0
2	0
2.1	0
2.2	0
2.3	0
2.4	0
2.5	0
2.6	0
2.7	0
2.8	0
2.9	0
3	0
3.1	0
3.2	0
3.3	0
3.4	0
3.5	0
3.6	0
3.7	0
3.8	0
3.9	0
4	0
4.1	0
4.2	0
4.3	0
4.4	0
4.5	0
4.6	0
4.7	0
4.8	0
4.9	0
5	0
5.1	0
5.2	0
5.3	0
5.4	0
5.5	0
5.6	0
5.7	0
5.8	0
5.9	0
6	0
6.1	0
6.2	0
6.3	0
6.4	0
6.5	0
6.6	0
6.7	0
6.8	0
6.9	0
7	0
7.1	0
7.2	0
7.3	0
7.4	0
7.5	0
7.6	0
7.7	0
7.8	0
7.9	0
8	0
8.1	0
8.2	0
8.3	0
8.4	0
8.5	0
8.6	0
8.7	0
8.8	0
8.9	0
9	0
9.1	0
9.2	0
9.3	0
9.4	0
9.5	0
9.6	0
9.7	0
9.8	0
9.9	0
10	0
10.1	0
10.2	0
10.3	0
10.4	0
10.5	0
10.6	0
10.7	0
10.8	0
10.9	0
11	0
11.1	0
11.2	0
11.3	0
11.4	0
11.5	0
11.6	0
11.7	0
11.8	0
11.9	0
12	0
12.1	0
12.2	0
12.3	0
12.4	0
12.5	0
12.6	0
12.7	0
12.8	0
12.9	0
13	0
13.1	0
13.2	0
13.3	0
13.4	0
13.5	0
13.6	0
13.7	0
13.8	0
13.9	0
14	0
14.1	0
14.2	0
14.3	0
14.4	0
14.5	0
14.6	0
14.7	0
14.8	0
14.9	0
15	0
15.1	0
15.2	0
15.3	0
15.4	0
15.5	0
15.6	0
15.7	0
15.8	0
15.9	0
16	0
16.1	0
16.2	0
16.3	0
16.4	0
16.5	0
16.6	0
16.7	0
16.8	0
16.9	0
17	0
17.1	0
17.2	0
17.3	0
17.4	0
17.5	0
17.6	0
17.7	0
17.8	0
17.9	0
18	0
18.1	0
18.2	0
18.3	0
18.4	0
18.5	0
18.6	0
18.7	0
18.8	0
18.9	0
19	0
19.1	0
19.2	0
19.3	0
19.4	0
19.5	0
19.6	0
19.7	0
19.8	0
19.9	0
20	0
20.1	0
20.2	0
20.3	0
20.4	0
20.5	0
20.6	0
20.7	0
20.8	0
20.9	0
21	0
21.1	0
21.2	0
21.3	0
21.4	0
21.5	0
21.6	0
21.7	0
21.8	0
21.9	0
22	0
22.1	0
22.2	0
22.3	0
22.4	0
22.5	0
22.6	0
22.7	0
22.8	0
22.9	0
23	0
23.1	0
23.2	0
23.3	0
23.4	0
23.5	0
23.6	0
23.7	0
23.8	0
23.9	0
24	0
24.1	0
24.2	0
24.3	0
24.4	0
24.5	0
24.6	0
24.7	0
24.8	0
24.9	0
25	0
25.1	0
25.2	0
25.3	0
25.4	0
25.5	0
25.6	0
25.7	0
25.8	0
25.9	0
26	0
26.1	0
26.2	0
26.3	0
26.4	0
26.5	0
26.6	0
26.7	0
26.8	0
26.9	0
27	0
27.1	0
27.2	0
27.3	0
27.4	0
27.5	0
27.6	0
27.7	0
27.8	0
27.9	0
28	0
28.1	0
28.2	0
28.3	0
28.4	0
28.5	0
28.6	0
28.7	0
28.8	0
28.9	0
29	0
29.1	0
29.2	0
29.3	0
29.4	0
29.5	0
29.6	0
29.7	0
29.8	0
29.9	0
30	0
30.1	0
30.2	0
30.3	0
30.4	0
30.5	0
30.6	0
0	0
0.1	-0.46
0.2	-1.47
0.3	-1.8
0.4	-1.68
0.5	-0.77
0	0
0.1	-0.56
0.2	-1.46
0.3	-1.8
0.4	-1.68
0.5	-0.78
0	0
0.1	-0.57
0.2	-1.55
0.3	-1.8
0.4	-1.67
0.5	-0.67
0	0
0.1	-0.56
0.2	-1.55
0.3	-1.8
0.4	-1.61
0.5	-0.75
0	0
0.1	-0.46
0.2	-1.48
0.3	-1.8
0.4	-1.67
0.5	-0.68
0	0
0.1	-0.48
0.2	-1.55
0.3	-1.8
0.4	-1.61
0.5	-0.76
0	0
0.1	-0.56
0.2	-1.55
0.3	-1.8
0.4	-1.62
0.5	-0.77
0	0
0.1	-0.47
0.2	-1.47
0.3	-1.8
0.4	-1.68
0.5	-0.65
