Time	Velocity
0	0
0.1	0.03
0.2	0.13
0.3	0.29
0.4	0.48
0.5	0.7
0.6	0.91
0.7	1.11
0.8	1.26
0.9	1.36
1	1.4
1.1	1.4
1.2	1.4
1.3	1.39
1.4	1.33
1.5	1.2
1.6	1.03
1.7	0.82
1.8	0.6
1.9	0.39
2	0.21
2.1	0.08
2.2	0.01
0	0
0.1	-0.08
0.2	-0.33
0.3	-0.69
0.4	-1.05
0.5	-1.31
0.6	-1.4
0.7	-1.28
0.8	-1.03
0.9	-0.63
0	0
0.1	-0.1
0.2	-0.33
0.3	-0.73
0.4	-1.05
0.5	-1.33
0.6	-1.4
0.7	-1.28
0.8	-1
0.9	-0.63
0	0
0.1	-0.08
0.2	-0.33
0.3	-0.69
0.4	-1.05
0.5	-1.31
0.6	-1.4
0.7	-1.3
0.8	-1
0.9	-0.63
0	0
0.1	-0.08
0.2	-0.33
0.3	-0.73
0.4	-1.05
0.5	-1.33
0.6	-1.4
0.7	-1.28
0.8	-1
0.9	-0.63
0	0
0.1	-0.07
0.2	-0.31
0.3	-0.68
0.4	-1
0.5	-1.22
0.6	-1.3
0.7	-1.27
0.8	-1.09
0.9	-0.78
1	-0.43
0	0
0.1	-0.06
0.2	-0.23
0.3	-0.47
0.4	-0.67
0.5	-0.85
0.6	-0.9
0.7	-0.9
0.8	-0.9
0.9	-0.9
1	-0.85
1.1	-0.69
1.2	-0.46
0	0
0.1	-0.06
0.2	-0.21
0.3	-0.41
0.4	-0.62
0.5	-0.76
0.6	-0.8
0.7	-0.8
0.8	-0.8
0.9	-0.8
1	-0.8
1.1	-0.77
1.2	-0.63
1.3	-0.43
0	0
0.1	-0.04
0.2	-0.21
0.3	-0.39
0.4	-0.6
0.5	-0.76
0.6	-0.8
0.7	-0.8
0.8	-0.8
0.9	-0.8
1	-0.8
1.1	-0.76
1.2	-0.61
1.3	-0.41
0	0
0.1	-0.06
0.2	-0.21
0.3	-0.41
0.4	-0.62
0.5	-0.76
0.6	-0.8
0.7	-0.8
0.8	-0.8
0.9	-0.8
1	-0.8
1.1	-0.76
1.2	-0.61
1.3	-0.41
0	0
0.1	-0.06
0.2	-0.21
0.3	-0.42
0.4	-0.62
0.5	-0.76
0.6	-0.8
0.7	-0.8
0.8	-0.8
0.9	-0.8
1	-0.8
1.1	-0.76
1.2	-0.63
0	0
0.1	-0.04
0.2	-0.21
0.3	-0.39
0.4	-0.6
0.5	-0.75
0.6	-0.8
0.7	-0.8
0.8	-0.8
0.9	-0.8
1	-0.8
1.1	-0.8
1.2	-0.8
1.3	-0.8
1.4	-0.8
1.5	-0.8
1.6	-0.8
1.7	-0.72
1.8	-0.55
1.9	-0.34
0	0
0.1	-0.04
0.2	-0.21
0.3	-0.42
0.4	-0.6
0.5	-0.76
0.6	-0.8
0.7	-0.8
0.8	-0.8
0.9	-0.8
1	-0.8
1.1	-0.8
1.2	-0.8
1.3	-0.8
1.4	-0.8
1.5	-0.8
1.6	-0.79
1.7	-0.7
1.8	-0.53
1.9	-0.31
0	0
0.1	-0.05
0.2	-0.19
0.3	-0.39
0.4	-0.6
0.5	-0.76
0.6	-0.8
0.7	-0.8
0.8	-0.8
0.9	-0.8
1	-0.8
1.1	-0.8
1.2	-0.8
1.3	-0.8
1.4	-0.8
1.5	-0.8
1.6	-0.79
1.7	-0.7
1.8	-0.53
1.9	-0.31
0	0
0.1	-0.05
0.2	-0.19
0.3	-0.39
0.4	-0.6
0.5	-0.75
0.6	-0.8
0.7	-0.8
0.8	-0.8
0.9	-0.8
1	-0.8
1.1	-0.8
1.2	-0.8
1.3	-0.8
1.4	-0.8
1.5	-0.8
1.6	-0.79
1.7	-0.7
1.8	-0.53
1.9	-0.31
0	0
0.1	-0.04
0.2	-0.21
0.3	-0.42
0.4	-0.62
0.5	-0.76
0.6	-0.8
0.7	-0.8
0.8	-0.8
0.9	-0.8
1	-0.8
1.1	-0.77
1.2	-0.63
1.3	-0.43
0	0
0.1	-0.06
0.2	-0.19
0.3	-0.39
0.4	-0.6
0.5	-0.75
0.6	-0.8
0.7	-0.8
0.8	-0.8
0.9	-0.8
1	-0.8
1.1	-0.77
1.2	-0.63
1.3	-0.43
0	0
0.1	-0.06
0.2	-0.19
0.3	-0.39
0.4	-0.6
0.5	-0.75
0.6	-0.8
0.7	-0.8
0.8	-0.8
0.9	-0.8
1	-0.8
1.1	-0.77
1.2	-0.63
1.3	-0.46
