Time	Velocity
0	0
0.1	0.03
0.2	0.13
0.3	0.29
0.4	0.48
0.5	0.7
0.6	0.91
0.7	1.11
0.8	1.26
0.9	1.36
1	1.4
1.1	1.4
1.2	1.4
1.3	1.4
1.4	1.4
1.5	1.4
1.6	1.34
1.7	1.22
1.8	1.05
1.9	0.85
2	0.63
2.1	0.42
2.2	0.23
2.3	0.09
2.4	0.02
0	0
0.1	-0.14
0.2	-0.56
0.3	-1.05
0.4	-1.37
0.5	-1.32
0.6	-0.95
0.7	-0.45
0	0
0.1	-0.14
0.2	-0.56
0.3	-1.05
0.4	-1.37
0.5	-1.34
0.6	-1
0.7	-0.5
0	0
0.1	-0.14
0.2	-0.56
0.3	-1.06
0.4	-1.38
0.5	-1.32
0.6	-0.95
0.7	-0.5
0	0
0.1	-0.43
0.2	-1.31
0.3	-1.22
0	0
0.1	-0.51
0.2	-1.3
0.3	-1.22
0	0
0.1	-0.42
0.2	-1.31
0.3	-1.22
0	0
0.1	-1
0.2	-1.8
0	0
0.1	-1.3
0.2	-1.81
0	0
0.1	-1.09
0.2	-1.92
0	0
0.1	-0.98
0.2	-1.78
0	0
0.1	-0.82
0.2	-1.49
0.3	-0.99
0	0
0.1	-0.97
0.2	-1.49
0.3	-0.84
0	0
0.1	-0.82
0.2	-1.49
0.3	-0.99
0	0
0.1	-0.97
0.2	-1.49
0.3	-0.84
0	0
0.1	-0.77
0.2	-1.39
0.3	-1.17
0	0
0.1	-0.91
0.2	-1.39
0.3	-1.05
0	0
0.1	-0.77
0.2	-1.39
0.3	-1.06
