Time	X	Z
0	7.665	2.087
0.1	7.665	2.087
0.2	7.665	2.087
0.3	7.665	2.087
0.4	7.665	2.087
0.5	7.665	2.087
0.6	7.665	2.087
0.7	7.665	2.087
0.8	7.665	2.087
0.9	7.665	2.087
1	7.665	2.087
1.1	7.665	2.087
1.2	7.665	2.087
1.3	7.665	2.087
1.4	7.665	2.087
1.5	7.665	2.087
1.6	7.665	2.087
1.7	7.665	2.087
1.8	7.665	2.087
1.9	7.665	2.087
2	7.665	2.087
2.1	7.665	2.087
2.2	7.665	2.087
2.3	7.665	2.087
2.4	7.665	2.087
2.5	7.665	2.087
2.6	7.665	2.087
2.7	7.665	2.087
2.8	7.665	2.087
2.9	7.665	2.087
3	7.665	2.087
3.1	7.665	2.087
3.2	7.665	2.087
3.3	7.665	2.087
3.4	7.665	2.087
3.5	7.665	2.087
3.6	7.665	2.087
3.7	7.665	2.087
3.8	7.665	2.087
3.9	7.665	2.087
4	7.665	2.087
4.1	7.665	2.087
4.2	7.665	2.087
4.3	7.665	2.087
4.4	7.665	2.087
4.5	7.665	2.087
4.6	7.665	2.087
4.7	7.665	2.087
4.8	7.665	2.087
4.9	7.665	2.087
5	7.665	2.087
5.1	7.665	2.087
5.2	7.665	2.087
5.3	7.665	2.087
5.4	7.665	2.087
5.5	7.665	2.087
5.6	7.665	2.087
5.7	7.665	2.087
5.8	7.665	2.087
5.9	7.665	2.087
6	7.665	2.087
6.1	7.665	2.087
6.2	7.665	2.087
6.3	7.665	2.087
6.4	7.665	2.087
6.5	7.665	2.087
6.6	7.665	2.087
6.7	7.665	2.087
6.8	7.665	2.087
6.9	7.665	2.087
7	7.665	2.087
7.1	7.665	2.087
7.2	7.665	2.087
7.3	7.665	2.087
7.4	7.665	2.087
7.5	7.665	2.087
7.6	7.665	2.086
7.7	7.665	2.087
7.8	7.665	2.087
7.9	7.665	2.087
8	7.665	2.087
8.1	7.665	2.087
8.2	7.665	2.087
8.3	7.665	2.087
8.4	7.665	2.087
8.5	7.665	2.087
8.6	7.665	2.087
8.7	7.665	2.086
8.8	7.665	2.086
8.9	7.665	2.087
9	7.665	2.086
9.1	7.665	2.087
9.2	7.665	2.087
9.3	7.665	2.087
9.4	7.665	2.087
9.5	7.665	2.087
9.6	7.665	2.086
9.7	7.665	2.086
9.8	7.665	2.086
9.9	7.665	2.086
10	7.665	2.086
10.1	7.665	2.086
10.2	7.665	2.086
10.3	7.665	2.086
10.4	7.665	2.087
10.5	7.665	2.086
10.6	7.665	2.086
10.7	7.665	2.087
10.8	7.665	2.086
10.9	7.665	2.086
11	7.665	2.086
11.1	7.665	2.086
11.2	7.665	2.086
11.3	7.665	2.086
11.4	7.665	2.086
11.5	7.665	2.086
11.6	7.665	2.086
11.7	7.665	2.087
11.8	7.665	2.086
11.9	7.665	2.086
12	7.665	2.086
12.1	7.665	2.086
12.2	7.665	2.086
12.3	7.665	2.086
12.4	7.665	2.086
12.5	7.665	2.086
12.6	7.665	2.086
12.7	7.665	2.086
12.8	7.665	2.086
12.9	7.665	2.086
13	7.665	2.086
13.1	7.665	2.086
13.2	7.665	2.087
13.3	7.665	2.086
13.4	7.665	2.086
13.5	7.665	2.086
13.6	7.665	2.086
13.7	7.665	2.086
13.8	7.665	2.086
13.9	7.665	2.086
14	7.665	2.086
14.1	7.665	2.086
14.2	7.665	2.086
14.3	7.665	2.086
14.4	7.665	2.086
14.5	7.665	2.086
14.6	7.665	2.086
14.7	7.665	2.086
14.8	7.665	2.086
14.9	7.665	2.086
15	7.665	2.086
15.1	7.665	2.086
15.2	7.665	2.086
15.3	7.665	2.086
15.4	7.665	2.086
15.5	7.665	2.086
15.6	7.665	2.086
15.7	7.665	2.086
15.8	7.665	2.086
15.9	7.665	2.086
16	7.665	2.086
16.1	7.665	2.086
16.2	7.665	2.086
16.3	7.665	2.086
16.4	7.665	2.086
16.5	7.665	2.086
16.6	7.665	2.086
16.7	7.665	2.086
16.8	7.665	2.086
16.9	7.665	2.086
17	7.665	2.086
17.1	7.665	2.086
17.2	7.665	2.086
17.3	7.665	2.086
17.4	7.665	2.086
17.5	7.665	2.086
17.6	7.665	2.086
17.7	7.665	2.086
17.8	7.665	2.086
17.9	7.665	2.086
18	7.665	2.086
18.1	7.665	2.086
18.2	7.665	2.086
18.3	7.665	2.086
18.4	7.665	2.086
18.5	7.665	2.086
18.6	7.665	2.086
18.7	7.665	2.086
18.8	7.665	2.086
18.9	7.665	2.086
19	7.665	2.086
19.1	7.665	2.086
19.2	7.665	2.086
19.3	7.665	2.086
19.4	7.665	2.086
19.5	7.665	2.086
19.6	7.665	2.086
19.7	7.665	2.086
19.8	7.665	2.086
19.9	7.665	2.086
20	7.665	2.086
20.1	7.665	2.086
20.2	7.665	2.086
20.3	7.665	2.086
20.4	7.665	2.086
20.5	7.665	2.086
20.6	7.665	2.086
20.7	7.665	2.086
20.8	7.665	2.086
20.9	7.665	2.086
21	7.665	2.086
21.1	7.665	2.086
21.2	7.665	2.086
21.3	7.665	2.086
21.4	7.665	2.086
21.5	7.665	2.086
21.6	7.665	2.086
21.7	7.665	2.086
21.8	7.665	2.086
21.9	7.665	2.086
22	7.665	2.086
22.1	7.665	2.086
22.2	7.665	2.086
22.3	7.665	2.086
22.4	7.665	2.086
22.5	7.665	2.086
22.6	7.665	2.086
22.7	7.665	2.086
22.8	7.665	2.086
22.9	7.665	2.086
23	7.665	2.086
23.1	7.665	2.086
23.2	7.665	2.086
23.3	7.665	2.086
23.4	7.665	2.086
23.5	7.665	2.086
23.6	7.665	2.086
23.7	7.665	2.086
23.8	7.665	2.086
23.9	7.665	2.086
24	7.665	2.086
24.1	7.665	2.086
24.2	7.665	2.086
24.3	7.665	2.086
24.4	7.665	2.086
24.5	7.665	2.086
24.6	7.665	2.086
24.7	7.665	2.086
24.8	7.665	2.086
24.9	7.665	2.086
25	7.665	2.086
25.1	7.665	2.086
25.2	7.665	2.086
25.3	7.665	2.086
25.4	7.665	2.086
25.5	7.665	2.086
25.6	7.665	2.086
25.7	7.665	2.086
25.8	7.665	2.086
25.9	7.665	2.086
26	7.665	2.086
26.1	7.665	2.086
26.2	7.665	2.086
26.3	7.665	2.086
26.4	7.665	2.086
26.5	7.665	2.086
26.6	7.665	2.086
26.7	7.665	2.086
26.8	7.665	2.086
26.9	7.665	2.086
27	7.665	2.086
27.1	7.665	2.086
27.2	7.665	2.086
27.3	7.665	2.086
27.4	7.665	2.086
27.5	7.665	2.086
27.6	7.665	2.086
27.7	7.665	2.086
27.8	7.665	2.086
27.9	7.665	2.086
28	7.665	2.086
28.1	7.665	2.086
28.2	7.665	2.086
28.3	7.665	2.086
28.4	7.665	2.086
28.5	7.665	2.086
28.6	7.665	2.086
28.7	7.665	2.086
28.8	7.665	2.086
28.9	7.665	2.086
29	7.665	2.086
29.1	7.665	2.086
29.2	7.665	2.086
29.3	7.665	2.086
29.4	7.665	2.086
29.5	7.665	2.086
29.6	7.665	2.086
29.7	7.665	2.086
29.8	7.665	2.086
29.9	7.665	2.086
30	7.665	2.086
30.1	7.665	2.086
30.2	7.665	2.086
30.3	7.665	2.086
30.4	7.665	2.086
30.5	7.665	2.086
30.6	7.665	2.086
30.7	7.665	2.086
30.8	7.665	2.086
30.9	7.665	2.086
31	7.665	2.086
31.1	7.665	2.086
31.2	7.665	2.086
31.3	7.665	2.086
31.4	7.665	2.086
31.5	7.665	2.086
31.6	7.665	2.086
31.7	7.665	2.086
31.8	7.665	2.086
31.9	7.665	2.086
32	7.665	2.086
32.1	7.665	2.086
32.2	7.665	2.086
32.3	7.665	2.086
32.4	7.665	2.086
32.5	7.665	2.086
32.6	7.665	2.086
32.7	7.665	2.086
32.8	7.665	2.086
32.9	7.665	2.086
33	7.665	2.086
33.1	7.665	2.086
33.2	7.665	2.086
33.3	7.665	2.086
33.4	7.665	2.086
33.5	7.665	2.086
33.6	7.665	2.086
33.7	7.665	2.086
33.8	7.665	2.086
33.9	7.665	2.086
34	7.665	2.086
34.1	7.665	2.086
34.2	7.665	2.086
34.3	7.665	2.086
34.4	7.665	2.086
34.5	7.665	2.086
34.6	7.665	2.086
34.7	7.665	2.086
34.8	7.665	2.086
34.9	7.665	2.086
35	7.665	2.086
35.1	7.665	2.086
35.2	7.665	2.086
35.3	7.665	2.086
35.4	7.665	2.086
35.5	7.665	2.086
35.6	7.665	2.086
35.7	7.665	2.086
35.8	7.665	2.086
35.9	7.665	2.086
36	7.665	2.086
36.1	7.665	2.086
36.2	7.665	2.086
36.3	7.665	2.086
36.4	7.665	2.086
36.5	7.665	2.086
36.6	7.665	2.086
36.7	7.665	2.086
36.8	7.665	2.086
36.9	7.665	2.086
37	7.665	2.086
37.1	7.665	2.086
37.2	7.665	2.086
37.3	7.665	2.086
37.4	7.665	2.086
37.5	7.665	2.086
37.6	7.665	2.086
37.7	7.665	2.086
37.8	7.665	2.086
37.9	7.665	2.086
38	7.665	2.086
38.1	7.665	2.086
38.2	7.665	2.086
38.3	7.665	2.086
38.4	7.665	2.086
38.5	7.665	2.086
38.6	7.665	2.086
38.7	7.665	2.086
38.8	7.665	2.086
38.9	7.665	2.086
39	7.665	2.086
39.1	7.665	2.086
39.2	7.665	2.086
39.3	7.665	2.086
39.4	7.665	2.086
39.5	7.665	2.086
39.6	7.665	2.086
39.7	7.665	2.086
39.8	7.665	2.086
39.9	7.665	2.086
40	7.665	2.086
40.1	7.665	2.086
40.2	7.665	2.086
40.3	7.665	2.086
40.4	7.665	2.086
40.5	7.665	2.086
40.6	7.665	2.086
40.7	7.665	2.086
40.8	7.665	2.086
40.9	7.665	2.086
41	7.665	2.086
41.1	7.665	2.086
41.2	7.665	2.086
41.3	7.665	2.086
41.4	7.665	2.086
41.5	7.665	2.086
41.6	7.665	2.086
41.7	7.665	2.086
41.8	7.665	2.086
41.9	7.665	2.086
42	7.665	2.086
42.1	7.665	2.086
42.2	7.665	2.086
42.3	7.665	2.086
42.4	7.665	2.086
42.5	7.665	2.086
42.6	7.665	2.086
42.7	7.665	2.086
42.8	7.665	2.086
42.9	7.665	2.086
43	7.665	2.086
43.1	7.665	2.086
43.2	7.665	2.086
43.3	7.665	2.086
43.4	7.665	2.086
43.5	7.665	2.086
43.6	7.665	2.086
43.7	7.665	2.086
43.8	7.665	2.086
43.9	7.665	2.086
44	7.665	2.086
44.1	7.665	2.086
44.2	7.665	2.086
44.3	7.665	2.086
44.4	7.665	2.086
44.5	7.665	2.086
44.6	7.665	2.086
44.7	7.665	2.086
44.8	7.665	2.086
44.9	7.665	2.086
45	7.665	2.086
45.1	7.665	2.086
45.2	7.665	2.086
45.3	7.665	2.086
45.4	7.665	2.086
45.5	7.665	2.086
45.6	7.665	2.086
45.7	7.665	2.087
45.8	7.665	2.086
45.9	7.665	2.086
46	7.665	2.086
46.1	7.665	2.086
46.2	7.665	2.086
46.3	7.665	2.086
46.4	7.665	2.086
46.5	7.665	2.086
46.6	7.665	2.086
46.7	7.665	2.086
46.8	7.665	2.086
46.9	7.665	2.086
47	7.665	2.086
47.1	7.665	2.086
47.2	7.665	2.086
47.3	7.665	2.086
47.4	7.665	2.086
47.5	7.665	2.086
47.6	7.665	2.086
47.7	7.665	2.086
47.8	7.665	2.086
47.9	7.665	2.086
48	7.665	2.086
48.1	7.665	2.086
48.2	7.665	2.086
48.3	7.665	2.086
48.4	7.665	2.086
48.5	7.665	2.086
48.6	7.665	2.086
48.7	7.665	2.086
48.8	7.665	2.086
48.9	7.665	2.086
49	7.665	2.086
49.1	7.665	2.087
49.2	7.665	2.086
49.3	7.665	2.086
49.4	7.665	2.087
49.5	7.665	2.086
49.6	7.665	2.086
49.7	7.665	2.086
49.8	7.665	2.086
49.9	7.665	2.086
50	7.665	2.086
50.1	7.665	2.087
50.2	7.665	2.086
50.3	7.665	2.086
50.4	7.665	2.086
50.5	7.665	2.086
50.6	7.665	2.086
50.7	7.665	2.086
50.8	7.665	2.086
50.9	7.665	2.086
51	7.665	2.086
51.1	7.665	2.086
51.2	7.665	2.086
51.3	7.665	2.086
51.4	7.665	2.086
51.5	7.665	2.086
51.6	7.665	2.086
51.7	7.665	2.086
51.8	7.665	2.086
51.9	7.665	2.086
52	7.665	2.086
52.1	7.665	2.086
52.2	7.665	2.086
52.3	7.665	2.086
52.4	7.665	2.086
52.5	7.665	2.086
52.6	7.665	2.086
52.7	7.665	2.086
52.8	7.665	2.086
52.9	7.665	2.086
53	7.665	2.086
53.1	7.665	2.086
53.2	7.665	2.086
53.3	7.665	2.086
53.4	7.665	2.086
53.5	7.665	2.086
53.6	7.665	2.086
53.7	7.665	2.086
53.8	7.665	2.086
53.9	7.665	2.086
54	7.665	2.086
54.1	7.665	2.086
54.2	7.665	2.086
54.3	7.665	2.086
54.4	7.665	2.086
54.5	7.665	2.086
54.6	7.665	2.086
54.7	7.665	2.086
54.8	7.665	2.086
54.9	7.665	2.086
55	7.665	2.086
55.1	7.665	2.086
55.2	7.665	2.086
55.3	7.665	2.086
55.4	7.665	2.086
55.5	7.665	2.086
55.6	7.665	2.086
55.7	7.665	2.086
55.8	7.665	2.086
55.9	7.665	2.086
56	7.665	2.086
56.1	7.665	2.086
56.2	7.665	2.086
56.3	7.665	2.086
56.4	7.665	2.086
56.5	7.665	2.086
56.6	7.665	2.086
56.7	7.665	2.086
56.8	7.665	2.086
56.9	7.665	2.086
57	7.665	2.086
57.1	7.665	2.086
57.2	7.665	2.086
57.3	7.665	2.086
57.4	7.665	2.086
57.5	7.665	2.086
57.6	7.665	2.086
57.7	7.665	2.086
57.8	7.665	2.086
57.9	7.665	2.086
58	7.665	2.086
58.1	7.665	2.086
58.2	7.665	2.086
58.3	7.665	2.086
58.4	7.665	2.086
58.5	7.665	2.086
58.6	7.665	2.086
58.7	7.665	2.086
58.8	7.665	2.086
58.9	7.665	2.086
59	7.665	2.086
59.1	7.665	2.086
59.2	7.665	2.086
59.3	7.665	2.086
59.4	7.665	2.086
59.5	7.665	2.086
59.6	7.665	2.086
59.7	7.665	2.087
59.8	7.665	2.086
59.9	7.665	2.086
60	7.665	2.086
60.1	7.665	2.086
60.2	7.665	2.086
60.3	7.665	2.086
60.4	7.665	2.087
60.5	7.665	2.086
60.6	7.665	2.086
60.7	7.665	2.086
60.8	7.665	2.086
60.9	7.665	2.087
61	7.665	2.086
61.1	7.665	2.086
61.2	7.665	2.086
61.3	7.665	2.086
61.4	7.665	2.086
61.5	7.665	2.086
61.6	7.665	2.087
61.7	7.665	2.086
61.8	7.665	2.087
61.9	7.665	2.086
62	7.665	2.087
62.1	7.665	2.087
62.2	7.665	2.087
62.3	7.665	2.087
62.4	7.665	2.086
62.5	7.665	2.087
62.6	7.665	2.086
62.7	7.665	2.087
62.8	7.665	2.087
62.9	7.665	2.087
63	7.665	2.087
63.1	7.665	2.086
63.2	7.665	2.087
63.3	7.665	2.086
63.4	7.665	2.087
63.5	7.665	2.086
63.6	7.665	2.087
63.7	7.665	2.087
63.8	7.665	2.087
63.9	7.665	2.087
64	7.665	2.086
64.1	7.665	2.087
64.2	7.665	2.086
64.3	7.665	2.087
64.4	7.665	2.087
64.5	7.665	2.087
64.6	7.665	2.087
64.7	7.665	2.087
64.8	7.665	2.087
64.9	7.665	2.087
65	7.665	2.087
65.1	7.665	2.087
65.2	7.665	2.087
65.3	7.665	2.087
65.4	7.665	2.087
65.5	7.665	2.087
65.6	7.665	2.087
65.7	7.665	2.087
65.8	7.665	2.087
65.9	7.665	2.087
66	7.665	2.087
66.1	7.665	2.087
66.2	7.665	2.087
66.3	7.665	2.087
66.4	7.665	2.087
66.5	7.665	2.087
66.6	7.665	2.087
66.7	7.665	2.087
66.8	7.665	2.087
66.9	7.665	2.087
67	7.665	2.086
67.1	7.665	2.087
67.2	7.665	2.086
67.3	7.665	2.087
67.4	7.665	2.086
67.5	7.665	2.086
67.6	7.665	2.086
67.7	7.665	2.087
67.8	7.665	2.086
67.9	7.665	2.086
68	7.665	2.087
68.1	7.665	2.087
68.2	7.665	2.087
68.3	7.665	2.087
68.4	7.665	2.087
68.5	7.665	2.087
68.6	7.665	2.087
68.7	7.665	2.087
68.8	7.665	2.087
68.9	7.665	2.087
69	7.665	2.087
69.1	7.665	2.087
69.2	7.665	2.087
69.3	7.665	2.086
69.4	7.665	2.087
69.5	7.665	2.087
69.6	7.665	2.087
69.7	7.665	2.087
69.8	7.665	2.087
69.9	7.665	2.087
70	7.665	2.087
70.1	7.665	2.087
70.2	7.665	2.087
70.3	7.665	2.087
70.4	7.665	2.087
70.5	7.665	2.087
70.6	7.665	2.087
70.7	7.665	2.087
70.8	7.665	2.087
70.9	7.665	2.087
71	7.665	2.087
71.1	7.665	2.087
71.2	7.665	2.087
71.3	7.665	2.087
71.4	7.665	2.087
71.5	7.665	2.087
71.6	7.665	2.087
71.7	7.665	2.087
71.8	7.665	2.087
71.9	7.665	2.087
72	7.665	2.087
72.1	7.665	2.087
72.2	7.665	2.087
72.3	7.665	2.087
72.4	7.665	2.087
72.5	7.665	2.087
72.6	7.665	2.087
72.7	7.665	2.087
72.8	7.665	2.087
72.9	7.665	2.087
73	7.665	2.087
73.1	7.665	2.087
73.2	7.665	2.087
73.3	7.665	2.087
73.4	7.665	2.087
73.5	7.665	2.087
73.6	7.665	2.087
73.7	7.665	2.087
73.8	7.665	2.087
73.9	7.665	2.087
74	7.665	2.087
74.1	7.665	2.087
74.2	7.665	2.087
74.3	7.665	2.087
74.4	7.665	2.087
74.5	7.665	2.087
74.6	7.665	2.087
74.7	7.665	2.087
74.8	7.665	2.087
74.9	7.665	2.087
75	7.665	2.087
75.1	7.665	2.087
75.2	7.665	2.087
75.3	7.665	2.087
75.4	7.665	2.087
75.5	7.665	2.087
75.6	7.665	2.087
75.7	7.665	2.087
75.8	7.665	2.087
75.9	7.665	2.087
76	7.665	2.087
76.1	7.665	2.087
76.2	7.665	2.087
76.3	7.665	2.087
76.4	7.665	2.087
76.5	7.665	2.087
76.6	7.665	2.087
76.7	7.665	2.087
76.8	7.665	2.087
76.9	7.665	2.087
77	7.665	2.087
77.1	7.665	2.087
77.2	7.665	2.087
77.3	7.665	2.087
77.4	7.665	2.087
77.5	7.665	2.087
77.6	7.665	2.087
77.7	7.665	2.087
77.8	7.665	2.087
77.9	7.665	2.087
78	7.665	2.087
78.1	7.665	2.087
78.2	7.665	2.087
78.3	7.665	2.087
78.4	7.665	2.087
78.5	7.665	2.087
78.6	7.665	2.087
78.7	7.665	2.087
78.8	7.665	2.087
78.9	7.665	2.087
79	7.665	2.087
79.1	7.665	2.087
79.2	7.665	2.087
79.3	7.665	2.087
79.4	7.665	2.087
79.5	7.665	2.087
79.6	7.665	2.087
79.7	7.665	2.087
79.8	7.665	2.087
79.9	7.665	2.087
80	7.665	2.087
80.1	7.665	2.087
80.2	7.665	2.087
80.3	7.665	2.087
80.4	7.665	2.087
80.5	7.665	2.087
80.6	7.665	2.087
80.7	7.665	2.087
80.8	7.665	2.087
80.9	7.665	2.087
81	7.665	2.087
81.1	7.666	2.087
81.2	7.666	2.087
81.3	7.666	2.087
81.4	7.666	2.087
81.5	7.666	2.087
81.6	7.666	2.087
81.7	7.666	2.087
81.8	7.666	2.087
81.9	7.665	2.087
82	7.665	2.087
82.1	7.665	2.087
82.2	7.665	2.087
82.3	7.665	2.087
82.4	7.665	2.087
82.5	7.665	2.087
82.6	7.665	2.087
82.7	7.665	2.087
82.8	7.665	2.087
82.9	7.665	2.087
83	7.665	2.087
83.1	7.665	2.087
83.2	7.665	2.087
83.3	7.665	2.087
83.4	7.665	2.087
83.5	7.665	2.087
83.6	7.665	2.087
83.7	7.665	2.087
83.8	7.665	2.087
83.9	7.665	2.087
84	7.665	2.087
84.1	7.665	2.087
84.2	7.665	2.087
84.3	7.665	2.087
84.4	7.665	2.087
84.5	7.665	2.087
84.6	7.665	2.087
84.7	7.665	2.087
84.8	7.665	2.087
84.9	7.665	2.087
85	7.665	2.087
85.1	7.665	2.087
85.2	7.665	2.087
85.3	7.665	2.087
85.4	7.665	2.087
85.5	7.665	2.087
85.6	7.665	2.087
85.7	7.665	2.087
85.8	7.665	2.087
85.9	7.665	2.087
86	7.665	2.087
86.1	7.665	2.087
86.2	7.665	2.087
86.3	7.665	2.087
86.4	7.665	2.087
86.5	7.665	2.087
86.6	7.665	2.087
86.7	7.665	2.087
86.8	7.665	2.087
86.9	7.665	2.087
87	7.665	2.086
87.1	7.665	2.087
87.2	7.665	2.087
87.3	7.665	2.087
87.4	7.665	2.087
87.5	7.665	2.087
87.6	7.665	2.087
87.7	7.665	2.087
87.8	7.665	2.087
87.9	7.665	2.087
88	7.665	2.087
88.1	7.665	2.087
88.2	7.665	2.087
88.3	7.665	2.087
88.4	7.665	2.087
88.5	7.665	2.087
88.6	7.665	2.087
88.7	7.665	2.087
88.8	7.665	2.087
88.9	7.665	2.087
89	7.665	2.087
89.1	7.665	2.087
89.2	7.665	2.087
89.3	7.665	2.087
89.4	7.665	2.087
89.5	7.665	2.087
89.6	7.665	2.087
89.7	7.665	2.087
89.8	7.665	2.087
89.9	7.665	2.087
90	7.665	2.087
90.1	7.665	2.087
90.2	7.665	2.087
90.3	7.665	2.087
90.4	7.665	2.087
90.5	7.665	2.087
90.6	7.665	2.087
90.7	7.665	2.087
90.8	7.665	2.087
90.9	7.665	2.087
91	7.665	2.087
91.1	7.665	2.087
91.2	7.665	2.087
91.3	7.665	2.087
91.4	7.666	2.087
91.5	7.665	2.087
91.6	7.665	2.087
91.7	7.665	2.087
91.8	7.665	2.087
91.9	7.665	2.087
92	7.665	2.087
92.1	7.665	2.087
92.2	7.665	2.087
92.3	7.665	2.087
92.4	7.665	2.087
92.5	7.665	2.087
92.6	7.665	2.087
92.7	7.665	2.087
92.8	7.665	2.087
92.9	7.665	2.086
93	7.665	2.087
93.1	7.665	2.087
93.2	7.665	2.087
93.3	7.665	2.087
93.4	7.665	2.087
93.5	7.665	2.087
93.6	7.665	2.087
93.7	7.665	2.087
93.8	7.665	2.086
93.9	7.665	2.087
94	7.665	2.087
94.1	7.665	2.087
94.2	7.665	2.087
94.3	7.665	2.087
94.4	7.665	2.087
94.5	7.665	2.087
94.6	7.665	2.087
94.7	7.665	2.087
94.8	7.665	2.087
94.9	7.665	2.087
95	7.665	2.087
95.1	7.665	2.087
95.2	7.665	2.087
95.3	7.665	2.087
95.4	7.665	2.087
95.5	7.665	2.087
95.6	7.665	2.087
95.7	7.665	2.087
95.8	7.665	2.087
95.9	7.665	2.087
96	7.665	2.087
96.1	7.665	2.087
96.2	7.665	2.087
96.3	7.665	2.087
96.4	7.665	2.087
96.5	7.665	2.087
96.6	7.665	2.087
96.7	7.665	2.087
96.8	7.665	2.087
96.9	7.665	2.087
97	7.665	2.087
97.1	7.665	2.087
97.2	7.665	2.087
97.3	7.665	2.087
97.4	7.665	2.087
97.5	7.665	2.087
97.6	7.665	2.087
97.7	7.665	2.087
97.8	7.665	2.087
97.9	7.665	2.087
98	7.665	2.087
98.1	7.665	2.087
98.2	7.665	2.087
98.3	7.665	2.087
98.4	7.665	2.087
98.5	7.665	2.087
98.6	7.665	2.087
98.7	7.665	2.087
98.8	7.665	2.087
98.9	7.665	2.087
99	7.665	2.087
99.1	7.665	2.087
99.2	7.665	2.087
99.3	7.665	2.087
99.4	7.665	2.087
99.5	7.665	2.087
99.6	7.665	2.087
99.7	7.665	2.087
99.8	7.665	2.087
99.9	7.665	2.087
100	7.665	2.087
100.1	7.665	2.087
100.2	7.665	2.087
100.3	7.665	2.087
100.4	7.665	2.087
100.5	7.665	2.087
100.6	7.665	2.087
100.7	7.665	2.087
100.8	7.665	2.087
100.9	7.665	2.087
101	7.665	2.087
101.1	7.665	2.087
101.2	7.665	2.087
101.3	7.665	2.087
101.4	7.665	2.087
101.5	7.665	2.087
101.6	7.665	2.087
101.7	7.665	2.087
101.8	7.665	2.087
101.9	7.665	2.087
102	7.665	2.087
102.1	7.665	2.087
102.2	7.665	2.087
102.3	7.665	2.087
102.4	7.665	2.087
102.5	7.665	2.087
102.6	7.665	2.087
102.7	7.665	2.087
102.8	7.665	2.086
102.9	7.665	2.087
103	7.665	2.086
103.1	7.665	2.087
103.2	7.665	2.087
103.3	7.665	2.087
103.4	7.665	2.087
103.5	7.665	2.086
103.6	7.665	2.087
103.7	7.665	2.087
103.8	7.665	2.087
103.9	7.665	2.087
104	7.665	2.087
104.1	7.665	2.087
104.2	7.665	2.086
104.3	7.665	2.087
104.4	7.665	2.086
104.5	7.665	2.087
104.6	7.665	2.087
104.7	7.665	2.087
104.8	7.665	2.086
104.9	7.665	2.086
105	7.665	2.087
105.1	7.665	2.086
105.2	7.665	2.087
105.3	7.665	2.086
105.4	7.665	2.087
105.5	7.665	2.087
105.6	7.665	2.086
105.7	7.665	2.087
105.8	7.665	2.086
105.9	7.665	2.087
106	7.665	2.086
106.1	7.665	2.087
106.2	7.665	2.086
106.3	7.665	2.087
106.4	7.665	2.087
106.5	7.665	2.086
106.6	7.665	2.087
106.7	7.665	2.086
106.8	7.665	2.087
106.9	7.665	2.086
107	7.665	2.086
107.1	7.665	2.086
107.2	7.665	2.086
107.3	7.665	2.087
107.4	7.665	2.086
107.5	7.665	2.087
107.6	7.665	2.087
107.7	7.665	2.087
107.8	7.665	2.087
107.9	7.665	2.087
108	7.665	2.086
108.1	7.665	2.087
108.2	7.665	2.087
108.3	7.665	2.087
108.4	7.665	2.087
108.5	7.665	2.087
108.6	7.665	2.087
108.7	7.665	2.086
108.8	7.665	2.086
108.9	7.665	2.086
109	7.665	2.087
109.1	7.665	2.087
109.2	7.665	2.087
109.3	7.665	2.087
109.4	7.665	2.087
109.5	7.666	2.087
109.6	7.666	2.087
109.7	7.667	2.087
109.8	7.667	2.087
109.9	7.668	2.087
110	7.668	2.087
110.1	7.669	2.087
110.2	7.669	2.088
110.3	7.67	2.088
110.4	7.67	2.088
110.5	7.665	2.087
110.6	7.665	2.087
110.7	7.665	2.087
110.8	7.665	2.087
110.9	7.665	2.087
111	7.665	2.087
111.1	7.665	2.087
111.2	7.665	2.087
111.3	7.665	2.087
111.4	7.665	2.087
111.5	7.665	2.087
111.6	7.665	2.087
111.7	7.665	2.087
111.8	7.665	2.087
111.9	7.665	2.087
112	7.665	2.087
112.1	7.665	2.087
112.2	7.665	2.087
112.3	7.665	2.087
112.4	7.665	2.087
112.5	7.664	2.087
112.6	7.664	2.087
112.7	7.665	2.087
112.8	7.665	2.087
112.9	7.665	2.087
113	7.665	2.087
113.1	7.665	2.087
113.2	7.665	2.087
113.3	7.665	2.087
113.4	7.665	2.087
113.5	7.665	2.087
113.6	7.665	2.087
113.7	7.665	2.087
113.8	7.665	2.087
113.9	7.665	2.087
114	7.665	2.087
114.1	7.665	2.087
114.2	7.665	2.087
114.3	7.665	2.087
114.4	7.665	2.087
114.5	7.665	2.087
114.6	7.665	2.087
114.7	7.665	2.087
114.8	7.665	2.087
114.9	7.665	2.087
115	7.665	2.087
115.1	7.665	2.087
115.2	7.665	2.087
115.3	7.665	2.087
115.4	7.665	2.087
115.5	7.665	2.087
115.6	7.665	2.087
115.7	7.665	2.087
115.8	7.665	2.087
115.9	7.665	2.087
116	7.665	2.087
116.1	7.665	2.087
116.2	7.665	2.087
116.3	7.665	2.087
116.4	7.665	2.087
116.5	7.665	2.087
116.6	7.665	2.087
116.7	7.665	2.087
116.8	7.665	2.087
116.9	7.665	2.087
117	7.665	2.087
117.1	7.665	2.087
117.2	7.665	2.087
117.3	7.665	2.087
117.4	7.665	2.087
117.5	7.665	2.087
117.6	7.665	2.087
117.7	7.664	2.087
117.8	7.665	2.087
117.9	7.664	2.087
118	7.665	2.087
118.1	7.665	2.087
118.2	7.665	2.087
118.3	7.665	2.087
118.4	7.665	2.087
118.5	7.665	2.087
118.6	7.665	2.087
118.7	7.665	2.087
118.8	7.665	2.087
118.9	7.665	2.087
119	7.665	2.087
119.1	7.665	2.087
119.2	7.665	2.087
119.3	7.665	2.087
119.4	7.665	2.087
119.5	7.665	2.087
119.6	7.665	2.087
119.7	7.665	2.087
119.8	7.665	2.087
119.9	7.665	2.087
120	7.665	2.087
120.1	7.665	2.087
120.2	7.665	2.087
120.3	7.665	2.087
120.4	7.665	2.087
120.5	7.665	2.087
120.6	7.665	2.087
120.7	7.665	2.087
120.8	7.665	2.087
120.9	7.665	2.087
121	7.665	2.087
121.1	7.665	2.087
121.2	7.665	2.087
121.3	7.665	2.087
121.4	7.665	2.087
121.5	7.665	2.087
121.6	7.665	2.087
121.7	7.665	2.087
121.8	7.665	2.087
121.9	7.665	2.087
122	7.665	2.087
122.1	7.665	2.087
122.2	7.665	2.087
122.3	7.665	2.087
122.4	7.665	2.087
122.5	7.665	2.087
122.6	7.665	2.087
122.7	7.665	2.087
122.8	7.665	2.087
122.9	7.665	2.087
123	7.665	2.087
123.1	7.665	2.087
123.2	7.665	2.087
123.3	7.665	2.087
123.4	7.665	2.087
123.5	7.665	2.087
123.6	7.665	2.087
123.7	7.665	2.087
123.8	7.665	2.087
123.9	7.665	2.087
124	7.665	2.087
124.1	7.664	2.087
124.2	7.664	2.086
124.3	7.664	2.086
124.4	7.664	2.086
124.5	7.664	2.087
124.6	7.664	2.087
124.7	7.664	2.087
124.8	7.664	2.087
124.9	7.665	2.087
125	7.665	2.087
125.1	7.665	2.087
125.2	7.665	2.087
125.3	7.665	2.087
125.4	7.665	2.087
125.5	7.665	2.087
125.6	7.665	2.087
125.7	7.665	2.087
125.8	7.665	2.087
125.9	7.665	2.087
126	7.665	2.087
126.1	7.665	2.087
126.2	7.665	2.087
126.3	7.665	2.087
126.4	7.665	2.087
126.5	7.665	2.087
126.6	7.665	2.087
126.7	7.665	2.087
126.8	7.665	2.087
126.9	7.665	2.087
127	7.665	2.086
127.1	7.665	2.087
127.2	7.665	2.087
127.3	7.665	2.087
127.4	7.665	2.087
127.5	7.665	2.087
127.6	7.665	2.087
127.7	7.665	2.087
127.8	7.665	2.087
127.9	7.665	2.087
128	7.666	2.087
128.1	7.666	2.087
128.2	7.666	2.087
128.3	7.666	2.087
128.4	7.666	2.087
128.5	7.666	2.087
128.6	7.666	2.087
128.7	7.666	2.087
128.8	7.667	2.087
128.9	7.667	2.087
129	7.668	2.087
129.1	7.668	2.087
129.2	7.668	2.087
129.3	7.667	2.087
129.4	7.667	2.087
129.5	7.667	2.087
129.6	7.667	2.087
129.7	7.667	2.087
129.8	7.667	2.087
129.9	7.667	2.087
130	7.667	2.087
130.1	7.668	2.087
130.2	7.668	2.087
130.3	7.665	2.087
130.4	7.665	2.087
130.5	7.665	2.087
130.6	7.665	2.087
130.7	7.665	2.087
130.8	7.665	2.087
130.9	7.665	2.086
131	7.665	2.087
131.1	7.665	2.086
131.2	7.665	2.087
131.3	7.665	2.087
131.4	7.665	2.086
131.5	7.665	2.087
131.6	7.664	2.086
131.7	7.664	2.086
131.8	7.664	2.086
131.9	7.664	2.086
132	7.664	2.086
132.1	7.663	2.086
132.2	7.663	2.086
132.3	7.663	2.086
132.4	7.663	2.085
132.5	7.664	2.086
132.6	7.664	2.086
132.7	7.665	2.086
132.8	7.665	2.086
132.9	7.665	2.085
133	7.665	2.085
133.1	7.665	2.086
133.2	7.666	2.086
133.3	7.667	2.086
133.4	7.666	2.086
133.5	7.667	2.086
133.6	7.667	2.086
133.7	7.668	2.087
133.8	7.668	2.086
133.9	7.667	2.086
134	7.667	2.086
134.1	7.667	2.086
134.2	7.667	2.086
134.3	7.667	2.086
134.4	7.668	2.087
134.5	7.668	2.087
134.6	7.669	2.087
134.7	7.669	2.087
134.8	7.669	2.086
134.9	7.667	2.085
135	7.67	2.098
135.1	7.67	2.112
135.2	7.675	2.127
135.3	7.674	2.152
135.4	7.665	2.184
135.5	7.652	2.209
135.6	7.64	2.235
135.7	7.626	2.276
135.8	7.612	2.338
135.9	7.607	2.398
136	7.607	2.452
136.1	7.609	2.512
136.2	7.584	2.56
136.3	7.579	2.613
136.4	7.582	2.652
136.5	7.587	2.691
136.6	7.585	2.721
136.7	7.588	2.759
136.8	7.594	2.784
136.9	7.592	2.795
137	7.589	2.789
137.1	7.613	2.803
137.2	7.635	2.822
137.3	7.647	2.825
137.4	7.669	2.837
137.5	7.697	2.85
137.6	7.764	2.842
137.7	7.771	2.838
137.8	7.75	2.831
137.9	7.709	2.817
138	7.673	2.819
138.1	7.658	2.823
138.2	7.667	2.837
138.3	7.683	2.855
138.4	7.692	2.887
138.5	7.708	2.923
138.6	7.721	2.971
138.7	7.743	3.032
138.8	7.758	3.105
138.9	7.76	3.185
139	7.769	3.274
139.1	7.775	3.36
139.2	7.766	3.435
139.3	7.728	3.512
139.4	7.667	3.601
139.5	7.603	3.684
139.6	7.554	3.759
139.7	7.521	3.832
139.8	7.499	3.904
139.9	7.483	3.973
140	7.476	4.035
140.1	7.473	4.097
140.2	7.48	4.144
140.3	7.483	4.187
140.4	7.483	4.225
140.5	7.49	4.251
140.6	7.485	4.271
140.7	7.47	4.294
140.8	7.463	4.308
140.9	7.464	4.309
141	7.455	4.309
141.1	7.428	4.315
141.2	7.414	4.321
141.3	7.41	4.324
141.4	7.402	4.324
141.5	7.389	4.318
141.6	7.372	4.309
141.7	7.346	4.296
141.8	7.334	4.278
141.9	7.329	4.26
142	7.32	4.248
142.1	7.312	4.241
142.2	7.309	4.23
142.3	7.308	4.219
142.4	7.302	4.209
142.5	7.28	4.205
142.6	7.25	4.208
142.7	7.231	4.216
142.8	7.226	4.233
142.9	7.236	4.244
143	7.25	4.272
143.1	7.259	4.297
143.2	7.274	4.307
143.3	7.296	4.302
143.4	7.321	4.298
143.5	7.343	4.299
143.6	7.36	4.307
143.7	7.364	4.321
143.8	7.373	4.354
143.9	7.388	4.381
144	7.396	4.403
144.1	7.396	4.422
144.2	7.402	4.444
144.3	7.415	4.464
144.4	7.435	4.485
144.5	7.458	4.506
144.6	7.475	4.528
144.7	7.489	4.543
144.8	7.496	4.552
144.9	7.496	4.557
145	7.498	4.561
145.1	7.499	4.567
145.2	7.498	4.572
145.3	7.502	4.58
145.4	7.504	4.585
145.5	7.509	4.589
145.6	7.511	4.592
145.7	7.514	4.595
145.8	7.515	4.599
145.9	7.517	4.603
146	7.518	4.608
146.1	7.518	4.611
146.2	7.517	4.615
146.3	7.516	4.618
146.4	7.515	4.622
146.5	7.512	4.625
146.6	7.508	4.627
146.7	7.505	4.63
146.8	7.502	4.633
146.9	7.498	4.636
147	7.493	4.637
147.1	7.492	4.639
147.2	7.492	4.64
147.3	7.491	4.642
147.4	7.491	4.643
147.5	7.493	4.642
147.6	7.497	4.643
147.7	7.5	4.644
147.8	7.473	4.622
147.9	7.472	4.623
148	7.471	4.625
148.1	7.462	4.625
148.2	7.461	4.625
148.3	7.458	4.624
148.4	7.468	4.626
148.5	7.466	4.625
148.6	7.463	4.624
148.7	7.461	4.622
148.8	7.456	4.621
148.9	7.448	4.621
149	7.446	4.622
149.1	7.447	4.623
149.2	7.449	4.625
149.3	7.454	4.629
149.4	7.458	4.631
149.5	7.464	4.633
149.6	7.468	4.634
149.7	7.472	4.636
149.8	7.475	4.638
149.9	7.477	4.64
150	7.476	4.641
150.1	7.476	4.64
150.2	7.475	4.639
150.3	7.476	4.639
150.4	7.476	4.64
150.5	7.477	4.643
150.6	7.478	4.645
150.7	7.48	4.645
150.8	7.481	4.647
150.9	7.481	4.65
151	7.482	4.652
151.1	7.483	4.653
151.2	7.486	4.652
151.3	7.485	4.651
151.4	7.487	4.651
151.5	7.486	4.65
151.6	7.487	4.649
151.7	7.485	4.65
151.8	7.486	4.65
151.9	7.49	4.652
152	7.495	4.653
152.1	7.498	4.656
152.2	7.499	4.66
152.3	7.499	4.665
152.4	7.502	4.668
152.5	7.505	4.671
152.6	7.507	4.673
152.7	7.508	4.673
152.8	7.507	4.678
152.9	7.506	4.68
153	7.507	4.68
153.1	7.505	4.682
153.2	7.505	4.682
153.3	7.503	4.684
153.4	7.501	4.686
153.5	7.501	4.687
153.6	7.502	4.687
153.7	7.505	4.688
153.8	7.508	4.686
153.9	7.511	4.686
154	7.51	4.687
154.1	7.51	4.69
154.2	7.511	4.686
154.3	7.512	4.686
154.4	7.503	4.68
154.5	7.501	4.683
154.6	7.497	4.683
154.7	7.496	4.682
154.8	7.496	4.684
154.9	7.496	4.684
155	7.498	4.683
155.1	7.499	4.683
155.2	7.5	4.684
155.3	7.501	4.686
155.4	7.504	4.689
155.5	7.504	4.69
155.6	7.505	4.691
155.7	7.504	4.693
155.8	7.501	4.697
155.9	7.502	4.701
156	7.503	4.706
156.1	7.501	4.713
156.2	7.498	4.72
156.3	7.497	4.723
156.4	7.498	4.724
156.5	7.498	4.723
156.6	7.497	4.722
156.7	7.494	4.724
156.8	7.493	4.728
156.9	7.491	4.732
157	7.489	4.734
157.1	7.488	4.735
157.2	7.488	4.732
157.3	7.488	4.73
157.4	7.489	4.727
157.5	7.49	4.725
157.6	7.491	4.725
157.7	7.491	4.723
157.8	7.494	4.722
157.9	7.496	4.721
158	7.497	4.721
158.1	7.498	4.72
158.2	7.5	4.718
158.3	7.501	4.716
158.4	7.502	4.714
158.5	7.503	4.711
158.6	7.502	4.709
158.7	7.5	4.708
158.8	7.496	4.709
158.9	7.492	4.71
159	7.489	4.712
159.1	7.488	4.713
159.2	7.488	4.712
159.3	7.489	4.712
159.4	7.493	4.712
159.5	7.498	4.713
159.6	7.504	4.713
159.7	7.509	4.707
159.8	7.516	4.696
159.9	7.522	4.688
160	7.523	4.685
160.1	7.521	4.682
160.2	7.533	4.683
160.3	7.535	4.683
160.4	7.535	4.683
160.5	7.534	4.684
160.6	7.533	4.684
160.7	7.532	4.683
160.8	7.531	4.682
160.9	7.529	4.681
161	7.525	4.684
161.1	7.518	4.699
161.2	7.528	4.719
161.3	7.527	4.721
161.4	7.526	4.723
161.5	7.525	4.724
161.6	7.525	4.724
161.7	7.524	4.722
161.8	7.525	4.719
161.9	7.526	4.716
162	7.528	4.709
162.1	7.53	4.706
162.2	7.533	4.707
162.3	7.534	4.706
162.4	7.535	4.707
162.5	7.535	4.707
162.6	7.536	4.706
162.7	7.536	4.706
162.8	7.536	4.706
162.9	7.536	4.706
163	7.536	4.706
163.1	7.537	4.706
163.2	7.538	4.706
163.3	7.538	4.706
163.4	7.538	4.706
163.5	7.537	4.706
163.6	7.536	4.707
163.7	7.534	4.709
163.8	7.533	4.713
163.9	7.532	4.715
164	7.531	4.716
164.1	7.53	4.715
164.2	7.53	4.714
164.3	7.53	4.713
164.4	7.531	4.712
164.5	7.531	4.71
164.6	7.531	4.709
164.7	7.535	4.711
164.8	7.537	4.712
164.9	7.539	4.713
165	7.541	4.713
165.1	7.541	4.713
165.2	7.541	4.714
165.3	7.541	4.714
165.4	7.54	4.715
165.5	7.54	4.714
165.6	7.54	4.713
165.7	7.536	4.711
165.8	7.536	4.711
165.9	7.537	4.711
166	7.539	4.712
166.1	7.541	4.713
166.2	7.541	4.713
166.3	7.54	4.713
166.4	7.54	4.713
166.5	7.542	4.713
166.6	7.543	4.713
166.7	7.543	4.713
166.8	7.544	4.713
166.9	7.545	4.716
167	7.544	4.716
167.1	7.544	4.718
167.2	7.544	4.719
167.3	7.544	4.719
167.4	7.544	4.719
167.5	7.543	4.719
167.6	7.542	4.718
167.7	7.54	4.718
167.8	7.538	4.716
167.9	7.536	4.712
168	7.537	4.708
168.1	7.536	4.708
168.2	7.534	4.713
168.3	7.531	4.716
168.4	7.529	4.717
168.5	7.526	4.717
168.6	7.524	4.719
168.7	7.524	4.719
168.8	7.525	4.717
168.9	7.528	4.714
169	7.531	4.712
169.1	7.532	4.711
169.2	7.534	4.711
169.3	7.534	4.711
169.4	7.535	4.711
169.5	7.536	4.71
169.6	7.539	4.706
169.7	7.54	4.704
169.8	7.541	4.702
169.9	7.542	4.701
170	7.542	4.7
170.1	7.543	4.697
170.2	7.542	4.696
170.3	7.543	4.695
170.4	7.542	4.694
170.5	7.541	4.695
170.6	7.539	4.698
170.7	7.538	4.699
170.8	7.539	4.701
170.9	7.539	4.703
171	7.539	4.704
171.1	7.54	4.704
171.2	7.54	4.703
171.3	7.541	4.701
171.4	7.541	4.7
171.5	7.543	4.699
171.6	7.545	4.697
171.7	7.546	4.697
171.8	7.547	4.696
171.9	7.548	4.696
172	7.547	4.698
172.1	7.546	4.698
172.2	7.546	4.698
172.3	7.546	4.699
172.4	7.545	4.701
172.5	7.544	4.701
172.6	7.544	4.701
172.7	7.545	4.701
172.8	7.545	4.701
172.9	7.545	4.7
173	7.545	4.698
173.1	7.545	4.698
173.2	7.544	4.696
173.3	7.544	4.696
173.4	7.544	4.696
173.5	7.544	4.697
173.6	7.543	4.698
173.7	7.543	4.699
173.8	7.543	4.699
173.9	7.543	4.699
174	7.544	4.7
174.1	7.544	4.7
174.2	7.544	4.699
174.3	7.544	4.699
174.4	7.543	4.698
174.5	7.543	4.698
174.6	7.542	4.697
174.7	7.543	4.698
174.8	7.546	4.7
174.9	7.546	4.7
175	7.546	4.7
175.1	7.546	4.699
175.2	7.545	4.699
175.3	7.545	4.698
175.4	7.545	4.698
175.5	7.544	4.697
175.6	7.544	4.697
175.7	7.544	4.696
175.8	7.543	4.696
175.9	7.541	4.697
176	7.539	4.698
176.1	7.538	4.698
176.2	7.537	4.698
176.3	7.537	4.697
176.4	7.536	4.696
176.5	7.536	4.696
176.6	7.536	4.695
176.7	7.536	4.695
176.8	7.536	4.695
176.9	7.536	4.695
177	7.536	4.695
177.1	7.537	4.695
177.2	7.537	4.695
177.3	7.538	4.695
177.4	7.538	4.695
177.5	7.538	4.694
177.6	7.538	4.694
177.7	7.538	4.693
177.8	7.538	4.693
177.9	7.539	4.693
178	7.54	4.693
178.1	7.541	4.693
178.2	7.542	4.693
178.3	7.543	4.692
178.4	7.543	4.691
178.5	7.545	4.686
178.6	7.549	4.673
178.7	7.56	4.653
178.8	7.579	4.63
178.9	7.617	4.608
179	7.656	4.586
179.1	7.699	4.57
179.2	7.732	4.563
179.3	7.75	4.563
179.4	7.756	4.568
179.5	7.752	4.577
179.6	7.742	4.59
179.7	7.732	4.596
179.8	7.729	4.599
179.9	7.74	4.62
180	7.755	4.653
180.1	7.771	4.681
180.2	7.781	4.698
180.3	7.787	4.707
180.4	7.789	4.708
180.5	7.787	4.705
180.6	7.779	4.699
180.7	7.769	4.693
180.8	7.76	4.688
180.9	7.755	4.682
181	7.752	4.678
181.1	7.751	4.674
181.2	7.75	4.67
181.3	7.751	4.665
181.4	7.753	4.66
181.5	7.757	4.655
181.6	7.762	4.651
181.7	7.766	4.651
181.8	7.768	4.651
181.9	7.768	4.649
182	7.765	4.635
182.1	7.755	4.615
182.2	7.738	4.596
182.3	7.723	4.581
182.4	7.712	4.57
182.5	7.704	4.561
182.6	7.698	4.555
182.7	7.691	4.546
182.8	7.682	4.535
182.9	7.671	4.523
183	7.658	4.513
183.1	7.642	4.507
183.2	7.619	4.503
183.3	7.59	4.5
183.4	7.559	4.495
183.5	7.533	4.49
183.6	7.515	4.486
183.7	7.507	4.479
183.8	7.506	4.467
183.9	7.516	4.454
184	7.531	4.442
184.1	7.545	4.426
184.2	7.561	4.402
184.3	7.589	4.383
184.4	7.628	4.364
184.5	7.686	4.355
184.6	7.73	4.359
184.7	7.756	4.371
184.8	7.755	4.383
184.9	7.734	4.385
185	7.702	4.382
185.1	7.669	4.374
185.2	7.644	4.361
185.3	7.629	4.354
185.4	7.623	4.353
185.5	7.624	4.355
185.6	7.631	4.36
185.7	7.638	4.37
185.8	7.645	4.379
185.9	7.65	4.386
186	7.657	4.387
186.1	7.664	4.387
186.2	7.67	4.386
186.3	7.676	4.385
186.4	7.68	4.389
186.5	7.68	4.391
186.6	7.681	4.392
186.7	7.682	4.394
186.8	7.683	4.394
186.9	7.683	4.394
187	7.685	4.393
187.1	7.687	4.391
187.2	7.688	4.389
187.3	7.688	4.389
187.4	7.689	4.388
187.5	7.691	4.386
187.6	7.692	4.387
187.7	7.691	4.39
187.8	7.69	4.395
187.9	7.69	4.399
188	7.691	4.402
188.1	7.691	4.406
188.2	7.691	4.409
188.3	7.691	4.411
188.4	7.69	4.414
188.5	7.69	4.425
188.6	7.689	4.441
188.7	7.685	4.457
188.8	7.678	4.47
188.9	7.67	4.482
189	7.662	4.492
189.1	7.652	4.5
189.2	7.644	4.505
189.3	7.636	4.509
189.4	7.624	4.515
189.5	7.611	4.52
189.6	7.6	4.523
189.7	7.589	4.526
189.8	7.582	4.526
189.9	7.58	4.527
190	7.578	4.528
190.1	7.576	4.53
190.2	7.571	4.532
190.3	7.562	4.535
190.4	7.557	4.537
190.5	7.558	4.538
190.6	7.563	4.538
190.7	7.569	4.537
190.8	7.576	4.536
190.9	7.582	4.536
191	7.587	4.535
191.1	7.592	4.534
191.2	7.598	4.535
191.3	7.603	4.536
191.4	7.607	4.537
191.5	7.61	4.537
191.6	7.612	4.536
191.7	7.612	4.536
191.8	7.613	4.536
191.9	7.614	4.537
192	7.615	4.538
192.1	7.615	4.538
192.2	7.616	4.538
192.3	7.618	4.539
192.4	7.62	4.541
192.5	7.623	4.543
192.6	7.626	4.544
192.7	7.629	4.542
192.8	7.636	4.535
192.9	7.647	4.521
193	7.661	4.499
193.1	7.673	4.47
193.2	7.681	4.439
193.3	7.68	4.409
193.4	7.671	4.381
193.5	7.655	4.361
193.6	7.637	4.349
193.7	7.622	4.342
193.8	7.61	4.339
193.9	7.606	4.337
194	7.609	4.334
194.1	7.616	4.329
194.2	7.621	4.321
194.3	7.619	4.31
194.4	7.606	4.302
194.5	7.579	4.3
194.6	7.54	4.303
194.7	7.493	4.309
194.8	7.448	4.312
194.9	7.407	4.308
195	7.377	4.304
195.1	7.36	4.296
195.2	7.351	4.28
195.3	7.356	4.262
195.4	7.371	4.253
195.5	7.381	4.244
195.6	7.383	4.24
195.7	7.385	4.246
195.8	7.391	4.26
195.9	7.396	4.278
196	7.403	4.304
196.1	7.407	4.328
196.2	7.4	4.338
196.3	7.389	4.334
196.4	7.377	4.317
196.5	7.371	4.286
196.6	7.377	4.266
196.7	7.381	4.268
196.8	7.385	4.27
196.9	7.389	4.272
197	7.393	4.27
197.1	7.398	4.268
197.2	7.401	4.264
197.3	7.404	4.26
197.4	7.406	4.256
197.5	7.407	4.254
197.6	7.408	4.254
197.7	7.409	4.255
197.8	7.411	4.254
197.9	7.412	4.253
198	7.414	4.252
198.1	7.414	4.252
198.2	7.415	4.253
198.3	7.416	4.254
198.4	7.417	4.255
198.5	7.419	4.255
198.6	7.42	4.255
198.7	7.421	4.254
198.8	7.421	4.254
198.9	7.422	4.253
199	7.423	4.253
199.1	7.424	4.254
199.2	7.425	4.254
199.3	7.425	4.254
199.4	7.426	4.253
199.5	7.425	4.252
199.6	7.426	4.25
199.7	7.427	4.249
199.8	7.428	4.247
199.9	7.428	4.246
200	7.427	4.246
200.1	7.427	4.246
200.2	7.426	4.245
200.3	7.426	4.244
200.4	7.426	4.243
200.5	7.425	4.242
200.6	7.424	4.241
200.7	7.422	4.24
200.8	7.42	4.24
200.9	7.418	4.24
201	7.416	4.24
201.1	7.414	4.242
201.2	7.411	4.245
201.3	7.408	4.248
201.4	7.404	4.251
201.5	7.4	4.254
201.6	7.396	4.259
201.7	7.392	4.268
201.8	7.388	4.275
201.9	7.387	4.285
202	7.388	4.295
202.1	7.389	4.304
202.2	7.389	4.31
202.3	7.389	4.314
202.4	7.389	4.316
202.5	7.389	4.316
202.6	7.388	4.315
202.7	7.388	4.313
202.8	7.387	4.31
202.9	7.386	4.306
203	7.386	4.3
203.1	7.386	4.294
203.2	7.386	4.286
203.3	7.387	4.275
203.4	7.387	4.265
203.5	7.389	4.251
203.6	7.392	4.237
203.7	7.395	4.225
203.8	7.398	4.216
203.9	7.401	4.211
204	7.404	4.209
204.1	7.406	4.21
204.2	7.408	4.213
204.3	7.409	4.215
204.4	7.409	4.218
204.5	7.41	4.22
204.6	7.41	4.222
204.7	7.41	4.225
204.8	7.41	4.229
204.9	7.408	4.235
205	7.405	4.249
205.1	7.403	4.265
205.2	7.401	4.271
205.3	7.397	4.278
205.4	7.393	4.283
205.5	7.388	4.282
205.6	7.384	4.274
205.7	7.38	4.265
205.8	7.377	4.256
205.9	7.375	4.248
206	7.373	4.239
206.1	7.372	4.227
206.2	7.372	4.215
206.3	7.374	4.202
206.4	7.377	4.188
206.5	7.381	4.17
206.6	7.387	4.153
206.7	7.394	4.136
206.8	7.4	4.119
206.9	7.408	4.105
207	7.416	4.091
207.1	7.424	4.081
207.2	7.432	4.073
207.3	7.441	4.066
207.4	7.448	4.059
207.5	7.454	4.052
207.6	7.453	4.049
207.7	7.447	4.056
207.8	7.437	4.073
207.9	7.423	4.099
208	7.397	4.132
208.1	7.37	4.169
208.2	7.349	4.197
208.3	7.328	4.23
208.4	7.311	4.262
208.5	7.296	4.287
208.6	7.282	4.307
208.7	7.275	4.318
208.8	7.272	4.32
208.9	7.274	4.316
209	7.279	4.307
209.1	7.286	4.296
209.2	7.296	4.287
209.3	7.305	4.279
209.4	7.31	4.271
209.5	7.315	4.264
209.6	7.323	4.257
209.7	7.329	4.253
209.8	7.338	4.249
209.9	7.345	4.247
210	7.35	4.246
210.1	7.356	4.245
210.2	7.359	4.244
210.3	7.361	4.244
210.4	7.363	4.246
210.5	7.365	4.247
210.6	7.367	4.249
210.7	7.37	4.251
210.8	7.371	4.252
210.9	7.371	4.253
211	7.372	4.253
211.1	7.373	4.254
211.2	7.373	4.254
211.3	7.372	4.254
211.4	7.371	4.253
211.5	7.37	4.253
211.6	7.37	4.253
211.7	7.37	4.253
211.8	7.369	4.253
211.9	7.37	4.253
212	7.37	4.252
212.1	7.37	4.252
212.2	7.37	4.251
212.3	7.37	4.25
212.4	7.37	4.248
212.5	7.369	4.246
212.6	7.369	4.245
212.7	7.367	4.242
212.8	7.366	4.24
212.9	7.365	4.238
213	7.363	4.237
213.1	7.362	4.235
213.2	7.361	4.234
213.3	7.361	4.235
213.4	7.361	4.235
213.5	7.362	4.235
213.6	7.363	4.234
213.7	7.364	4.232
213.8	7.364	4.231
213.9	7.365	4.23
214	7.365	4.228
214.1	7.364	4.228
214.2	7.364	4.227
214.3	7.364	4.225
214.4	7.364	4.223
214.5	7.365	4.222
214.6	7.364	4.22
214.7	7.364	4.22
214.8	7.363	4.22
214.9	7.362	4.22
215	7.362	4.221
215.1	7.361	4.222
215.2	7.36	4.222
215.3	7.359	4.223
215.4	7.359	4.223
215.5	7.359	4.223
215.6	7.359	4.223
215.7	7.359	4.223
215.8	7.359	4.224
215.9	7.359	4.225
216	7.359	4.226
216.1	7.36	4.227
216.2	7.36	4.227
216.3	7.361	4.226
216.4	7.362	4.226
216.5	7.362	4.225
216.6	7.362	4.225
216.7	7.363	4.225
216.8	7.364	4.225
216.9	7.365	4.226
217	7.367	4.228
217.1	7.369	4.229
217.2	7.37	4.229
217.3	7.371	4.229
217.4	7.371	4.229
217.5	7.371	4.228
217.6	7.368	4.226
217.7	7.364	4.225
217.8	7.363	4.224
217.9	7.363	4.223
218	7.364	4.221
218.1	7.369	4.22
218.2	7.376	4.224
218.3	7.383	4.23
218.4	7.385	4.238
218.5	7.386	4.243
218.6	7.385	4.244
218.7	7.387	4.242
218.8	7.388	4.24
218.9	7.388	4.24
219	7.388	4.239
219.1	7.388	4.237
219.2	7.389	4.234
219.3	7.388	4.231
219.4	7.387	4.229
219.5	7.385	4.227
219.6	7.381	4.227
219.7	7.375	4.226
219.8	7.368	4.226
219.9	7.362	4.228
220	7.357	4.229
220.1	7.355	4.23
220.2	7.354	4.23
220.3	7.353	4.231
220.4	7.354	4.233
220.5	7.355	4.235
220.6	7.355	4.235
220.7	7.356	4.235
220.8	7.357	4.235
220.9	7.358	4.233
221	7.359	4.231
221.1	7.36	4.228
221.2	7.361	4.226
221.3	7.362	4.223
221.4	7.363	4.22
221.5	7.364	4.217
221.6	7.365	4.215
221.7	7.366	4.213
221.8	7.366	4.211
221.9	7.366	4.209
222	7.367	4.208
222.1	7.368	4.206
222.2	7.368	4.204
222.3	7.368	4.203
222.4	7.368	4.203
222.5	7.367	4.202
222.6	7.366	4.202
222.7	7.365	4.202
222.8	7.364	4.201
222.9	7.364	4.2
223	7.363	4.2
223.1	7.362	4.198
223.2	7.361	4.197
223.3	7.36	4.195
223.4	7.36	4.194
223.5	7.358	4.193
223.6	7.357	4.192
223.7	7.356	4.19
223.8	7.355	4.189
223.9	7.354	4.188
224	7.355	4.187
224.1	7.355	4.187
224.2	7.355	4.187
224.3	7.355	4.188
224.4	7.355	4.188
224.5	7.355	4.188
224.6	7.356	4.188
224.7	7.356	4.188
224.8	7.357	4.189
224.9	7.357	4.189
225	7.358	4.19
225.1	7.358	4.19
225.2	7.358	4.19
225.3	7.358	4.19
225.4	7.358	4.19
225.5	7.358	4.189
225.6	7.359	4.189
225.7	7.359	4.189
225.8	7.359	4.189
225.9	7.359	4.189
226	7.359	4.189
226.1	7.359	4.189
226.2	7.358	4.188
226.3	7.358	4.187
226.4	7.358	4.186
226.5	7.358	4.186
226.6	7.357	4.186
226.7	7.357	4.186
226.8	7.357	4.187
226.9	7.356	4.187
227	7.356	4.187
227.1	7.356	4.186
227.2	7.356	4.187
227.3	7.356	4.187
227.4	7.357	4.187
227.5	7.358	4.187
227.6	7.359	4.188
227.7	7.36	4.188
227.8	7.362	4.189
227.9	7.364	4.189
228	7.364	4.19
228.1	7.365	4.191
228.2	7.366	4.191
228.3	7.366	4.192
228.4	7.366	4.192
228.5	7.367	4.193
228.6	7.367	4.193
228.7	7.367	4.193
228.8	7.367	4.193
228.9	7.366	4.193
229	7.366	4.193
229.1	7.365	4.193
229.2	7.364	4.193
229.3	7.363	4.193
229.4	7.362	4.194
229.5	7.362	4.194
229.6	7.362	4.194
229.7	7.361	4.194
229.8	7.362	4.194
229.9	7.361	4.194
230	7.361	4.193
230.1	7.361	4.193
230.2	7.361	4.192
230.3	7.36	4.191
230.4	7.36	4.19
230.5	7.361	4.189
230.6	7.362	4.187
230.7	7.363	4.186
230.8	7.364	4.184
230.9	7.365	4.181
231	7.367	4.178
231.1	7.37	4.175
231.2	7.372	4.173
231.3	7.374	4.17
231.4	7.377	4.167
231.5	7.379	4.164
231.6	7.38	4.16
231.7	7.381	4.156
231.8	7.382	4.151
231.9	7.382	4.145
232	7.381	4.136
232.1	7.38	4.126
232.2	7.377	4.116
232.3	7.37	4.109
232.4	7.359	4.107
232.5	7.34	4.107
232.6	7.313	4.112
232.7	7.278	4.122
232.8	7.236	4.137
232.9	7.186	4.156
233	7.133	4.177
233.1	7.081	4.198
233.2	7.029	4.216
233.3	6.98	4.228
233.4	6.936	4.233
233.5	6.893	4.23
233.6	6.849	4.22
233.7	6.802	4.203
233.8	6.747	4.176
233.9	6.686	4.142
234	6.627	4.108
234.1	6.574	4.083
234.2	6.518	4.069
234.3	6.46	4.059
234.4	6.406	4.058
234.5	6.349	4.063
234.6	6.287	4.075
234.7	6.219	4.094
234.8	6.142	4.12
234.9	6.068	4.144
235	6.003	4.162
235.1	5.944	4.171
235.2	5.895	4.173
235.3	5.849	4.168
235.4	5.804	4.155
235.5	5.759	4.133
235.6	5.713	4.104
235.7	5.661	4.064
235.8	5.611	4.029
235.9	5.563	4.001
236	5.522	3.983
236.1	5.49	3.972
236.2	5.466	3.97
236.3	5.447	3.975
236.4	5.43	3.988
236.5	5.412	4.001
236.6	5.396	4.012
236.7	5.383	4.022
236.8	5.373	4.028
236.9	5.367	4.033
237	5.363	4.035
237.1	5.361	4.037
237.2	5.36	4.037
237.3	5.359	4.036
237.4	5.358	4.033
237.5	5.356	4.03
237.6	5.355	4.028
237.7	5.353	4.027
237.8	5.351	4.027
237.9	5.349	4.029
238	5.347	4.033
238.1	5.345	4.039
238.2	5.344	4.047
238.3	5.343	4.054
238.4	5.342	4.058
238.5	5.34	4.059
238.6	5.339	4.059
238.7	5.339	4.059
238.8	5.339	4.06
238.9	5.34	4.06
239	5.341	4.061
239.1	5.342	4.061
239.2	5.342	4.06
239.3	5.341	4.059
239.4	5.34	4.058
239.5	5.339	4.058
239.6	5.339	4.058
239.7	5.344	4.051
239.8	5.351	4.044
239.9	5.353	4.045
240	5.35	4.05
240.1	5.343	4.054
240.2	5.335	4.056
240.3	5.324	4.051
240.4	5.308	4.038
240.5	5.291	4.018
240.6	5.271	3.99
240.7	5.253	3.955
240.8	5.235	3.91
240.9	5.215	3.855
241	5.196	3.8
241.1	5.179	3.747
241.2	5.165	3.703
241.3	5.152	3.669
241.4	5.141	3.643
241.5	5.129	3.619
241.6	5.118	3.597
241.7	5.103	3.572
241.8	5.085	3.546
241.9	5.061	3.515
242	5.03	3.478
242.1	4.997	3.445
242.2	4.962	3.412
242.3	4.93	3.378
242.4	4.903	3.345
242.5	4.883	3.314
242.6	4.873	3.284
242.7	4.871	3.257
242.8	4.877	3.231
242.9	4.892	3.202
243	4.915	3.163
243.1	4.941	3.116
243.2	4.966	3.069
243.3	4.991	3.027
243.4	5.011	2.991
243.5	5.023	2.962
243.6	5.031	2.939
243.7	5.035	2.918
243.8	5.033	2.899
243.9	5.026	2.88
244	5.014	2.86
244.1	5.001	2.838
244.2	4.99	2.819
244.3	4.982	2.803
244.4	4.977	2.791
244.5	4.975	2.783
244.6	4.978	2.78
244.7	4.982	2.783
244.8	4.984	2.795
244.9	4.986	2.814
245	4.984	2.838
245.1	4.978	2.865
245.2	4.971	2.892
245.3	4.963	2.917
245.4	4.951	2.939
245.5	4.927	2.952
245.6	4.908	2.965
245.7	4.889	2.978
245.8	4.866	2.987
245.9	4.846	2.993
246	4.834	2.996
246.1	4.829	2.999
246.2	4.828	3.002
246.3	4.828	3.005
246.4	4.83	3.006
246.5	4.833	3.009
246.6	4.84	3.012
246.7	4.852	3.015
246.8	4.873	3.018
246.9	4.899	3.015
247	4.932	3.003
247.1	4.965	2.978
247.2	4.99	2.945
247.3	5.01	2.911
247.4	5.022	2.876
247.5	5.021	2.838
247.6	5.01	2.803
247.7	4.995	2.772
247.8	4.979	2.748
247.9	4.964	2.728
248	4.952	2.713
248.1	4.942	2.706
248.2	4.938	2.708
248.3	4.941	2.718
248.4	4.952	2.731
248.5	4.958	2.74
248.6	4.957	2.745
248.7	4.946	2.75
248.8	4.929	2.756
248.9	4.911	2.763
249	4.897	2.773
249.1	4.886	2.783
249.2	4.88	2.791
249.3	4.878	2.797
249.4	4.878	2.801
249.5	4.882	2.806
249.6	4.887	2.81
249.7	4.893	2.812
249.8	4.899	2.814
249.9	4.903	2.816
250	4.907	2.817
250.1	4.911	2.819
250.2	4.915	2.82
250.3	4.918	2.821
250.4	4.924	2.822
250.5	4.932	2.821
250.6	4.945	2.82
250.7	4.961	2.82
250.8	4.982	2.824
250.9	5.003	2.832
251	5.023	2.845
251.1	5.038	2.857
251.2	5.048	2.866
251.3	5.054	2.871
251.4	5.057	2.871
251.5	5.057	2.866
251.6	5.052	2.856
251.7	5.042	2.84
251.8	5.028	2.821
251.9	5.013	2.802
252	5.001	2.782
252.1	4.994	2.764
252.2	4.992	2.747
252.3	4.993	2.737
252.4	4.997	2.738
252.5	5	2.748
252.6	5.001	2.771
252.7	4.997	2.801
252.8	4.99	2.835
252.9	4.979	2.883
253	4.967	2.939
253.1	4.959	3.009
253.2	4.954	3.078
253.3	4.947	3.145
253.4	4.941	3.204
253.5	4.941	3.254
253.6	4.928	3.286
253.7	4.938	3.326
253.8	4.96	3.365
253.9	4.989	3.408
254	5.025	3.459
254.1	5.076	3.517
254.2	5.131	3.574
254.3	5.175	3.627
254.4	5.211	3.673
254.5	5.244	3.711
254.6	5.277	3.747
254.7	5.313	3.786
254.8	5.352	3.839
254.9	5.394	3.909
255	5.435	3.989
255.1	5.475	4.056
255.2	5.518	4.108
255.3	5.57	4.144
255.4	5.625	4.164
255.5	5.687	4.175
255.6	5.759	4.176
255.7	5.84	4.165
255.8	5.93	4.147
255.9	6.01	4.136
256	6.083	4.136
256.1	6.147	4.143
256.2	6.21	4.155
256.3	6.278	4.173
256.4	6.35	4.201
256.5	6.427	4.241
256.6	6.508	4.287
256.7	6.58	4.325
256.8	6.642	4.348
