Time	Velocity
0	0
0.1	0.03
0.2	0.13
0.3	0.29
0.4	0.48
0.5	0.7
0.6	0.91
0.7	1.11
0.8	1.26
0.9	1.36
1	1.4
1.1	1.4
1.2	1.4
1.3	1.4
1.4	1.4
1.5	1.4
1.6	1.37
1.7	1.28
1.8	1.13
1.9	0.94
2	0.73
2.1	0.51
2.2	0.31
2.3	0.15
2.4	0.04
0	0
0.1	-0.04
0.2	-0.13
0.3	-0.31
0.4	-0.52
0.5	-0.74
0.6	-0.96
0.7	-1.16
0.8	-1.3
0.9	-1.39
1	-1.39
1.1	-1.32
1.2	-1.19
1.3	-1
1.4	-0.78
1.5	-0.56
1.6	-0.35
0	0
0.1	-0.03
0.2	-0.13
0.3	-0.29
0.4	-0.49
0.5	-0.72
0.6	-0.94
0.7	-1.14
0.8	-1.3
0.9	-1.38
1	-1.4
1.1	-1.34
1.2	-1.21
1.3	-1.03
1.4	-0.81
1.5	-0.58
1.6	-0.37
0	0
0.1	-0.04
0.2	-0.13
0.3	-0.31
0.4	-0.49
0.5	-0.74
0.6	-0.97
0.7	-1.16
0.8	-1.3
0.9	-1.38
1	-1.4
1.1	-1.33
1.2	-1.21
1.3	-1.02
1.4	-0.81
1.5	-0.58
1.6	-0.36
0	0
0.1	-0.03
0.2	-0.13
0.3	-0.29
0.4	-0.49
0.5	-0.72
0.6	-0.94
0.7	-1.14
0.8	-1.3
0.9	-1.39
1	-1.4
1.1	-1.34
1.2	-1.22
1.3	-1.05
1.4	-0.83
1.5	-0.58
1.6	-0.39
0	0
0.1	-0.03
0.2	-0.13
0.3	-0.31
0.4	-0.52
0.5	-0.72
0.6	-0.97
0.7	-1.16
0.8	-1.3
0.9	-1.39
1	-1.4
1.1	-1.33
1.2	-1.21
1.3	-1.02
1.4	-0.81
1.5	-0.58
1.6	-0.37
0	0
0.1	-0.04
0.2	-0.14
0.3	-0.31
0.4	-0.52
0.5	-0.74
0.6	-0.97
0.7	-1.16
0.8	-1.3
0.9	-1.39
1	-1.4
0	0
0.1	-0.04
0.2	-0.14
0.3	-0.31
0.4	-0.52
0.5	-0.74
0.6	-0.97
0.7	-1.16
0.8	-1.3
0.9	-1.39
1	-1.4
1.1	-1.4
1.2	-1.4
1.3	-1.33
1.4	-1.21
1.5	-1.02
1.6	-0.81
1.7	-0.58
1.8	-0.37
0	0
0.1	-0.04
0.2	-0.14
0.3	-0.31
0.4	-0.52
0.5	-0.74
0.6	-0.97
0.7	-1.16
0.8	-1.3
0.9	-1.39
1	-1.4
1.1	-1.4
1.2	-1.4
1.3	-1.33
1.4	-1.21
1.5	-1.02
1.6	-0.81
1.7	-0.58
1.8	-0.36
0	0
0.1	-0.04
0.2	-0.14
0.3	-0.29
0.4	-0.49
0.5	-0.72
0.6	-0.97
0.7	-1.14
0.8	-1.3
0.9	-1.39
1	-1.4
1.1	-1.4
1.2	-1.4
1.3	-1.35
1.4	-1.22
1.5	-1.05
1.6	-0.83
1.7	-0.61
1.8	-0.37
0	0
0.1	-0.04
0.2	-0.16
0.3	-0.35
0.4	-0.59
0.5	-0.82
0.6	-1.1
0.7	-1.32
0.8	-1.49
0.9	-1.58
1	-1.6
1.1	-1.57
1.2	-1.47
1.3	-1.29
1.4	-1.07
1.5	-0.81
1.6	-0.55
1.7	-0.34
0	0
0.1	-0.04
0.2	-0.16
0.3	-0.35
0.4	-0.59
0.5	-0.85
0.6	-1.1
0.7	-1.32
0.8	-1.49
0.9	-1.58
1	-1.6
1.1	-1.57
1.2	-1.47
1.3	-1.29
1.4	-1.06
1.5	-0.81
1.6	-0.55
1.7	-0.32
0	0
0.1	-0.04
0.2	-0.17
0.3	-0.38
0.4	-0.63
0.5	-0.9
0.6	-1.17
0.7	-1.41
0.8	-1.58
0.9	-1.68
1	-1.69
1.1	-1.63
1.2	-1.49
1.3	-1.24
1.4	-0.98
1.5	-0.74
1.6	-0.44
0	0
0.1	-0.04
0.2	-0.17
0.3	-0.38
0.4	-0.63
0.5	-0.9
0.6	-1.17
0.7	-1.41
0.8	-1.58
0.9	-1.68
1	-1.69
1.1	-1.62
1.2	-1.47
1.3	-1.24
1.4	-0.98
1.5	-0.71
1.6	-0.44
0	0
0.1	-0.04
0.2	-0.16
0.3	-0.35
0.4	-0.59
0.5	-0.85
0.6	-1.1
0.7	-1.3
0.8	-1.49
0.9	-1.58
1	-1.6
1.1	-1.57
1.2	-1.47
1.3	-1.31
1.4	-1.06
1.5	-0.81
1.6	-0.55
1.7	-0.32
0	0
0.1	-0.03
0.2	-0.15
0.3	-0.33
0.4	-0.59
0.5	-0.85
0.6	-1.1
0.7	-1.3
0.8	-1.49
0.9	-1.58
1	-1.6
1.1	-1.58
1.2	-1.47
1.3	-1.29
1.4	-1.09
1.5	-0.81
1.6	-0.55
1.7	-0.32
