Time	X	Z
0	7.325	2.15
0.1	7.325	2.15
0.2	7.325	2.15
0.3	7.325	2.15
0.4	7.325	2.15
0.5	7.325	2.15
0.6	7.325	2.15
0.7	7.325	2.15
0.8	7.325	2.15
0.9	7.325	2.15
1	7.325	2.15
1.1	7.325	2.15
1.2	7.325	2.15
1.3	7.325	2.15
1.4	7.325	2.15
1.5	7.325	2.15
1.6	7.325	2.15
1.7	7.325	2.15
1.8	7.325	2.15
1.9	7.325	2.15
2	7.325	2.15
2.1	7.325	2.15
2.2	7.325	2.15
2.3	7.325	2.15
2.4	7.325	2.15
2.5	7.325	2.15
2.6	7.325	2.15
2.7	7.325	2.149
2.8	7.325	2.15
2.9	7.325	2.15
3	7.325	2.15
3.1	7.325	2.15
3.2	7.325	2.15
3.3	7.325	2.15
3.4	7.325	2.15
3.5	7.325	2.15
3.6	7.325	2.15
3.7	7.325	2.15
3.8	7.325	2.15
3.9	7.325	2.15
4	7.325	2.15
4.1	7.325	2.15
4.2	7.325	2.15
4.3	7.325	2.15
4.4	7.325	2.15
4.5	7.325	2.15
4.6	7.325	2.15
4.7	7.325	2.15
4.8	7.325	2.15
4.9	7.325	2.15
5	7.325	2.15
5.1	7.325	2.15
5.2	7.325	2.15
5.3	7.325	2.15
5.4	7.325	2.15
5.5	7.325	2.15
5.6	7.325	2.15
5.7	7.325	2.15
5.8	7.325	2.15
5.9	7.325	2.15
6	7.325	2.15
6.1	7.325	2.15
6.2	7.325	2.15
6.3	7.325	2.15
6.4	7.325	2.15
6.5	7.325	2.15
6.6	7.325	2.15
6.7	7.325	2.15
6.8	7.325	2.15
6.9	7.325	2.15
7	7.325	2.15
7.1	7.325	2.15
7.2	7.325	2.15
7.3	7.325	2.15
7.4	7.325	2.15
7.5	7.325	2.15
7.6	7.325	2.15
7.7	7.325	2.15
7.8	7.325	2.15
7.9	7.325	2.15
8	7.325	2.15
8.1	7.325	2.15
8.2	7.325	2.15
8.3	7.325	2.15
8.4	7.325	2.15
8.5	7.325	2.15
8.6	7.325	2.15
8.7	7.325	2.15
8.8	7.325	2.15
8.9	7.325	2.15
9	7.325	2.15
9.1	7.325	2.15
9.2	7.325	2.15
9.3	7.325	2.15
9.4	7.325	2.15
9.5	7.325	2.15
9.6	7.325	2.15
9.7	7.325	2.15
9.8	7.325	2.15
9.9	7.325	2.15
10	7.325	2.15
10.1	7.325	2.149
10.2	7.325	2.15
10.3	7.325	2.15
10.4	7.325	2.15
10.5	7.325	2.15
10.6	7.325	2.15
10.7	7.325	2.149
10.8	7.325	2.15
10.9	7.325	2.15
11	7.325	2.15
11.1	7.325	2.15
11.2	7.325	2.15
11.3	7.325	2.15
11.4	7.325	2.15
11.5	7.325	2.15
11.6	7.325	2.15
11.7	7.325	2.15
11.8	7.325	2.15
11.9	7.325	2.15
12	7.325	2.15
12.1	7.325	2.15
12.2	7.325	2.15
12.3	7.325	2.15
12.4	7.325	2.15
12.5	7.325	2.15
12.6	7.325	2.15
12.7	7.325	2.15
12.8	7.325	2.15
12.9	7.325	2.15
13	7.325	2.15
13.1	7.325	2.15
13.2	7.325	2.15
13.3	7.325	2.15
13.4	7.325	2.15
13.5	7.325	2.15
13.6	7.325	2.15
13.7	7.325	2.15
13.8	7.325	2.15
13.9	7.325	2.15
14	7.325	2.15
14.1	7.325	2.15
14.2	7.325	2.15
14.3	7.325	2.15
14.4	7.325	2.15
14.5	7.325	2.15
14.6	7.325	2.15
14.7	7.325	2.15
14.8	7.325	2.15
14.9	7.325	2.149
15	7.325	2.15
15.1	7.325	2.149
15.2	7.325	2.149
15.3	7.325	2.15
15.4	7.325	2.15
15.5	7.325	2.15
15.6	7.325	2.15
15.7	7.325	2.15
15.8	7.325	2.15
15.9	7.325	2.15
16	7.325	2.15
16.1	7.325	2.149
16.2	7.325	2.15
16.3	7.325	2.15
16.4	7.325	2.15
16.5	7.325	2.15
16.6	7.325	2.15
16.7	7.325	2.15
16.8	7.325	2.15
16.9	7.325	2.15
17	7.325	2.15
17.1	7.325	2.15
17.2	7.325	2.15
17.3	7.325	2.149
17.4	7.325	2.15
17.5	7.325	2.15
17.6	7.325	2.15
17.7	7.325	2.15
17.8	7.325	2.15
17.9	7.325	2.15
18	7.325	2.15
18.1	7.325	2.15
18.2	7.325	2.15
18.3	7.325	2.15
18.4	7.325	2.15
18.5	7.325	2.15
18.6	7.325	2.15
18.7	7.325	2.149
18.8	7.325	2.15
18.9	7.325	2.15
19	7.325	2.15
19.1	7.325	2.15
19.2	7.325	2.15
19.3	7.325	2.15
19.4	7.325	2.15
19.5	7.325	2.15
19.6	7.325	2.15
19.7	7.325	2.15
19.8	7.325	2.15
19.9	7.325	2.15
20	7.325	2.149
20.1	7.325	2.15
20.2	7.325	2.15
20.3	7.325	2.15
20.4	7.325	2.15
20.5	7.325	2.15
20.6	7.325	2.15
20.7	7.325	2.149
20.8	7.325	2.15
20.9	7.325	2.15
21	7.325	2.15
21.1	7.325	2.15
21.2	7.325	2.15
21.3	7.325	2.15
21.4	7.325	2.15
21.5	7.325	2.15
21.6	7.325	2.15
21.7	7.325	2.149
21.8	7.325	2.149
21.9	7.325	2.149
22	7.325	2.15
22.1	7.325	2.15
22.2	7.325	2.15
22.3	7.325	2.15
22.4	7.325	2.15
22.5	7.325	2.15
22.6	7.325	2.15
22.7	7.325	2.15
22.8	7.325	2.15
22.9	7.325	2.15
23	7.325	2.15
23.1	7.325	2.15
23.2	7.325	2.15
23.3	7.325	2.15
23.4	7.325	2.15
23.5	7.325	2.15
23.6	7.325	2.15
23.7	7.325	2.15
23.8	7.325	2.15
23.9	7.325	2.149
24	7.325	2.15
24.1	7.325	2.15
24.2	7.325	2.15
24.3	7.325	2.15
24.4	7.325	2.15
24.5	7.325	2.15
24.6	7.325	2.15
24.7	7.325	2.15
24.8	7.325	2.15
24.9	7.325	2.15
25	7.325	2.15
25.1	7.325	2.15
25.2	7.325	2.15
25.3	7.325	2.15
25.4	7.325	2.15
25.5	7.325	2.15
25.6	7.325	2.15
25.7	7.325	2.15
25.8	7.325	2.15
25.9	7.325	2.15
26	7.325	2.15
26.1	7.325	2.15
26.2	7.325	2.15
26.3	7.325	2.15
26.4	7.325	2.15
26.5	7.325	2.15
26.6	7.325	2.15
26.7	7.325	2.15
26.8	7.325	2.15
26.9	7.325	2.15
27	7.325	2.15
27.1	7.325	2.15
27.2	7.325	2.15
27.3	7.325	2.15
27.4	7.325	2.15
27.5	7.325	2.15
27.6	7.325	2.15
27.7	7.325	2.149
27.8	7.325	2.149
27.9	7.325	2.15
28	7.325	2.15
28.1	7.325	2.15
28.2	7.325	2.15
28.3	7.325	2.15
28.4	7.325	2.15
28.5	7.325	2.15
28.6	7.325	2.15
28.7	7.325	2.15
28.8	7.325	2.15
28.9	7.325	2.149
29	7.325	2.15
29.1	7.325	2.15
29.2	7.325	2.15
29.3	7.325	2.15
29.4	7.325	2.15
29.5	7.325	2.15
29.6	7.325	2.15
29.7	7.325	2.15
29.8	7.325	2.15
29.9	7.325	2.15
30	7.325	2.15
30.1	7.325	2.15
30.2	7.325	2.15
30.3	7.325	2.15
30.4	7.325	2.15
30.5	7.325	2.15
30.6	7.325	2.15
30.7	7.325	2.149
30.8	7.325	2.15
30.9	7.325	2.15
31	7.325	2.15
31.1	7.325	2.15
31.2	7.325	2.15
31.3	7.325	2.15
31.4	7.325	2.15
31.5	7.325	2.15
31.6	7.325	2.15
31.7	7.325	2.15
31.8	7.325	2.15
31.9	7.325	2.15
32	7.325	2.15
32.1	7.325	2.15
32.2	7.325	2.15
32.3	7.325	2.15
32.4	7.325	2.15
32.5	7.325	2.15
32.6	7.325	2.15
32.7	7.325	2.15
32.8	7.325	2.15
32.9	7.325	2.15
33	7.325	2.15
33.1	7.325	2.15
33.2	7.325	2.15
33.3	7.325	2.15
33.4	7.325	2.15
33.5	7.325	2.15
33.6	7.325	2.15
33.7	7.325	2.15
33.8	7.325	2.15
33.9	7.325	2.15
34	7.325	2.15
34.1	7.325	2.15
34.2	7.325	2.15
34.3	7.325	2.15
34.4	7.325	2.15
34.5	7.325	2.15
34.6	7.325	2.15
34.7	7.325	2.15
34.8	7.325	2.15
34.9	7.325	2.15
35	7.325	2.15
35.1	7.325	2.15
35.2	7.325	2.15
35.3	7.325	2.15
35.4	7.325	2.15
35.5	7.325	2.15
35.6	7.325	2.15
35.7	7.325	2.15
35.8	7.325	2.15
35.9	7.325	2.15
36	7.325	2.149
36.1	7.325	2.149
36.2	7.325	2.15
36.3	7.325	2.15
36.4	7.325	2.15
36.5	7.325	2.15
36.6	7.325	2.15
36.7	7.325	2.15
36.8	7.325	2.15
36.9	7.325	2.15
37	7.325	2.15
37.1	7.325	2.15
37.2	7.325	2.15
37.3	7.325	2.15
37.4	7.325	2.15
37.5	7.325	2.15
37.6	7.325	2.15
37.7	7.325	2.15
37.8	7.325	2.15
37.9	7.325	2.15
38	7.325	2.15
38.1	7.325	2.15
38.2	7.325	2.15
38.3	7.325	2.15
38.4	7.325	2.15
38.5	7.325	2.15
38.6	7.325	2.15
38.7	7.325	2.15
38.8	7.325	2.15
38.9	7.325	2.15
39	7.325	2.15
39.1	7.325	2.15
39.2	7.325	2.15
39.3	7.325	2.15
39.4	7.325	2.15
39.5	7.325	2.15
39.6	7.325	2.15
39.7	7.325	2.15
39.8	7.325	2.15
39.9	7.325	2.15
40	7.325	2.15
40.1	7.325	2.15
40.2	7.325	2.15
40.3	7.325	2.15
40.4	7.325	2.15
40.5	7.325	2.15
40.6	7.325	2.15
40.7	7.325	2.15
40.8	7.325	2.15
40.9	7.325	2.15
41	7.325	2.15
41.1	7.325	2.15
41.2	7.325	2.15
41.3	7.325	2.15
41.4	7.325	2.15
41.5	7.325	2.15
41.6	7.325	2.15
41.7	7.325	2.149
41.8	7.325	2.15
41.9	7.325	2.15
42	7.325	2.15
42.1	7.325	2.149
42.2	7.325	2.15
42.3	7.325	2.15
42.4	7.325	2.15
42.5	7.325	2.15
42.6	7.325	2.15
42.7	7.325	2.15
42.8	7.325	2.15
42.9	7.325	2.15
43	7.325	2.15
43.1	7.325	2.15
43.2	7.325	2.15
43.3	7.325	2.15
43.4	7.325	2.149
43.5	7.325	2.15
43.6	7.325	2.149
43.7	7.325	2.15
43.8	7.325	2.15
43.9	7.325	2.15
44	7.325	2.15
44.1	7.325	2.15
44.2	7.325	2.15
44.3	7.325	2.15
44.4	7.325	2.15
44.5	7.325	2.15
44.6	7.325	2.15
44.7	7.325	2.15
44.8	7.325	2.15
44.9	7.325	2.15
45	7.325	2.15
45.1	7.325	2.15
45.2	7.325	2.15
45.3	7.325	2.15
45.4	7.325	2.15
45.5	7.325	2.15
45.6	7.325	2.15
45.7	7.325	2.149
45.8	7.325	2.15
45.9	7.325	2.15
46	7.325	2.15
46.1	7.325	2.15
46.2	7.325	2.15
46.3	7.325	2.15
46.4	7.325	2.15
46.5	7.325	2.15
46.6	7.325	2.149
46.7	7.325	2.15
46.8	7.325	2.15
46.9	7.325	2.15
47	7.325	2.15
47.1	7.325	2.15
47.2	7.325	2.15
47.3	7.325	2.15
47.4	7.325	2.15
47.5	7.325	2.15
47.6	7.325	2.15
47.7	7.325	2.15
47.8	7.325	2.15
47.9	7.325	2.149
48	7.325	2.15
48.1	7.325	2.15
48.2	7.325	2.15
48.3	7.325	2.15
48.4	7.325	2.15
48.5	7.325	2.15
48.6	7.325	2.15
48.7	7.325	2.149
48.8	7.325	2.15
48.9	7.325	2.15
49	7.325	2.15
49.1	7.325	2.15
49.2	7.325	2.15
49.3	7.325	2.15
49.4	7.325	2.15
49.5	7.325	2.15
49.6	7.325	2.15
49.7	7.325	2.15
49.8	7.325	2.15
49.9	7.325	2.15
50	7.325	2.15
50.1	7.325	2.15
50.2	7.325	2.15
50.3	7.325	2.15
50.4	7.325	2.15
50.5	7.325	2.149
50.6	7.325	2.15
50.7	7.325	2.15
50.8	7.325	2.15
50.9	7.325	2.149
51	7.325	2.15
51.1	7.325	2.149
51.2	7.325	2.15
51.3	7.325	2.15
51.4	7.325	2.15
51.5	7.325	2.149
51.6	7.325	2.15
51.7	7.325	2.15
51.8	7.325	2.15
51.9	7.325	2.15
52	7.325	2.15
52.1	7.325	2.15
52.2	7.325	2.15
52.3	7.325	2.15
52.4	7.325	2.15
52.5	7.325	2.15
52.6	7.325	2.15
52.7	7.325	2.15
52.8	7.325	2.15
52.9	7.325	2.15
53	7.325	2.15
53.1	7.325	2.15
53.2	7.325	2.15
53.3	7.325	2.149
53.4	7.325	2.149
53.5	7.325	2.15
53.6	7.325	2.15
53.7	7.325	2.15
53.8	7.325	2.15
53.9	7.325	2.15
54	7.325	2.149
54.1	7.325	2.15
54.2	7.325	2.15
54.3	7.325	2.15
54.4	7.325	2.15
54.5	7.325	2.15
54.6	7.325	2.15
54.7	7.325	2.15
54.8	7.325	2.15
54.9	7.325	2.15
55	7.325	2.15
55.1	7.325	2.15
55.2	7.325	2.15
55.3	7.325	2.15
55.4	7.325	2.15
55.5	7.325	2.15
55.6	7.325	2.15
55.7	7.325	2.149
55.8	7.325	2.15
55.9	7.325	2.149
56	7.325	2.149
56.1	7.325	2.149
56.2	7.325	2.15
56.3	7.325	2.15
56.4	7.325	2.15
56.5	7.325	2.15
56.6	7.325	2.149
56.7	7.325	2.149
56.8	7.325	2.149
56.9	7.325	2.149
57	7.325	2.149
57.1	7.325	2.15
57.2	7.325	2.15
57.3	7.325	2.15
57.4	7.325	2.15
57.5	7.325	2.15
57.6	7.325	2.15
57.7	7.325	2.15
57.8	7.325	2.15
57.9	7.325	2.149
58	7.325	2.15
58.1	7.325	2.15
58.2	7.325	2.15
58.3	7.325	2.15
58.4	7.325	2.15
58.5	7.325	2.15
58.6	7.325	2.15
58.7	7.325	2.15
58.8	7.325	2.15
58.9	7.325	2.149
59	7.325	2.15
59.1	7.325	2.15
59.2	7.325	2.15
59.3	7.325	2.15
59.4	7.325	2.15
59.5	7.325	2.15
59.6	7.325	2.149
59.7	7.325	2.149
59.8	7.325	2.149
59.9	7.325	2.15
60	7.325	2.15
60.1	7.325	2.15
60.2	7.325	2.149
60.3	7.325	2.15
60.4	7.325	2.15
60.5	7.325	2.149
60.6	7.325	2.15
60.7	7.325	2.149
60.8	7.325	2.15
60.9	7.325	2.15
61	7.325	2.149
61.1	7.325	2.15
61.2	7.325	2.15
61.3	7.325	2.15
61.4	7.325	2.15
61.5	7.325	2.15
61.6	7.325	2.15
61.7	7.325	2.15
61.8	7.325	2.15
61.9	7.325	2.15
62	7.325	2.15
62.1	7.325	2.15
62.2	7.325	2.15
62.3	7.325	2.15
62.4	7.325	2.15
62.5	7.325	2.15
62.6	7.325	2.149
62.7	7.325	2.15
62.8	7.325	2.15
62.9	7.325	2.15
63	7.325	2.15
63.1	7.325	2.15
63.2	7.325	2.15
63.3	7.325	2.15
63.4	7.325	2.149
63.5	7.325	2.15
63.6	7.325	2.149
63.7	7.325	2.15
63.8	7.325	2.15
63.9	7.325	2.15
64	7.325	2.149
64.1	7.325	2.15
64.2	7.325	2.15
64.3	7.325	2.15
64.4	7.325	2.15
64.5	7.325	2.15
64.6	7.325	2.15
64.7	7.325	2.15
64.8	7.325	2.15
64.9	7.325	2.15
65	7.325	2.15
65.1	7.325	2.15
65.2	7.325	2.149
65.3	7.325	2.15
65.4	7.325	2.15
65.5	7.325	2.15
65.6	7.325	2.15
65.7	7.325	2.15
65.8	7.325	2.15
65.9	7.325	2.149
66	7.325	2.15
66.1	7.325	2.15
66.2	7.325	2.15
66.3	7.325	2.15
66.4	7.325	2.15
66.5	7.325	2.15
66.6	7.325	2.15
66.7	7.325	2.15
66.8	7.325	2.15
66.9	7.325	2.15
67	7.325	2.15
67.1	7.325	2.15
67.2	7.325	2.15
67.3	7.325	2.15
67.4	7.325	2.15
67.5	7.325	2.15
67.6	7.325	2.15
67.7	7.325	2.149
67.8	7.325	2.15
67.9	7.325	2.15
68	7.325	2.15
68.1	7.325	2.15
68.2	7.325	2.15
68.3	7.325	2.15
68.4	7.325	2.15
68.5	7.325	2.15
68.6	7.325	2.15
68.7	7.325	2.15
68.8	7.325	2.15
68.9	7.325	2.15
69	7.325	2.15
69.1	7.325	2.15
69.2	7.325	2.15
69.3	7.325	2.15
69.4	7.325	2.149
69.5	7.325	2.15
69.6	7.325	2.15
69.7	7.325	2.15
69.8	7.325	2.149
69.9	7.325	2.15
70	7.325	2.15
70.1	7.325	2.15
70.2	7.325	2.15
70.3	7.325	2.15
70.4	7.325	2.15
70.5	7.325	2.15
70.6	7.325	2.15
70.7	7.325	2.15
70.8	7.325	2.15
70.9	7.325	2.149
71	7.325	2.15
71.1	7.325	2.15
71.2	7.325	2.15
71.3	7.325	2.15
71.4	7.325	2.15
71.5	7.325	2.15
71.6	7.325	2.15
71.7	7.325	2.15
71.8	7.325	2.15
71.9	7.325	2.15
72	7.325	2.15
72.1	7.325	2.15
72.2	7.325	2.15
72.3	7.325	2.15
72.4	7.324	2.149
72.5	7.325	2.149
72.6	7.325	2.15
72.7	7.325	2.15
72.8	7.325	2.15
72.9	7.325	2.15
73	7.325	2.15
73.1	7.325	2.15
73.2	7.325	2.15
73.3	7.325	2.15
73.4	7.325	2.149
73.5	7.325	2.149
73.6	7.325	2.15
73.7	7.325	2.149
73.8	7.325	2.149
73.9	7.325	2.15
74	7.325	2.149
74.1	7.325	2.149
74.2	7.325	2.15
74.3	7.325	2.15
74.4	7.325	2.149
74.5	7.325	2.149
74.6	7.325	2.15
74.7	7.324	2.15
74.8	7.325	2.15
74.9	7.324	2.15
75	7.325	2.15
75.1	7.325	2.15
75.2	7.325	2.15
75.3	7.325	2.15
75.4	7.325	2.15
75.5	7.325	2.15
75.6	7.325	2.15
75.7	7.325	2.15
75.8	7.325	2.15
75.9	7.325	2.15
76	7.325	2.15
76.1	7.325	2.15
76.2	7.325	2.15
76.3	7.325	2.15
76.4	7.325	2.15
76.5	7.325	2.149
76.6	7.325	2.15
76.7	7.325	2.15
76.8	7.325	2.15
76.9	7.325	2.15
77	7.325	2.149
77.1	7.325	2.15
77.2	7.325	2.15
77.3	7.325	2.149
77.4	7.325	2.149
77.5	7.325	2.149
77.6	7.325	2.15
77.7	7.325	2.15
77.8	7.325	2.149
77.9	7.325	2.149
78	7.325	2.15
78.1	7.325	2.15
78.2	7.325	2.15
78.3	7.325	2.15
78.4	7.325	2.15
78.5	7.325	2.15
78.6	7.325	2.15
78.7	7.325	2.15
78.8	7.325	2.15
78.9	7.325	2.15
79	7.325	2.15
79.1	7.325	2.15
79.2	7.325	2.15
79.3	7.325	2.15
79.4	7.325	2.15
79.5	7.325	2.149
79.6	7.325	2.15
79.7	7.325	2.15
79.8	7.325	2.15
79.9	7.325	2.15
80	7.325	2.15
80.1	7.325	2.15
80.2	7.325	2.15
80.3	7.325	2.15
80.4	7.325	2.15
80.5	7.325	2.15
80.6	7.325	2.149
80.7	7.325	2.149
80.8	7.325	2.15
80.9	7.325	2.149
81	7.325	2.15
81.1	7.325	2.15
81.2	7.325	2.15
81.3	7.325	2.15
81.4	7.325	2.15
81.5	7.325	2.15
81.6	7.325	2.15
81.7	7.325	2.15
81.8	7.325	2.15
81.9	7.325	2.15
82	7.325	2.15
82.1	7.325	2.15
82.2	7.325	2.15
82.3	7.325	2.15
82.4	7.324	2.149
82.5	7.324	2.15
82.6	7.325	2.15
82.7	7.325	2.15
82.8	7.325	2.15
82.9	7.325	2.15
83	7.325	2.15
83.1	7.325	2.15
83.2	7.325	2.15
83.3	7.325	2.15
83.4	7.325	2.15
83.5	7.325	2.15
83.6	7.324	2.15
83.7	7.324	2.15
83.8	7.324	2.149
83.9	7.324	2.149
84	7.324	2.149
84.1	7.325	2.15
84.2	7.324	2.15
84.3	7.324	2.15
84.4	7.325	2.15
84.5	7.325	2.15
84.6	7.325	2.15
84.7	7.325	2.15
84.8	7.325	2.149
84.9	7.324	2.149
85	7.324	2.149
85.1	7.325	2.15
85.2	7.325	2.15
85.3	7.325	2.15
85.4	7.325	2.15
85.5	7.325	2.149
85.6	7.325	2.15
85.7	7.325	2.15
85.8	7.325	2.15
85.9	7.325	2.15
86	7.324	2.15
86.1	7.325	2.15
86.2	7.324	2.149
86.3	7.325	2.149
86.4	7.325	2.149
86.5	7.325	2.15
86.6	7.324	2.15
86.7	7.325	2.149
86.8	7.325	2.15
86.9	7.324	2.15
87	7.325	2.15
87.1	7.325	2.149
87.2	7.325	2.15
87.3	7.325	2.149
87.4	7.325	2.149
87.5	7.325	2.149
87.6	7.325	2.15
87.7	7.325	2.15
87.8	7.325	2.15
87.9	7.324	2.15
88	7.325	2.15
88.1	7.325	2.149
88.2	7.325	2.149
88.3	7.325	2.15
88.4	7.325	2.149
88.5	7.324	2.15
88.6	7.325	2.15
88.7	7.325	2.15
88.8	7.325	2.15
88.9	7.324	2.15
89	7.324	2.15
89.1	7.325	2.15
89.2	7.325	2.149
89.3	7.325	2.15
89.4	7.324	2.15
89.5	7.325	2.15
89.6	7.325	2.15
89.7	7.325	2.15
89.8	7.325	2.15
89.9	7.324	2.149
90	7.325	2.15
90.1	7.324	2.15
90.2	7.324	2.149
90.3	7.324	2.15
90.4	7.324	2.15
90.5	7.324	2.15
90.6	7.325	2.15
90.7	7.325	2.15
90.8	7.325	2.149
90.9	7.325	2.15
91	7.325	2.149
91.1	7.325	2.15
91.2	7.325	2.15
91.3	7.325	2.15
91.4	7.325	2.15
91.5	7.325	2.149
91.6	7.324	2.15
91.7	7.324	2.149
91.8	7.325	2.149
91.9	7.325	2.15
92	7.325	2.15
92.1	7.325	2.15
92.2	7.325	2.15
92.3	7.324	2.15
92.4	7.324	2.15
92.5	7.324	2.15
92.6	7.325	2.15
92.7	7.325	2.15
92.8	7.325	2.15
92.9	7.324	2.15
93	7.324	2.149
93.1	7.324	2.149
93.2	7.324	2.149
93.3	7.325	2.15
93.4	7.325	2.15
93.5	7.325	2.15
93.6	7.325	2.15
93.7	7.325	2.149
93.8	7.324	2.15
93.9	7.324	2.15
94	7.325	2.149
94.1	7.325	2.15
94.2	7.325	2.15
94.3	7.325	2.15
94.4	7.325	2.15
94.5	7.325	2.15
94.6	7.325	2.149
94.7	7.325	2.149
94.8	7.325	2.149
94.9	7.325	2.149
95	7.325	2.149
95.1	7.325	2.149
95.2	7.324	2.149
95.3	7.324	2.149
95.4	7.325	2.149
95.5	7.325	2.15
95.6	7.325	2.15
95.7	7.325	2.15
95.8	7.325	2.15
95.9	7.325	2.149
96	7.324	2.15
96.1	7.325	2.149
96.2	7.325	2.15
96.3	7.325	2.149
96.4	7.325	2.15
96.5	7.325	2.15
96.6	7.325	2.15
96.7	7.324	2.149
96.8	7.325	2.149
96.9	7.324	2.149
97	7.324	2.149
97.1	7.324	2.15
97.2	7.325	2.15
97.3	7.324	2.15
97.4	7.324	2.149
97.5	7.324	2.149
97.6	7.324	2.15
97.7	7.324	2.15
97.8	7.325	2.15
97.9	7.325	2.15
98	7.324	2.149
98.1	7.325	2.15
98.2	7.324	2.15
98.3	7.325	2.15
98.4	7.324	2.149
98.5	7.324	2.149
98.6	7.324	2.15
98.7	7.325	2.15
98.8	7.325	2.15
98.9	7.324	2.149
99	7.324	2.15
99.1	7.325	2.15
99.2	7.325	2.15
99.3	7.325	2.15
99.4	7.325	2.15
99.5	7.324	2.149
99.6	7.324	2.15
99.7	7.324	2.15
99.8	7.324	2.15
99.9	7.324	2.149
100	7.324	2.149
100.1	7.325	2.15
100.2	7.324	2.15
100.3	7.324	2.15
100.4	7.324	2.15
100.5	7.324	2.149
100.6	7.324	2.15
100.7	7.324	2.15
100.8	7.324	2.15
100.9	7.324	2.15
101	7.324	2.149
101.1	7.324	2.149
101.2	7.324	2.15
101.3	7.324	2.149
101.4	7.324	2.149
101.5	7.324	2.149
101.6	7.324	2.149
101.7	7.324	2.149
101.8	7.324	2.15
101.9	7.324	2.15
102	7.324	2.15
102.1	7.324	2.149
102.2	7.324	2.149
102.3	7.324	2.149
102.4	7.324	2.149
102.5	7.324	2.15
102.6	7.324	2.15
102.7	7.324	2.149
102.8	7.324	2.15
102.9	7.325	2.15
103	7.324	2.15
103.1	7.324	2.15
103.2	7.325	2.15
103.3	7.324	2.149
103.4	7.324	2.149
103.5	7.324	2.149
103.6	7.324	2.149
103.7	7.324	2.15
103.8	7.324	2.149
103.9	7.324	2.149
104	7.324	2.149
104.1	7.324	2.15
104.2	7.324	2.149
104.3	7.324	2.15
104.4	7.324	2.149
104.5	7.324	2.15
104.6	7.325	2.15
104.7	7.325	2.15
104.8	7.325	2.15
104.9	7.324	2.15
105	7.324	2.149
105.1	7.324	2.149
105.2	7.324	2.149
105.3	7.324	2.149
105.4	7.324	2.15
105.5	7.324	2.15
105.6	7.324	2.15
105.7	7.324	2.15
105.8	7.324	2.15
105.9	7.324	2.149
106	7.324	2.149
106.1	7.324	2.15
106.2	7.324	2.149
106.3	7.325	2.15
106.4	7.324	2.149
106.5	7.324	2.149
106.6	7.324	2.15
106.7	7.324	2.15
106.8	7.324	2.15
106.9	7.324	2.149
107	7.324	2.149
107.1	7.325	2.15
107.2	7.324	2.149
107.3	7.324	2.149
107.4	7.324	2.15
107.5	7.324	2.149
107.6	7.324	2.15
107.7	7.324	2.149
107.8	7.324	2.149
107.9	7.324	2.15
108	7.324	2.149
108.1	7.324	2.149
108.2	7.324	2.149
108.3	7.324	2.15
108.4	7.324	2.15
108.5	7.324	2.149
108.6	7.324	2.15
108.7	7.324	2.149
108.8	7.324	2.15
108.9	7.324	2.149
109	7.324	2.149
109.1	7.324	2.149
109.2	7.324	2.149
109.3	7.324	2.15
109.4	7.324	2.149
109.5	7.324	2.15
109.6	7.324	2.15
109.7	7.324	2.15
109.8	7.324	2.15
109.9	7.324	2.15
110	7.324	2.15
110.1	7.324	2.15
110.2	7.324	2.149
110.3	7.324	2.15
110.4	7.324	2.149
110.5	7.324	2.15
110.6	7.324	2.15
110.7	7.324	2.149
110.8	7.324	2.149
110.9	7.324	2.15
111	7.324	2.15
111.1	7.324	2.15
111.2	7.324	2.149
111.3	7.324	2.149
111.4	7.324	2.15
111.5	7.324	2.149
111.6	7.324	2.149
111.7	7.325	2.15
111.8	7.324	2.149
111.9	7.324	2.149
112	7.324	2.15
112.1	7.324	2.149
112.2	7.324	2.149
112.3	7.324	2.15
112.4	7.324	2.149
112.5	7.324	2.149
112.6	7.324	2.149
112.7	7.324	2.149
112.8	7.324	2.15
112.9	7.324	2.15
113	7.324	2.149
113.1	7.324	2.149
113.2	7.324	2.15
113.3	7.324	2.15
113.4	7.324	2.149
113.5	7.324	2.149
113.6	7.324	2.15
113.7	7.324	2.149
113.8	7.324	2.15
113.9	7.324	2.15
114	7.324	2.149
114.1	7.324	2.15
114.2	7.324	2.149
114.3	7.324	2.15
114.4	7.324	2.149
114.5	7.324	2.149
114.6	7.324	2.149
114.7	7.324	2.149
114.8	7.324	2.149
114.9	7.324	2.149
115	7.324	2.149
115.1	7.324	2.149
115.2	7.324	2.15
115.3	7.324	2.149
115.4	7.324	2.149
115.5	7.324	2.15
115.6	7.324	2.149
115.7	7.324	2.149
115.8	7.324	2.149
115.9	7.324	2.149
116	7.324	2.149
116.1	7.324	2.15
116.2	7.324	2.15
116.3	7.324	2.15
116.4	7.324	2.149
116.5	7.324	2.149
116.6	7.324	2.15
116.7	7.324	2.149
116.8	7.324	2.149
116.9	7.324	2.149
117	7.324	2.15
117.1	7.324	2.149
117.2	7.324	2.15
117.3	7.324	2.149
117.4	7.324	2.15
117.5	7.324	2.149
117.6	7.324	2.149
117.7	7.324	2.149
117.8	7.324	2.149
117.9	7.324	2.15
118	7.324	2.149
118.1	7.324	2.15
118.2	7.324	2.149
118.3	7.324	2.149
118.4	7.324	2.149
118.5	7.324	2.15
118.6	7.324	2.15
118.7	7.324	2.149
118.8	7.324	2.149
118.9	7.324	2.15
119	7.324	2.15
119.1	7.324	2.15
119.2	7.324	2.149
119.3	7.324	2.149
119.4	7.324	2.149
119.5	7.324	2.149
119.6	7.324	2.149
119.7	7.324	2.149
119.8	7.324	2.149
119.9	7.324	2.149
120	7.324	2.149
120.1	7.324	2.149
120.2	7.324	2.15
120.3	7.324	2.149
120.4	7.324	2.149
120.5	7.324	2.15
120.6	7.324	2.149
120.7	7.324	2.149
120.8	7.324	2.15
120.9	7.324	2.15
121	7.324	2.149
121.1	7.324	2.149
121.2	7.324	2.149
121.3	7.324	2.149
121.4	7.324	2.15
121.5	7.324	2.15
121.6	7.324	2.15
121.7	7.324	2.15
121.8	7.324	2.15
121.9	7.324	2.15
122	7.324	2.15
122.1	7.324	2.15
122.2	7.324	2.15
122.3	7.324	2.149
122.4	7.324	2.149
122.5	7.324	2.149
122.6	7.324	2.15
122.7	7.324	2.149
122.8	7.324	2.149
122.9	7.324	2.149
123	7.324	2.149
123.1	7.324	2.15
123.2	7.324	2.149
123.3	7.324	2.149
123.4	7.324	2.149
123.5	7.324	2.149
123.6	7.324	2.149
123.7	7.324	2.149
123.8	7.324	2.149
123.9	7.324	2.149
124	7.324	2.15
124.1	7.324	2.15
124.2	7.324	2.149
124.3	7.324	2.149
124.4	7.324	2.149
124.5	7.324	2.15
124.6	7.324	2.15
124.7	7.324	2.149
124.8	7.324	2.149
124.9	7.324	2.149
125	7.324	2.149
125.1	7.324	2.15
125.2	7.324	2.149
125.3	7.324	2.149
125.4	7.324	2.149
125.5	7.324	2.149
125.6	7.324	2.149
125.7	7.324	2.149
125.8	7.324	2.149
125.9	7.324	2.149
126	7.324	2.149
126.1	7.324	2.149
126.2	7.324	2.15
126.3	7.324	2.15
126.4	7.324	2.149
126.5	7.324	2.149
126.6	7.324	2.15
126.7	7.324	2.15
126.8	7.324	2.149
126.9	7.324	2.149
127	7.324	2.149
127.1	7.324	2.149
127.2	7.324	2.149
127.3	7.324	2.149
127.4	7.324	2.149
127.5	7.324	2.15
127.6	7.324	2.15
127.7	7.324	2.149
127.8	7.324	2.149
127.9	7.324	2.149
128	7.324	2.149
128.1	7.324	2.149
128.2	7.324	2.149
128.3	7.324	2.15
128.4	7.324	2.15
128.5	7.324	2.149
128.6	7.324	2.149
128.7	7.324	2.149
128.8	7.324	2.149
128.9	7.324	2.149
129	7.324	2.15
129.1	7.324	2.149
129.2	7.324	2.15
129.3	7.324	2.15
129.4	7.324	2.15
129.5	7.324	2.149
129.6	7.324	2.149
129.7	7.324	2.149
129.8	7.324	2.149
129.9	7.324	2.149
130	7.324	2.149
130.1	7.324	2.149
130.2	7.324	2.149
130.3	7.324	2.15
130.4	7.324	2.149
130.5	7.324	2.15
130.6	7.324	2.15
130.7	7.324	2.149
130.8	7.324	2.149
130.9	7.324	2.149
131	7.324	2.149
131.1	7.324	2.149
131.2	7.324	2.149
131.3	7.324	2.149
131.4	7.324	2.15
131.5	7.324	2.149
131.6	7.324	2.149
131.7	7.324	2.149
131.8	7.324	2.149
131.9	7.324	2.149
132	7.324	2.15
132.1	7.324	2.15
132.2	7.324	2.149
132.3	7.324	2.149
132.4	7.324	2.149
132.5	7.324	2.149
132.6	7.324	2.15
132.7	7.324	2.149
132.8	7.324	2.149
132.9	7.324	2.149
133	7.324	2.149
133.1	7.324	2.15
133.2	7.324	2.149
133.3	7.324	2.149
133.4	7.324	2.15
133.5	7.324	2.149
133.6	7.324	2.149
133.7	7.324	2.149
133.8	7.324	2.15
133.9	7.324	2.15
134	7.324	2.15
134.1	7.324	2.149
134.2	7.324	2.149
134.3	7.324	2.149
134.4	7.324	2.15
134.5	7.324	2.149
134.6	7.324	2.149
134.7	7.324	2.149
134.8	7.324	2.149
134.9	7.324	2.15
135	7.324	2.15
135.1	7.324	2.15
135.2	7.324	2.149
135.3	7.324	2.149
135.4	7.324	2.149
135.5	7.324	2.149
135.6	7.324	2.149
135.7	7.324	2.15
135.8	7.324	2.149
135.9	7.324	2.149
136	7.324	2.149
136.1	7.324	2.149
136.2	7.324	2.149
136.3	7.324	2.149
136.4	7.324	2.149
136.5	7.324	2.149
136.6	7.324	2.149
136.7	7.324	2.149
136.8	7.324	2.149
136.9	7.324	2.149
137	7.324	2.149
137.1	7.324	2.149
137.2	7.324	2.15
137.3	7.324	2.149
137.4	7.324	2.149
137.5	7.324	2.149
137.6	7.324	2.149
137.7	7.324	2.149
137.8	7.324	2.149
137.9	7.324	2.149
138	7.324	2.149
138.1	7.324	2.149
138.2	7.324	2.149
138.3	7.324	2.15
138.4	7.324	2.15
138.5	7.324	2.15
138.6	7.324	2.149
138.7	7.324	2.149
138.8	7.324	2.149
138.9	7.324	2.149
139	7.324	2.149
139.1	7.324	2.149
139.2	7.324	2.149
139.3	7.324	2.149
139.4	7.324	2.149
139.5	7.324	2.149
139.6	7.324	2.149
139.7	7.324	2.149
139.8	7.324	2.149
139.9	7.324	2.149
140	7.324	2.149
140.1	7.324	2.15
140.2	7.324	2.149
140.3	7.324	2.149
140.4	7.324	2.149
140.5	7.324	2.149
140.6	7.324	2.149
140.7	7.324	2.149
140.8	7.324	2.149
140.9	7.324	2.149
141	7.324	2.149
141.1	7.324	2.149
141.2	7.324	2.149
141.3	7.324	2.149
141.4	7.324	2.149
141.5	7.324	2.149
141.6	7.324	2.149
141.7	7.324	2.149
141.8	7.324	2.15
141.9	7.324	2.149
142	7.324	2.15
142.1	7.324	2.149
142.2	7.324	2.149
142.3	7.324	2.149
142.4	7.324	2.149
142.5	7.324	2.149
142.6	7.324	2.149
142.7	7.324	2.149
142.8	7.324	2.149
142.9	7.324	2.149
143	7.324	2.149
143.1	7.324	2.149
143.2	7.324	2.149
143.3	7.324	2.149
143.4	7.324	2.149
143.5	7.324	2.149
143.6	7.324	2.149
143.7	7.324	2.149
143.8	7.324	2.15
143.9	7.324	2.15
144	7.324	2.15
144.1	7.324	2.15
144.2	7.324	2.149
144.3	7.324	2.149
144.4	7.324	2.149
144.5	7.324	2.15
144.6	7.324	2.15
144.7	7.324	2.149
144.8	7.324	2.149
144.9	7.324	2.149
145	7.324	2.149
145.1	7.324	2.149
145.2	7.324	2.15
145.3	7.324	2.149
145.4	7.324	2.15
145.5	7.324	2.149
145.6	7.324	2.149
145.7	7.324	2.149
145.8	7.324	2.149
145.9	7.324	2.149
146	7.324	2.149
146.1	7.324	2.15
146.2	7.324	2.149
146.3	7.324	2.149
146.4	7.324	2.149
146.5	7.324	2.149
146.6	7.324	2.149
146.7	7.324	2.149
146.8	7.324	2.149
146.9	7.324	2.149
147	7.324	2.15
147.1	7.324	2.149
147.2	7.324	2.149
147.3	7.324	2.149
147.4	7.324	2.149
147.5	7.324	2.149
147.6	7.324	2.149
147.7	7.324	2.149
147.8	7.324	2.149
147.9	7.324	2.149
148	7.324	2.149
148.1	7.324	2.149
148.2	7.324	2.149
148.3	7.324	2.149
148.4	7.324	2.149
148.5	7.324	2.149
148.6	7.324	2.149
148.7	7.324	2.149
148.8	7.324	2.149
148.9	7.324	2.149
149	7.324	2.15
149.1	7.324	2.15
149.2	7.324	2.149
149.3	7.324	2.149
149.4	7.324	2.149
149.5	7.324	2.149
149.6	7.324	2.15
149.7	7.324	2.149
149.8	7.324	2.15
149.9	7.324	2.149
150	7.324	2.149
150.1	7.324	2.149
150.2	7.324	2.149
150.3	7.324	2.149
150.4	7.324	2.149
150.5	7.324	2.149
150.6	7.324	2.149
150.7	7.324	2.149
150.8	7.324	2.149
150.9	7.324	2.149
151	7.324	2.149
151.1	7.324	2.149
151.2	7.324	2.149
151.3	7.324	2.149
151.4	7.324	2.149
151.5	7.324	2.149
151.6	7.324	2.15
151.7	7.324	2.149
151.8	7.324	2.149
151.9	7.324	2.149
152	7.324	2.149
152.1	7.324	2.149
152.2	7.324	2.149
152.3	7.324	2.15
152.4	7.324	2.149
152.5	7.324	2.149
152.6	7.324	2.149
152.7	7.324	2.149
152.8	7.324	2.149
152.9	7.324	2.149
153	7.324	2.149
153.1	7.324	2.149
153.2	7.324	2.149
153.3	7.324	2.149
153.4	7.324	2.149
153.5	7.324	2.149
153.6	7.324	2.149
153.7	7.324	2.149
153.8	7.324	2.149
153.9	7.324	2.149
154	7.324	2.149
154.1	7.324	2.149
154.2	7.324	2.149
154.3	7.324	2.149
154.4	7.324	2.149
154.5	7.324	2.149
154.6	7.324	2.149
154.7	7.324	2.149
154.8	7.324	2.149
154.9	7.324	2.149
155	7.324	2.149
155.1	7.324	2.149
155.2	7.324	2.149
155.3	7.324	2.149
155.4	7.324	2.149
155.5	7.324	2.149
155.6	7.324	2.149
155.7	7.324	2.149
155.8	7.324	2.149
155.9	7.324	2.149
156	7.324	2.149
156.1	7.324	2.149
156.2	7.324	2.149
156.3	7.324	2.149
156.4	7.324	2.149
156.5	7.324	2.149
156.6	7.324	2.149
156.7	7.324	2.149
156.8	7.324	2.149
156.9	7.324	2.149
157	7.324	2.149
157.1	7.324	2.149
157.2	7.324	2.149
157.3	7.324	2.149
157.4	7.324	2.149
157.5	7.324	2.149
157.6	7.324	2.149
157.7	7.324	2.149
157.8	7.324	2.149
157.9	7.324	2.149
158	7.324	2.149
158.1	7.324	2.149
158.2	7.324	2.149
158.3	7.324	2.149
158.4	7.324	2.149
158.5	7.324	2.149
158.6	7.324	2.149
158.7	7.324	2.149
158.8	7.324	2.149
158.9	7.324	2.149
159	7.324	2.149
159.1	7.324	2.149
159.2	7.324	2.149
159.3	7.324	2.149
159.4	7.324	2.149
159.5	7.324	2.149
159.6	7.324	2.149
159.7	7.324	2.149
159.8	7.324	2.149
159.9	7.324	2.149
160	7.324	2.149
160.1	7.324	2.149
160.2	7.324	2.149
160.3	7.324	2.149
160.4	7.324	2.149
160.5	7.324	2.15
160.6	7.324	2.15
160.7	7.324	2.149
160.8	7.324	2.149
160.9	7.324	2.149
161	7.324	2.149
161.1	7.324	2.149
161.2	7.324	2.149
161.3	7.324	2.149
161.4	7.324	2.149
161.5	7.324	2.149
161.6	7.324	2.149
161.7	7.324	2.149
161.8	7.324	2.149
161.9	7.324	2.149
162	7.324	2.149
162.1	7.324	2.149
162.2	7.324	2.149
162.3	7.324	2.149
162.4	7.324	2.15
162.5	7.324	2.15
162.6	7.324	2.149
162.7	7.324	2.149
162.8	7.324	2.149
162.9	7.324	2.149
163	7.324	2.149
163.1	7.324	2.149
163.2	7.324	2.15
163.3	7.324	2.149
163.4	7.324	2.149
163.5	7.324	2.149
163.6	7.324	2.149
163.7	7.324	2.149
163.8	7.324	2.15
163.9	7.324	2.149
164	7.324	2.149
164.1	7.324	2.149
164.2	7.324	2.149
164.3	7.324	2.149
164.4	7.324	2.149
164.5	7.324	2.149
164.6	7.324	2.149
164.7	7.324	2.149
164.8	7.324	2.149
164.9	7.324	2.149
165	7.324	2.149
165.1	7.324	2.149
165.2	7.324	2.149
165.3	7.324	2.149
165.4	7.324	2.15
165.5	7.324	2.15
165.6	7.324	2.15
165.7	7.324	2.149
165.8	7.324	2.149
165.9	7.324	2.149
166	7.324	2.149
166.1	7.324	2.149
166.2	7.324	2.149
166.3	7.324	2.149
166.4	7.324	2.149
166.5	7.324	2.149
166.6	7.324	2.149
166.7	7.324	2.149
166.8	7.324	2.149
166.9	7.324	2.149
167	7.324	2.149
167.1	7.324	2.149
167.2	7.323	2.151
167.3	7.321	2.157
167.4	7.281	2.168
167.5	7.205	2.186
167.6	7.124	2.219
167.7	7.06	2.256
167.8	7.014	2.31
167.9	6.981	2.36
168	6.955	2.417
168.1	6.936	2.488
168.2	6.925	2.581
168.3	6.928	2.686
168.4	6.914	2.787
168.5	6.931	2.906
168.6	6.954	3.034
168.7	6.983	3.154
168.8	7.012	3.251
168.9	7.034	3.334
169	7.048	3.416
169.1	7.044	3.497
169.2	7.032	3.577
169.3	7.017	3.658
169.4	7.008	3.739
169.5	7.013	3.804
169.6	7.023	3.872
169.7	7.018	3.952
169.8	7.033	4.017
169.9	7.079	4.055
170	7.139	4.096
170.1	7.184	4.142
170.2	7.201	4.189
170.3	7.208	4.236
170.4	7.216	4.273
170.5	7.219	4.308
170.6	7.224	4.346
170.7	7.236	4.382
170.8	7.255	4.418
170.9	7.279	4.451
171	7.298	4.484
171.1	7.316	4.523
171.2	7.333	4.555
171.3	7.353	4.579
171.4	7.365	4.605
171.5	7.374	4.619
171.6	7.379	4.631
171.7	7.386	4.637
171.8	7.399	4.642
171.9	7.416	4.645
172	7.432	4.647
172.1	7.441	4.648
172.2	7.447	4.653
172.3	7.454	4.658
172.4	7.462	4.662
172.5	7.465	4.664
172.6	7.467	4.663
172.7	7.475	4.666
172.8	7.482	4.669
172.9	7.485	4.671
173	7.486	4.673
173.1	7.487	4.674
173.2	7.485	4.675
173.3	7.485	4.675
173.4	7.488	4.676
173.5	7.492	4.678
173.6	7.495	4.679
173.7	7.496	4.678
173.8	7.495	4.678
173.9	7.492	4.676
174	7.489	4.673
174.1	7.486	4.671
174.2	7.486	4.669
174.3	7.487	4.668
174.4	7.488	4.667
174.5	7.5	4.677
174.6	7.499	4.677
174.7	7.497	4.675
174.8	7.496	4.674
174.9	7.494	4.673
175	7.492	4.673
175.1	7.488	4.675
175.2	7.485	4.677
175.3	7.485	4.677
175.4	7.487	4.677
175.5	7.488	4.679
175.6	7.486	4.681
175.7	7.483	4.682
175.8	7.485	4.68
175.9	7.495	4.682
176	7.496	4.68
176.1	7.496	4.682
176.2	7.495	4.683
176.3	7.492	4.686
176.4	7.493	4.688
176.5	7.495	4.689
176.6	7.495	4.69
176.7	7.498	4.696
176.8	7.495	4.698
176.9	7.495	4.7
177	7.496	4.701
177.1	7.498	4.703
177.2	7.497	4.703
177.3	7.495	4.704
177.4	7.493	4.704
177.5	7.491	4.704
177.6	7.49	4.704
177.7	7.487	4.705
177.8	7.486	4.705
177.9	7.487	4.704
178	7.487	4.704
178.1	7.487	4.706
178.2	7.488	4.707
178.3	7.487	4.707
178.4	7.485	4.708
178.5	7.484	4.708
178.6	7.484	4.708
178.7	7.484	4.709
178.8	7.483	4.709
178.9	7.482	4.707
179	7.477	4.706
179.1	7.477	4.707
179.2	7.477	4.71
179.3	7.479	4.711
179.4	7.48	4.712
179.5	7.479	4.712
179.6	7.478	4.711
179.7	7.476	4.708
179.8	7.475	4.706
179.9	7.475	4.706
180	7.475	4.707
180.1	7.475	4.709
180.2	7.474	4.711
180.3	7.474	4.713
180.4	7.476	4.716
180.5	7.478	4.721
180.6	7.48	4.725
180.7	7.481	4.728
180.8	7.483	4.73
180.9	7.486	4.732
181	7.489	4.736
181.1	7.493	4.743
181.2	7.494	4.75
181.3	7.495	4.756
181.4	7.495	4.76
181.5	7.494	4.761
181.6	7.495	4.761
181.7	7.495	4.762
181.8	7.495	4.762
181.9	7.493	4.756
182	7.49	4.745
182.1	7.488	4.735
182.2	7.486	4.727
182.3	7.484	4.719
182.4	7.483	4.709
182.5	7.483	4.699
182.6	7.485	4.69
182.7	7.486	4.682
182.8	7.487	4.673
182.9	7.49	4.663
183	7.495	4.654
183.1	7.499	4.649
183.2	7.501	4.646
183.3	7.513	4.652
183.4	7.515	4.65
183.5	7.52	4.651
183.6	7.523	4.651
183.7	7.525	4.651
183.8	7.527	4.651
183.9	7.527	4.651
184	7.527	4.65
184.1	7.527	4.65
184.2	7.524	4.651
184.3	7.518	4.653
184.4	7.509	4.659
184.5	7.499	4.667
184.6	7.49	4.676
184.7	7.482	4.686
184.8	7.475	4.694
184.9	7.469	4.7
185	7.467	4.702
185.1	7.466	4.703
185.2	7.466	4.702
185.3	7.468	4.702
185.4	7.469	4.7
185.5	7.472	4.698
185.6	7.476	4.697
185.7	7.479	4.698
185.8	7.481	4.698
185.9	7.483	4.699
186	7.484	4.699
186.1	7.484	4.699
186.2	7.484	4.699
186.3	7.485	4.7
186.4	7.485	4.699
186.5	7.485	4.7
186.6	7.485	4.701
186.7	7.483	4.702
186.8	7.48	4.702
186.9	7.478	4.704
187	7.477	4.705
187.1	7.475	4.706
187.2	7.475	4.706
187.3	7.475	4.706
187.4	7.475	4.707
187.5	7.475	4.708
187.6	7.475	4.71
187.7	7.476	4.711
187.8	7.476	4.712
187.9	7.477	4.713
188	7.478	4.713
188.1	7.478	4.713
188.2	7.477	4.713
188.3	7.476	4.713
188.4	7.476	4.713
188.5	7.476	4.713
188.6	7.477	4.712
188.7	7.478	4.711
188.8	7.479	4.712
188.9	7.481	4.713
189	7.481	4.713
189.1	7.481	4.713
189.2	7.48	4.713
189.3	7.479	4.713
189.4	7.477	4.713
189.5	7.476	4.713
189.6	7.475	4.713
189.7	7.475	4.712
189.8	7.476	4.713
189.9	7.477	4.713
190	7.475	4.712
190.1	7.475	4.712
190.2	7.476	4.712
190.3	7.476	4.712
190.4	7.477	4.712
190.5	7.478	4.713
190.6	7.479	4.714
190.7	7.478	4.714
190.8	7.477	4.714
190.9	7.476	4.713
191	7.475	4.713
191.1	7.474	4.713
191.2	7.472	4.712
191.3	7.472	4.713
191.4	7.471	4.713
191.5	7.472	4.713
191.6	7.472	4.714
191.7	7.473	4.714
191.8	7.474	4.715
191.9	7.475	4.716
192	7.475	4.717
192.1	7.475	4.717
192.2	7.474	4.718
192.3	7.474	4.718
192.4	7.474	4.718
192.5	7.474	4.718
192.6	7.474	4.717
192.7	7.475	4.716
192.8	7.476	4.716
192.9	7.477	4.716
193	7.476	4.715
193.1	7.476	4.713
193.2	7.476	4.711
193.3	7.475	4.708
193.4	7.474	4.703
193.5	7.473	4.698
193.6	7.471	4.691
193.7	7.468	4.678
193.8	7.467	4.662
193.9	7.466	4.643
194	7.466	4.625
194.1	7.465	4.606
194.2	7.464	4.59
194.3	7.463	4.576
194.4	7.461	4.564
194.5	7.457	4.557
194.6	7.446	4.553
194.7	7.428	4.549
194.8	7.404	4.547
194.9	7.372	4.544
195	7.336	4.54
195.1	7.298	4.535
195.2	7.259	4.528
195.3	7.222	4.52
195.4	7.192	4.511
195.5	7.162	4.495
195.6	7.131	4.473
195.7	7.1	4.442
195.8	7.067	4.403
195.9	7.034	4.358
196	7	4.315
196.1	6.97	4.279
196.2	6.938	4.252
196.3	6.904	4.233
196.4	6.868	4.22
196.5	6.826	4.212
196.6	6.781	4.212
196.7	6.732	4.219
196.8	6.68	4.232
196.9	6.628	4.247
197	6.573	4.26
197.1	6.522	4.267
197.2	6.471	4.267
197.3	6.418	4.261
197.4	6.362	4.246
197.5	6.305	4.225
197.6	6.249	4.203
197.7	6.196	4.179
197.8	6.144	4.16
197.9	6.092	4.152
198	6.04	4.148
198.1	5.989	4.146
198.2	5.941	4.148
198.3	5.899	4.154
198.4	5.859	4.161
198.5	5.823	4.169
198.6	5.79	4.175
198.7	5.764	4.178
198.8	5.736	4.175
198.9	5.703	4.158
199	5.675	4.139
199.1	5.657	4.119
199.2	5.643	4.105
199.3	5.632	4.099
199.4	5.628	4.099
199.5	5.626	4.1
199.6	5.626	4.101
199.7	5.626	4.1
199.8	5.629	4.1
199.9	5.632	4.099
200	5.634	4.099
200.1	5.634	4.099
200.2	5.634	4.1
200.3	5.632	4.1
200.4	5.631	4.099
200.5	5.631	4.099
200.6	5.631	4.1
200.7	5.63	4.101
200.8	5.628	4.102
200.9	5.625	4.105
201	5.621	4.108
201.1	5.619	4.11
201.2	5.616	4.11
201.3	5.613	4.112
201.4	5.608	4.113
201.5	5.601	4.112
201.6	5.591	4.104
201.7	5.574	4.087
201.8	5.556	4.064
201.9	5.537	4.036
202	5.517	4.013
202.1	5.496	3.995
202.2	5.467	3.975
202.3	5.433	3.957
202.4	5.395	3.94
202.5	5.352	3.926
202.6	5.304	3.91
202.7	5.255	3.888
202.8	5.221	3.866
202.9	5.196	3.844
203	5.172	3.818
203.1	5.149	3.787
203.2	5.131	3.75
203.3	5.122	3.713
203.4	5.116	3.676
203.5	5.11	3.643
203.6	5.101	3.617
203.7	5.09	3.588
203.8	5.073	3.555
203.9	5.053	3.525
204	5.03	3.495
204.1	5.002	3.466
204.2	4.971	3.438
204.3	4.946	3.412
204.4	4.928	3.391
204.5	4.917	3.373
204.6	4.912	3.352
204.7	4.911	3.327
204.8	4.913	3.294
204.9	4.917	3.259
205	4.925	3.221
205.1	4.936	3.181
205.2	4.947	3.145
205.3	4.955	3.112
205.4	4.957	3.081
205.5	4.955	3.047
205.6	4.949	3.009
205.7	4.937	2.968
205.8	4.919	2.927
205.9	4.898	2.891
206	4.875	2.859
206.1	4.85	2.835
206.2	4.829	2.816
206.3	4.813	2.801
206.4	4.802	2.788
206.5	4.795	2.776
206.6	4.794	2.77
206.7	4.797	2.766
206.8	4.8	2.765
206.9	4.804	2.766
207	4.81	2.771
207.1	4.819	2.776
207.2	4.828	2.777
207.3	4.835	2.773
207.4	4.841	2.762
207.5	4.843	2.742
207.6	4.844	2.714
207.7	4.843	2.682
207.8	4.842	2.649
207.9	4.842	2.619
208	4.842	2.592
208.1	4.838	2.569
208.2	4.828	2.546
208.3	4.813	2.518
208.4	4.804	2.49
208.5	4.803	2.468
208.6	4.81	2.447
208.7	4.823	2.423
208.8	4.84	2.398
208.9	4.861	2.373
209	4.88	2.349
209.1	4.894	2.327
209.2	4.903	2.307
209.3	4.907	2.288
209.4	4.911	2.27
209.5	4.913	2.252
209.6	4.914	2.235
209.7	4.909	2.217
209.8	4.903	2.198
209.9	4.896	2.179
210	4.888	2.165
210.1	4.878	2.153
210.2	4.867	2.142
210.3	4.856	2.132
210.4	4.845	2.124
210.5	4.837	2.119
210.6	4.832	2.119
210.7	4.828	2.121
210.8	4.827	2.125
210.9	4.827	2.129
211	4.827	2.13
211.1	4.827	2.133
211.2	4.824	2.138
211.3	4.818	2.148
211.4	4.81	2.157
211.5	4.801	2.163
211.6	4.792	2.166
211.7	4.785	2.167
211.8	4.777	2.165
211.9	4.776	2.161
212	4.784	2.153
212.1	4.799	2.142
212.2	4.819	2.125
212.3	4.837	2.103
212.4	4.85	2.083
212.5	4.861	2.07
212.6	4.874	2.064
212.7	4.888	2.055
212.8	4.903	2.049
212.9	4.921	2.054
213	4.939	2.061
213.1	4.955	2.067
213.2	4.971	2.075
213.3	4.989	2.088
213.4	5.006	2.1
213.5	5.02	2.107
213.6	5.034	2.114
213.7	5.045	2.122
213.8	5.053	2.13
213.9	5.055	2.137
214	5.052	2.138
214.1	5.043	2.135
214.2	5.033	2.129
214.3	5.021	2.124
214.4	5.008	2.117
214.5	4.995	2.108
214.6	4.981	2.098
214.7	4.965	2.084
214.8	4.944	2.067
214.9	4.922	2.054
215	4.902	2.047
215.1	4.885	2.044
215.2	4.871	2.043
215.3	4.856	2.048
215.4	4.845	2.057
215.5	4.842	2.067
215.6	4.844	2.076
215.7	4.849	2.083
215.8	4.855	2.091
215.9	4.863	2.095
216	4.87	2.097
216.1	4.875	2.101
216.2	4.878	2.105
216.3	4.881	2.107
216.4	4.882	2.11
216.5	4.883	2.112
216.6	4.884	2.112
216.7	4.887	2.108
216.8	4.889	2.105
216.9	4.891	2.101
217	4.894	2.099
217.1	4.897	2.098
217.2	4.9	2.097
217.3	4.903	2.095
217.4	4.905	2.093
217.5	4.906	2.09
217.6	4.905	2.089
217.7	4.905	2.087
217.8	4.906	2.083
217.9	4.909	2.079
218	4.912	2.076
218.1	4.916	2.073
218.2	4.92	2.073
218.3	4.924	2.073
218.4	4.928	2.074
218.5	4.932	2.074
218.6	4.936	2.073
218.7	4.941	2.069
218.8	4.945	2.062
218.9	4.949	2.055
219	4.949	2.047
219.1	4.946	2.038
219.2	4.94	2.027
219.3	4.93	2.013
219.4	4.92	1.995
219.5	4.911	1.974
219.6	4.905	1.954
219.7	4.906	1.939
219.8	4.917	1.93
219.9	4.935	1.934
220	4.956	1.95
220.1	4.974	1.97
220.2	4.989	1.992
220.3	5.002	2.013
220.4	5.012	2.036
220.5	5.018	2.059
220.6	5.019	2.083
220.7	5.014	2.108
220.8	4.999	2.125
220.9	4.982	2.134
221	4.967	2.135
221.1	4.958	2.137
221.2	4.953	2.138
221.3	4.951	2.14
221.4	4.953	2.142
221.5	4.96	2.145
221.6	4.976	2.148
221.7	4.998	2.146
221.8	5.02	2.136
221.9	5.03	2.114
222	5.026	2.087
222.1	5.012	2.059
222.2	4.99	2.034
222.3	4.964	2.013
222.4	4.94	1.994
222.5	4.918	1.981
222.6	4.901	1.976
222.7	4.892	1.973
222.8	4.891	1.976
222.9	4.894	1.982
223	4.899	1.991
223.1	4.904	2.004
223.2	4.907	2.023
223.3	4.908	2.042
223.4	4.907	2.062
223.5	4.905	2.085
223.6	4.905	2.11
223.7	4.905	2.137
223.8	4.906	2.165
223.9	4.91	2.194
224	4.915	2.221
224.1	4.922	2.249
224.2	4.93	2.268
224.3	4.936	2.278
224.4	4.94	2.278
224.5	4.942	2.271
224.6	4.945	2.259
224.7	4.947	2.249
224.8	4.95	2.236
224.9	4.953	2.224
225	4.955	2.215
225.1	4.957	2.209
225.2	4.964	2.207
225.3	4.974	2.209
225.4	4.985	2.217
225.5	4.996	2.228
225.6	5.006	2.24
225.7	5.013	2.252
225.8	5.02	2.262
225.9	5.024	2.27
226	5.028	2.276
226.1	5.031	2.281
226.2	5.034	2.283
226.3	5.035	2.284
226.4	5.035	2.284
226.5	5.033	2.283
226.6	5.03	2.281
226.7	5.028	2.278
226.8	5.025	2.274
226.9	5.023	2.27
227	5.022	2.266
227.1	5.023	2.262
227.2	5.026	2.259
227.3	5.029	2.257
227.4	5.031	2.254
227.5	5.032	2.253
227.6	5.033	2.253
227.7	5.033	2.255
227.8	5.033	2.258
227.9	5.035	2.264
228	5.037	2.271
228.1	5.039	2.279
228.2	5.04	2.287
228.3	5.042	2.293
228.4	5.041	2.297
228.5	5.039	2.299
228.6	5.037	2.3
228.7	5.035	2.3
228.8	5.035	2.299
228.9	5.034	2.298
229	5.034	2.296
229.1	5.035	2.295
229.2	5.036	2.293
229.3	5.036	2.291
229.4	5.036	2.29
229.5	5.035	2.289
229.6	5.035	2.288
229.7	5.036	2.288
229.8	5.037	2.288
229.9	5.038	2.289
230	5.041	2.291
230.1	5.044	2.293
230.2	5.047	2.295
230.3	5.05	2.297
230.4	5.054	2.299
230.5	5.057	2.302
230.6	5.062	2.305
230.7	5.066	2.311
230.8	5.071	2.316
230.9	5.077	2.321
231	5.086	2.325
231.1	5.096	2.333
231.2	5.107	2.344
231.3	5.119	2.354
231.4	5.129	2.361
231.5	5.134	2.365
231.6	5.134	2.367
231.7	5.133	2.367
231.8	5.13	2.367
231.9	5.125	2.367
232	5.122	2.366
232.1	5.119	2.364
232.2	5.117	2.362
232.3	5.114	2.36
232.4	5.111	2.357
232.5	5.108	2.354
232.6	5.105	2.35
232.7	5.103	2.347
232.8	5.1	2.344
232.9	5.096	2.341
233	5.092	2.338
233.1	5.088	2.334
233.2	5.087	2.332
233.3	5.086	2.332
233.4	5.086	2.331
233.5	5.085	2.329
233.6	5.082	2.326
233.7	5.075	2.318
233.8	5.067	2.304
233.9	5.063	2.291
234	5.062	2.285
234.1	5.061	2.287
234.2	5.062	2.293
234.3	5.064	2.302
234.4	5.066	2.312
234.5	5.07	2.323
234.6	5.078	2.336
234.7	5.089	2.345
234.8	5.098	2.348
234.9	5.105	2.35
235	5.111	2.35
235.1	5.116	2.351
235.2	5.12	2.352
235.3	5.123	2.353
235.4	5.126	2.354
235.5	5.127	2.356
235.6	5.127	2.36
235.7	5.128	2.366
235.8	5.128	2.371
235.9	5.127	2.373
236	5.128	2.373
236.1	5.13	2.373
236.2	5.131	2.374
236.3	5.132	2.374
236.4	5.132	2.375
236.5	5.135	2.375
236.6	5.137	2.376
236.7	5.141	2.376
236.8	5.144	2.376
236.9	5.15	2.378
237	5.157	2.38
237.1	5.167	2.382
237.2	5.182	2.382
237.3	5.195	2.379
237.4	5.202	2.373
237.5	5.208	2.367
237.6	5.211	2.361
237.7	5.211	2.356
237.8	5.209	2.353
237.9	5.206	2.353
238	5.203	2.353
238.1	5.198	2.345
238.2	5.191	2.327
238.3	5.181	2.306
238.4	5.168	2.286
238.5	5.158	2.271
238.6	5.15	2.262
238.7	5.14	2.257
238.8	5.125	2.256
238.9	5.106	2.257
239	5.089	2.258
239.1	5.073	2.258
239.2	5.059	2.258
239.3	5.049	2.257
239.4	5.043	2.256
239.5	5.038	2.255
239.6	5.034	2.253
239.7	5.031	2.251
239.8	5.031	2.25
239.9	5.03	2.249
240	5.028	2.248
240.1	5.025	2.247
240.2	5.024	2.246
240.3	5.023	2.246
240.4	5.022	2.246
240.5	5.02	2.246
240.6	5.017	2.244
240.7	5.012	2.24
240.8	5.009	2.235
240.9	5.008	2.231
241	5.01	2.228
241.1	5.012	2.226
241.2	5.014	2.225
241.3	5.018	2.228
241.4	5.022	2.229
241.5	5.026	2.232
241.6	5.031	2.237
241.7	5.033	2.243
241.8	5.033	2.245
241.9	5.029	2.242
242	5.022	2.234
242.1	5.015	2.223
242.2	5.01	2.211
242.3	5.005	2.202
