Time	Velocity
0	0
0.1	0.03
0.2	0.13
0.3	0.29
0.4	0.48
0.5	0.69
0.6	0.91
0.7	1.11
0.8	1.27
0.9	1.36
1	1.4
1.1	1.4
1.2	1.4
1.3	1.4
1.4	1.4
1.5	1.37
1.6	1.27
1.7	1.11
1.8	0.92
1.9	0.7
2	0.48
2.1	0.29
2.2	0.13
2.3	0.03
0	0
0.1	-0.19
0.2	-0.69
0.3	-1.15
0.4	-1.12
0.5	-0.69
0	0
0.1	-0.23
0.2	-0.75
0.3	-1.12
0.4	-1.12
0.5	-0.75
0	0
0.1	-0.16
0.2	-0.62
0.3	-0.96
0.4	-1
0.5	-0.88
0.6	-0.43
0	0
0.1	-0.11
0.2	-0.4
0.3	-0.66
0.4	-0.7
0.5	-0.7
0.6	-0.7
0.7	-0.56
0	0
0.1	-0.13
0.2	-0.43
0.3	-0.67
0.4	-0.7
0.5	-0.7
0.6	-0.7
0.7	-0.54
0	0
0.1	-0.15
0.2	-0.5
0.3	-0.77
0.4	-0.8
0.5	-0.8
0.6	-0.7
0	0
0.1	-0.15
0.2	-0.5
0.3	-0.77
0.4	-0.8
0.5	-0.8
0.6	-0.7
0	0
0.1	-0.15
0.2	-0.5
0.3	-0.75
0.4	-0.8
0.5	-0.8
0.6	-0.73
0.7	-0.42
0	0
0.1	-0.15
0.2	-0.46
0.3	-0.75
0.4	-0.8
0.5	-0.8
0.6	-0.73
0.7	-0.42
0	0
0.1	-0.15
0.2	-0.46
0.3	-0.75
0.4	-0.8
0.5	-0.8
0.6	-0.71
