Time	Velocity
0	0
0.1	0.03
0.2	0.12
0.3	0.27
0.4	0.46
0.5	0.68
0.6	0.9
0.7	1.11
0.8	1.27
0.9	1.36
1	1.4
1.1	1.4
1.2	1.4
1.3	1.4
1.4	1.4
1.5	1.37
1.6	1.27
1.7	1.13
1.8	0.92
1.9	0.7
2	0.48
2.1	0.29
2.2	0.13
2.3	0.03
0	0
0.1	-0.28
0.2	-0.89
0.3	-1.32
0.4	-1.31
0.5	-0.79
0	0
0.1	-0.22
0.2	-0.89
0.3	-1.35
0.4	-1.31
0.5	-0.79
0	0
0.1	-0.18
0.2	-0.7
0.3	-1.04
0.4	-1.1
0.5	-1.03
0.6	-0.57
0	0
0.1	-0.18
0.2	-0.52
0.3	-0.87
0.4	-0.9
0.5	-0.9
0.6	-0.82
0.7	-0.46
0	0
0.1	-0.18
0.2	-0.53
0.3	-0.85
0.4	-0.9
0.5	-0.9
0.6	-0.82
0.7	-0.46
