Time	X	Z
0	4.926	3.611
0.1	4.926	3.611
0.2	7.64	2.172
0.3	7.64	2.172
0.4	7.64	2.172
0.5	7.64	2.172
0.6	7.64	2.172
0.7	7.64	2.172
0.8	7.64	2.172
0.9	7.64	2.172
1	7.64	2.172
1.1	7.64	2.172
1.2	7.64	2.172
1.3	7.64	2.172
1.4	7.64	2.172
1.5	7.64	2.173
1.6	7.64	2.173
1.7	7.64	2.173
1.8	7.64	2.173
1.9	7.64	2.173
2	7.64	2.173
2.1	7.64	2.173
2.2	7.64	2.173
2.3	7.64	2.173
2.4	7.64	2.173
2.5	7.64	2.173
2.6	7.64	2.173
2.7	7.64	2.173
2.8	7.64	2.173
2.9	7.64	2.173
3	7.64	2.173
3.1	7.64	2.173
3.2	7.64	2.173
3.3	7.64	2.173
3.4	7.64	2.173
3.5	7.64	2.173
3.6	7.64	2.173
3.7	7.64	2.173
3.8	7.64	2.173
3.9	7.64	2.173
4	7.64	2.173
4.1	7.64	2.173
4.2	7.64	2.173
4.3	7.64	2.173
4.4	7.64	2.173
4.5	7.64	2.173
4.6	7.64	2.173
4.7	7.64	2.173
4.8	7.64	2.173
4.9	7.64	2.173
5	7.64	2.173
5.1	7.64	2.173
5.2	7.64	2.173
5.3	7.64	2.173
5.4	7.64	2.173
5.5	7.64	2.173
5.6	7.64	2.173
5.7	7.64	2.173
5.8	7.64	2.173
5.9	7.64	2.173
6	7.64	2.173
6.1	7.64	2.173
6.2	7.64	2.173
6.3	7.64	2.173
6.4	7.64	2.173
6.5	7.64	2.173
6.6	7.64	2.173
6.7	7.64	2.173
6.8	7.64	2.173
6.9	7.64	2.173
7	7.64	2.173
7.1	7.64	2.173
7.2	7.64	2.173
7.3	7.64	2.173
7.4	7.64	2.173
7.5	7.64	2.173
7.6	7.64	2.173
7.7	7.64	2.173
7.8	7.64	2.173
7.9	7.64	2.173
8	7.64	2.173
8.1	7.64	2.173
8.2	7.64	2.173
8.3	7.64	2.173
8.4	7.64	2.173
8.5	7.64	2.173
8.6	7.64	2.173
8.7	7.64	2.173
8.8	7.64	2.173
8.9	7.64	2.173
9	7.64	2.173
9.1	7.64	2.173
9.2	7.64	2.173
9.3	7.64	2.173
9.4	7.64	2.173
9.5	7.64	2.173
9.6	7.64	2.173
9.7	7.64	2.173
9.8	7.64	2.173
9.9	7.64	2.173
10	7.64	2.173
10.1	7.64	2.173
10.2	7.64	2.173
10.3	7.64	2.173
10.4	7.64	2.173
10.5	7.64	2.173
10.6	7.64	2.173
10.7	7.64	2.173
10.8	7.64	2.173
10.9	7.64	2.173
11	7.64	2.173
11.1	7.64	2.173
11.2	7.64	2.174
11.3	7.64	2.173
11.4	7.64	2.173
11.5	7.64	2.173
11.6	7.64	2.173
11.7	7.64	2.173
11.8	7.64	2.173
11.9	7.64	2.173
12	7.64	2.174
12.1	7.64	2.174
12.2	7.64	2.173
12.3	7.64	2.173
12.4	7.64	2.173
12.5	7.64	2.173
12.6	7.64	2.173
12.7	7.64	2.173
12.8	7.64	2.173
12.9	7.64	2.173
13	7.64	2.173
13.1	7.64	2.173
13.2	7.64	2.173
13.3	7.64	2.173
13.4	7.64	2.173
13.5	7.64	2.173
13.6	7.64	2.173
13.7	7.64	2.173
13.8	7.64	2.172
13.9	7.64	2.172
14	7.64	2.172
14.1	7.64	2.171
14.2	7.64	2.172
14.3	7.64	2.172
14.4	7.64	2.173
14.5	7.64	2.173
14.6	7.64	2.173
14.7	7.64	2.174
14.8	7.64	2.173
14.9	7.64	2.173
15	7.64	2.173
15.1	7.64	2.174
15.2	7.64	2.173
15.3	7.64	2.173
15.4	7.64	2.173
15.5	7.64	2.173
15.6	7.64	2.173
15.7	7.64	2.173
15.8	7.64	2.172
15.9	7.64	2.173
16	7.64	2.173
16.1	7.64	2.173
16.2	7.64	2.172
16.3	7.64	2.173
16.4	7.64	2.172
16.5	7.64	2.173
16.6	7.64	2.172
16.7	7.64	2.172
16.8	7.64	2.173
16.9	7.64	2.172
17	7.64	2.172
17.1	7.64	2.172
17.2	7.64	2.173
17.3	7.64	2.172
17.4	7.64	2.173
17.5	7.64	2.172
17.6	7.64	2.172
17.7	7.64	2.173
17.8	7.64	2.172
17.9	7.64	2.172
18	7.64	2.172
18.1	7.64	2.173
18.2	7.64	2.172
18.3	7.64	2.173
18.4	7.64	2.172
18.5	7.64	2.173
18.6	7.64	2.173
18.7	7.64	2.173
18.8	7.64	2.173
18.9	7.64	2.173
19	7.64	2.173
19.1	7.64	2.173
19.2	7.64	2.173
19.3	7.64	2.173
19.4	7.641	2.173
19.5	7.641	2.173
19.6	7.64	2.173
19.7	7.64	2.173
19.8	7.641	2.173
19.9	7.64	2.173
20	7.641	2.173
20.1	7.64	2.173
20.2	7.64	2.173
20.3	7.64	2.173
20.4	7.64	2.173
20.5	7.64	2.173
20.6	7.64	2.173
20.7	7.64	2.173
20.8	7.64	2.173
20.9	7.64	2.173
21	7.64	2.173
21.1	7.64	2.173
21.2	7.641	2.173
21.3	7.64	2.173
21.4	7.64	2.173
21.5	7.64	2.173
21.6	7.64	2.174
21.7	7.64	2.173
21.8	7.64	2.173
21.9	7.64	2.173
22	7.64	2.173
22.1	7.64	2.173
22.2	7.64	2.173
22.3	7.64	2.173
22.4	7.64	2.173
22.5	7.64	2.173
22.6	7.64	2.173
22.7	7.64	2.173
22.8	7.64	2.173
22.9	7.64	2.172
23	7.64	2.172
23.1	7.64	2.172
23.2	7.64	2.173
23.3	7.64	2.173
23.4	7.64	2.173
23.5	7.64	2.173
23.6	7.64	2.173
23.7	7.64	2.172
23.8	7.64	2.173
23.9	7.64	2.173
24	7.64	2.172
24.1	7.64	2.173
24.2	7.64	2.172
24.3	7.641	2.172
24.4	7.64	2.172
24.5	7.64	2.172
24.6	7.64	2.172
24.7	7.64	2.172
24.8	7.64	2.172
24.9	7.64	2.172
25	7.64	2.172
25.1	7.64	2.172
25.2	7.64	2.172
25.3	7.64	2.172
25.4	7.64	2.172
25.5	7.64	2.172
25.6	7.64	2.172
25.7	7.64	2.172
25.8	7.64	2.172
25.9	7.64	2.172
26	7.64	2.172
26.1	7.64	2.172
26.2	7.64	2.172
26.3	7.64	2.172
26.4	7.64	2.172
26.5	7.64	2.172
26.6	7.64	2.172
26.7	7.64	2.172
26.8	7.64	2.172
26.9	7.64	2.172
27	7.64	2.172
27.1	7.64	2.172
27.2	7.64	2.172
27.3	7.64	2.172
27.4	7.64	2.172
27.5	7.64	2.172
27.6	7.64	2.172
27.7	7.64	2.172
27.8	7.64	2.172
27.9	7.64	2.172
28	7.64	2.172
28.1	7.64	2.172
28.2	7.64	2.172
28.3	7.64	2.172
28.4	7.64	2.172
28.5	7.64	2.172
28.6	7.64	2.172
28.7	7.64	2.172
28.8	7.64	2.172
28.9	7.64	2.172
29	7.64	2.172
29.1	7.64	2.172
29.2	7.64	2.172
29.3	7.64	2.172
29.4	7.64	2.172
29.5	7.64	2.172
29.6	7.64	2.172
29.7	7.64	2.172
29.8	7.64	2.172
29.9	7.64	2.172
30	7.64	2.172
30.1	7.64	2.172
30.2	7.64	2.172
30.3	7.64	2.172
30.4	7.64	2.172
30.5	7.64	2.172
30.6	7.64	2.172
30.7	7.64	2.172
30.8	7.64	2.172
30.9	7.64	2.172
31	7.64	2.172
31.1	7.64	2.172
31.2	7.64	2.172
31.3	7.64	2.172
31.4	7.64	2.172
31.5	7.64	2.172
31.6	7.64	2.172
31.7	7.64	2.172
31.8	7.64	2.172
31.9	7.64	2.172
32	7.64	2.172
32.1	7.64	2.172
32.2	7.64	2.172
32.3	7.64	2.172
32.4	7.64	2.172
32.5	7.64	2.172
32.6	7.64	2.172
32.7	7.64	2.172
32.8	7.64	2.172
32.9	7.64	2.172
33	7.64	2.172
33.1	7.64	2.172
33.2	7.64	2.172
33.3	7.64	2.172
33.4	7.64	2.172
33.5	7.64	2.172
33.6	7.64	2.172
33.7	7.64	2.172
33.8	7.64	2.172
33.9	7.64	2.172
34	7.64	2.172
34.1	7.64	2.172
34.2	7.64	2.172
34.3	7.64	2.172
34.4	7.64	2.172
34.5	7.64	2.172
34.6	7.64	2.172
34.7	7.64	2.172
34.8	7.64	2.172
34.9	7.64	2.172
35	7.64	2.172
35.1	7.64	2.172
35.2	7.64	2.172
35.3	7.64	2.172
35.4	7.64	2.172
35.5	7.64	2.172
35.6	7.64	2.172
35.7	7.64	2.172
35.8	7.64	2.172
35.9	7.64	2.172
36	7.64	2.172
36.1	7.64	2.172
36.2	7.64	2.172
36.3	7.64	2.172
36.4	7.64	2.172
36.5	7.64	2.172
36.6	7.64	2.172
36.7	7.64	2.172
36.8	7.64	2.172
36.9	7.64	2.172
37	7.64	2.172
37.1	7.64	2.172
37.2	7.64	2.172
37.3	7.64	2.172
37.4	7.64	2.172
37.5	7.64	2.172
37.6	7.64	2.172
37.7	7.64	2.172
37.8	7.64	2.172
37.9	7.64	2.172
38	7.64	2.172
38.1	7.64	2.172
38.2	7.64	2.172
38.3	7.64	2.172
38.4	7.64	2.172
38.5	7.64	2.172
38.6	7.64	2.172
38.7	7.64	2.172
38.8	7.64	2.172
38.9	7.64	2.172
39	7.64	2.172
39.1	7.64	2.172
39.2	7.64	2.172
39.3	7.64	2.172
39.4	7.64	2.172
39.5	7.64	2.172
39.6	7.64	2.172
39.7	7.64	2.172
39.8	7.64	2.172
39.9	7.64	2.172
40	7.64	2.172
40.1	7.64	2.172
40.2	7.64	2.172
40.3	7.64	2.172
40.4	7.64	2.173
40.5	7.64	2.172
40.6	7.64	2.173
40.7	7.64	2.172
40.8	7.64	2.172
40.9	7.64	2.173
41	7.64	2.172
41.1	7.64	2.172
41.2	7.64	2.172
41.3	7.64	2.172
41.4	7.64	2.173
41.5	7.64	2.172
41.6	7.64	2.173
41.7	7.64	2.173
41.8	7.64	2.173
41.9	7.64	2.173
42	7.64	2.173
42.1	7.64	2.173
42.2	7.64	2.173
42.3	7.64	2.173
42.4	7.64	2.173
42.5	7.64	2.173
42.6	7.64	2.173
42.7	7.64	2.173
42.8	7.64	2.173
42.9	7.64	2.173
43	7.64	2.173
43.1	7.641	2.173
43.2	7.64	2.173
43.3	7.64	2.173
43.4	7.64	2.173
43.5	7.64	2.173
43.6	7.641	2.173
43.7	7.64	2.173
43.8	7.641	2.173
43.9	7.64	2.173
44	7.64	2.173
44.1	7.64	2.173
44.2	7.64	2.173
44.3	7.64	2.173
44.4	7.64	2.173
44.5	7.64	2.173
44.6	7.64	2.173
44.7	7.64	2.173
44.8	7.64	2.173
44.9	7.64	2.173
45	7.64	2.173
45.1	7.64	2.173
45.2	7.64	2.173
45.3	7.64	2.173
45.4	7.64	2.173
45.5	7.64	2.173
45.6	7.64	2.173
45.7	7.64	2.173
45.8	7.64	2.173
45.9	7.64	2.173
46	7.64	2.173
46.1	7.64	2.173
46.2	7.64	2.173
46.3	7.64	2.173
46.4	7.64	2.173
46.5	7.64	2.173
46.6	7.64	2.173
46.7	7.64	2.173
46.8	7.64	2.173
46.9	7.64	2.173
47	7.64	2.173
47.1	7.64	2.173
47.2	7.64	2.173
47.3	7.64	2.173
47.4	7.64	2.173
47.5	7.64	2.173
47.6	7.64	2.173
47.7	7.64	2.173
47.8	7.64	2.173
47.9	7.64	2.173
48	7.64	2.173
48.1	7.64	2.173
48.2	7.64	2.173
48.3	7.64	2.173
48.4	7.64	2.173
48.5	7.64	2.173
48.6	7.64	2.173
48.7	7.64	2.173
48.8	7.64	2.173
48.9	7.64	2.173
49	7.64	2.173
49.1	7.64	2.173
49.2	7.64	2.173
49.3	7.64	2.173
49.4	7.64	2.173
49.5	7.64	2.173
49.6	7.64	2.173
49.7	7.64	2.173
49.8	7.64	2.173
49.9	7.64	2.173
50	7.64	2.173
50.1	7.64	2.173
50.2	7.64	2.173
50.3	7.64	2.173
50.4	7.64	2.173
50.5	7.64	2.173
50.6	7.64	2.173
50.7	7.64	2.173
50.8	7.64	2.173
50.9	7.64	2.173
51	7.64	2.173
51.1	7.64	2.173
51.2	7.64	2.173
51.3	7.64	2.173
51.4	7.64	2.173
51.5	7.64	2.173
51.6	7.64	2.173
51.7	7.64	2.173
51.8	7.64	2.173
51.9	7.64	2.173
52	7.64	2.173
52.1	7.64	2.173
52.2	7.64	2.173
52.3	7.64	2.173
52.4	7.64	2.173
52.5	7.64	2.173
52.6	7.64	2.173
52.7	7.64	2.173
52.8	7.64	2.173
52.9	7.64	2.173
53	7.64	2.173
53.1	7.64	2.173
53.2	7.64	2.173
53.3	7.64	2.173
53.4	7.64	2.173
53.5	7.64	2.173
53.6	7.64	2.173
53.7	7.64	2.173
53.8	7.64	2.173
53.9	7.64	2.173
54	7.64	2.173
54.1	7.64	2.173
54.2	7.64	2.173
54.3	7.64	2.173
54.4	7.64	2.173
54.5	7.64	2.173
54.6	7.64	2.173
54.7	7.64	2.173
54.8	7.64	2.173
54.9	7.64	2.173
55	7.64	2.173
55.1	7.64	2.173
55.2	7.64	2.173
55.3	7.64	2.173
55.4	7.64	2.173
55.5	7.64	2.173
55.6	7.64	2.173
55.7	7.64	2.173
55.8	7.64	2.173
55.9	7.64	2.173
56	7.64	2.173
56.1	7.64	2.173
56.2	7.64	2.173
56.3	7.64	2.173
56.4	7.64	2.173
56.5	7.64	2.173
56.6	7.64	2.173
56.7	7.64	2.173
56.8	7.64	2.173
56.9	7.64	2.173
57	7.64	2.173
57.1	7.64	2.173
57.2	7.64	2.173
57.3	7.64	2.172
57.4	7.64	2.173
57.5	7.64	2.173
57.6	7.64	2.173
57.7	7.64	2.173
57.8	7.64	2.172
57.9	7.64	2.173
58	7.64	2.172
58.1	7.64	2.172
58.2	7.64	2.172
58.3	7.64	2.172
58.4	7.64	2.172
58.5	7.64	2.172
58.6	7.64	2.173
58.7	7.64	2.173
58.8	7.64	2.172
58.9	7.64	2.173
59	7.64	2.172
59.1	7.64	2.172
59.2	7.64	2.172
59.3	7.64	2.172
59.4	7.64	2.172
59.5	7.64	2.172
59.6	7.64	2.172
59.7	7.64	2.172
59.8	7.64	2.172
59.9	7.64	2.172
60	7.64	2.172
60.1	7.64	2.173
60.2	7.64	2.172
60.3	7.64	2.173
60.4	7.64	2.172
60.5	7.64	2.172
60.6	7.64	2.172
60.7	7.64	2.172
60.8	7.64	2.172
60.9	7.64	2.172
61	7.64	2.173
61.1	7.64	2.172
61.2	7.64	2.172
61.3	7.64	2.172
61.4	7.64	2.172
61.5	7.64	2.172
61.6	7.64	2.172
61.7	7.64	2.172
61.8	7.64	2.172
61.9	7.64	2.171
62	7.64	2.172
62.1	7.64	2.171
62.2	7.64	2.171
62.3	7.64	2.172
62.4	7.64	2.172
62.5	7.64	2.172
62.6	7.64	2.172
62.7	7.64	2.172
62.8	7.64	2.172
62.9	7.64	2.172
63	7.64	2.172
63.1	7.641	2.172
63.2	7.64	2.172
63.3	7.64	2.172
63.4	7.64	2.172
63.5	7.64	2.172
63.6	7.641	2.172
63.7	7.64	2.172
63.8	7.64	2.172
63.9	7.64	2.172
64	7.64	2.172
64.1	7.64	2.172
64.2	7.64	2.172
64.3	7.64	2.172
64.4	7.64	2.172
64.5	7.64	2.172
64.6	7.64	2.172
64.7	7.64	2.172
64.8	7.64	2.172
64.9	7.64	2.172
65	7.64	2.172
65.1	7.64	2.172
65.2	7.64	2.172
65.3	7.64	2.172
65.4	7.64	2.172
65.5	7.64	2.172
65.6	7.64	2.172
65.7	7.64	2.172
65.8	7.64	2.172
65.9	7.64	2.172
66	7.64	2.172
66.1	7.64	2.172
66.2	7.64	2.172
66.3	7.64	2.172
66.4	7.64	2.171
66.5	7.64	2.172
66.6	7.64	2.172
66.7	7.64	2.171
66.8	7.64	2.172
66.9	7.64	2.171
67	7.64	2.172
67.1	7.64	2.172
67.2	7.64	2.172
67.3	7.64	2.172
67.4	7.64	2.172
67.5	7.64	2.172
67.6	7.64	2.172
67.7	7.64	2.172
67.8	7.64	2.172
67.9	7.64	2.172
68	7.64	2.172
68.1	7.64	2.172
68.2	7.64	2.172
68.3	7.64	2.172
68.4	7.64	2.172
68.5	7.641	2.172
68.6	7.641	2.171
68.7	7.641	2.172
68.8	7.641	2.171
68.9	7.641	2.171
69	7.641	2.171
69.1	7.641	2.171
69.2	7.64	2.171
69.3	7.641	2.171
69.4	7.641	2.171
69.5	7.641	2.171
69.6	7.641	2.171
69.7	7.64	2.171
69.8	7.64	2.171
69.9	7.64	2.171
70	7.64	2.171
70.1	7.64	2.171
70.2	7.64	2.171
70.3	7.641	2.171
70.4	7.641	2.171
70.5	7.64	2.171
70.6	7.64	2.171
70.7	7.64	2.171
70.8	7.64	2.171
70.9	7.64	2.171
71	7.64	2.171
71.1	7.64	2.171
71.2	7.64	2.171
71.3	7.64	2.171
71.4	7.64	2.171
71.5	7.64	2.172
71.6	7.64	2.172
71.7	7.64	2.172
71.8	7.64	2.171
71.9	7.64	2.171
72	7.64	2.171
72.1	7.64	2.171
72.2	7.64	2.171
72.3	7.64	2.171
72.4	7.64	2.171
72.5	7.64	2.171
72.6	7.64	2.171
72.7	7.64	2.171
72.8	7.64	2.171
72.9	7.64	2.171
73	7.64	2.171
73.1	7.64	2.171
73.2	7.64	2.171
73.3	7.64	2.171
73.4	7.64	2.171
73.5	7.64	2.171
73.6	7.64	2.171
73.7	7.64	2.171
73.8	7.64	2.171
73.9	7.64	2.171
74	7.64	2.172
74.1	7.64	2.171
74.2	7.64	2.171
74.3	7.64	2.171
74.4	7.64	2.171
74.5	7.64	2.171
74.6	7.64	2.171
74.7	7.64	2.171
74.8	7.64	2.171
74.9	7.64	2.171
75	7.64	2.171
75.1	7.64	2.171
75.2	7.64	2.171
75.3	7.64	2.171
75.4	7.64	2.171
75.5	7.64	2.171
75.6	7.64	2.171
75.7	7.64	2.171
75.8	7.64	2.171
75.9	7.64	2.171
76	7.64	2.171
76.1	7.64	2.171
76.2	7.64	2.171
76.3	7.64	2.171
76.4	7.64	2.171
76.5	7.64	2.171
76.6	7.64	2.171
76.7	7.64	2.171
76.8	7.64	2.171
76.9	7.64	2.171
77	7.64	2.171
77.1	7.64	2.171
77.2	7.64	2.171
77.3	7.64	2.171
77.4	7.64	2.171
77.5	7.64	2.171
77.6	7.64	2.171
77.7	7.64	2.171
77.8	7.64	2.171
77.9	7.64	2.171
78	7.64	2.171
78.1	7.64	2.171
78.2	7.64	2.171
78.3	7.64	2.171
78.4	7.64	2.171
78.5	7.64	2.171
78.6	7.639	2.171
78.7	7.64	2.171
78.8	7.64	2.171
78.9	7.64	2.171
79	7.64	2.171
79.1	7.64	2.171
79.2	7.64	2.171
79.3	7.64	2.171
79.4	7.64	2.171
79.5	7.64	2.172
79.6	7.64	2.172
79.7	7.64	2.172
79.8	7.64	2.172
79.9	7.64	2.172
80	7.64	2.172
80.1	7.64	2.172
80.2	7.64	2.172
80.3	7.64	2.172
80.4	7.64	2.172
80.5	7.64	2.172
80.6	7.64	2.172
80.7	7.64	2.172
80.8	7.64	2.172
80.9	7.64	2.172
81	7.64	2.172
81.1	7.64	2.172
81.2	7.64	2.172
81.3	7.64	2.172
81.4	7.64	2.172
81.5	7.64	2.172
81.6	7.64	2.172
81.7	7.64	2.172
81.8	7.64	2.172
81.9	7.64	2.172
82	7.64	2.172
82.1	7.64	2.172
82.2	7.64	2.172
82.3	7.64	2.173
82.4	7.64	2.172
82.5	7.64	2.172
82.6	7.64	2.172
82.7	7.64	2.172
82.8	7.64	2.172
82.9	7.64	2.172
83	7.64	2.172
83.1	7.64	2.172
83.2	7.64	2.172
83.3	7.64	2.172
83.4	7.64	2.171
83.5	7.64	2.171
83.6	7.64	2.171
83.7	7.64	2.172
83.8	7.64	2.172
83.9	7.64	2.172
84	7.64	2.172
84.1	7.64	2.172
84.2	7.64	2.172
84.3	7.64	2.172
84.4	7.64	2.172
84.5	7.64	2.172
84.6	7.64	2.172
84.7	7.64	2.172
84.8	7.64	2.172
84.9	7.64	2.172
85	7.64	2.172
85.1	7.64	2.172
85.2	7.64	2.172
85.3	7.64	2.172
85.4	7.64	2.172
85.5	7.64	2.172
85.6	7.64	2.172
85.7	7.64	2.172
85.8	7.64	2.172
85.9	7.64	2.172
86	7.64	2.172
86.1	7.64	2.172
86.2	7.64	2.172
86.3	7.64	2.172
86.4	7.64	2.172
86.5	7.64	2.172
86.6	7.64	2.172
86.7	7.64	2.172
86.8	7.64	2.172
86.9	7.64	2.172
87	7.64	2.172
87.1	7.64	2.172
87.2	7.64	2.172
87.3	7.64	2.172
87.4	7.64	2.172
87.5	7.64	2.172
87.6	7.64	2.172
87.7	7.64	2.172
87.8	7.64	2.172
87.9	7.64	2.172
88	7.64	2.172
88.1	7.64	2.172
88.2	7.64	2.172
88.3	7.64	2.172
88.4	7.642	2.168
88.5	7.643	2.168
88.6	7.642	2.172
88.7	7.642	2.176
88.8	7.64	2.193
88.9	7.64	2.239
89	7.651	2.284
89.1	7.655	2.327
89.2	7.659	2.357
89.3	7.665	2.381
89.4	7.67	2.396
89.5	7.679	2.406
89.6	7.697	2.408
89.7	7.705	2.405
89.8	7.709	2.402
89.9	7.691	2.402
90	7.655	2.4
90.1	7.6	2.393
90.2	7.533	2.394
90.3	7.473	2.414
90.4	7.429	2.453
90.5	7.398	2.506
90.6	7.384	2.569
90.7	7.379	2.628
90.8	7.385	2.677
90.9	7.39	2.706
91	7.397	2.72
91.1	7.389	2.727
91.2	7.374	2.735
91.3	7.355	2.75
91.4	7.343	2.759
91.5	7.329	2.75
91.6	7.305	2.74
91.7	7.306	2.754
91.8	7.326	2.786
91.9	7.354	2.815
92	7.387	2.834
92.1	7.422	2.847
92.2	7.45	2.857
92.3	7.462	2.859
92.4	7.469	2.857
92.5	7.468	2.851
92.6	7.455	2.838
92.7	7.421	2.831
92.8	7.363	2.851
92.9	7.329	2.882
93	7.308	2.958
93.1	7.324	3.049
93.2	7.334	3.15
93.3	7.343	3.256
93.4	7.345	3.367
93.5	7.332	3.471
93.6	7.305	3.577
93.7	7.265	3.673
93.8	7.23	3.779
93.9	7.211	3.891
94	7.209	3.988
94.1	7.212	4.073
94.2	7.22	4.148
94.3	7.23	4.217
94.4	7.235	4.285
94.5	7.246	4.349
94.6	7.257	4.402
94.7	7.266	4.448
94.8	7.275	4.48
94.9	7.288	4.508
95	7.297	4.533
95.1	7.311	4.557
95.2	7.316	4.573
95.3	7.324	4.588
95.4	7.341	4.602
95.5	7.362	4.611
95.6	7.384	4.623
95.7	7.402	4.637
95.8	7.417	4.647
95.9	7.429	4.653
96	7.44	4.659
96.1	7.448	4.661
96.2	7.452	4.661
96.3	7.469	4.665
96.4	7.475	4.665
96.5	7.484	4.665
96.6	7.489	4.667
96.7	7.494	4.669
96.8	7.5	4.668
96.9	7.501	4.668
97	7.502	4.667
97.1	7.504	4.668
97.2	7.504	4.669
97.3	7.503	4.67
97.4	7.503	4.67
97.5	7.503	4.672
97.6	7.5	4.672
97.7	7.498	4.675
97.8	7.498	4.676
97.9	7.497	4.678
98	7.498	4.679
98.1	7.499	4.678
98.2	7.501	4.68
98.3	7.501	4.682
98.4	7.502	4.687
98.5	7.503	4.69
98.6	7.507	4.688
98.7	7.509	4.687
98.8	7.516	4.692
98.9	7.523	4.69
99	7.527	4.688
99.1	7.533	4.694
99.2	7.53	4.684
99.3	7.534	4.682
99.4	7.533	4.681
99.5	7.533	4.683
99.6	7.531	4.682
99.7	7.527	4.682
99.8	7.526	4.682
99.9	7.525	4.679
100	7.526	4.678
100.1	7.525	4.682
100.2	7.526	4.685
100.3	7.521	4.689
100.4	7.521	4.684
100.5	7.522	4.681
100.6	7.509	4.689
100.7	7.505	4.688
100.8	7.537	4.702
100.9	7.547	4.703
101	7.548	4.705
101.1	7.548	4.708
101.2	7.552	4.71
101.3	7.553	4.711
101.4	7.554	4.712
101.5	7.554	4.714
101.6	7.553	4.715
101.7	7.552	4.721
101.8	7.548	4.723
101.9	7.543	4.722
102	7.538	4.721
102.1	7.533	4.719
102.2	7.529	4.716
102.3	7.523	4.714
102.4	7.515	4.711
102.5	7.495	4.709
102.6	7.49	4.71
102.7	7.487	4.712
102.8	7.476	4.712
102.9	7.475	4.714
103	7.476	4.715
103.1	7.512	4.731
103.2	7.512	4.735
103.3	7.532	4.743
103.4	7.549	4.744
103.5	7.557	4.746
103.6	7.553	4.749
103.7	7.557	4.745
103.8	7.564	4.742
103.9	7.563	4.744
104	7.561	4.74
104.1	7.557	4.736
104.2	7.536	4.727
104.3	7.526	4.718
104.4	7.517	4.711
104.5	7.507	4.705
104.6	7.499	4.699
104.7	7.49	4.692
104.8	7.484	4.688
104.9	7.48	4.685
105	7.478	4.684
105.1	7.478	4.685
105.2	7.479	4.684
105.3	7.481	4.685
105.4	7.486	4.687
105.5	7.491	4.689
105.6	7.494	4.69
105.7	7.501	4.695
105.8	7.504	4.696
105.9	7.507	4.698
106	7.51	4.699
106.1	7.515	4.702
106.2	7.518	4.703
106.3	7.523	4.707
106.4	7.526	4.709
106.5	7.529	4.712
106.6	7.531	4.715
106.7	7.53	4.718
106.8	7.53	4.721
106.9	7.529	4.723
107	7.529	4.727
107.1	7.532	4.73
107.2	7.535	4.732
107.3	7.538	4.737
107.4	7.539	4.74
107.5	7.541	4.739
107.6	7.542	4.74
107.7	7.543	4.741
107.8	7.544	4.743
107.9	7.546	4.744
108	7.548	4.746
108.1	7.574	4.762
108.2	7.577	4.758
108.3	7.57	4.756
108.4	7.563	4.753
108.5	7.559	4.752
108.6	7.556	4.751
108.7	7.552	4.75
108.8	7.548	4.75
108.9	7.548	4.754
109	7.545	4.753
109.1	7.545	4.755
109.2	7.545	4.755
109.3	7.546	4.756
109.4	7.548	4.757
109.5	7.549	4.756
109.6	7.55	4.757
109.7	7.551	4.757
109.8	7.553	4.757
109.9	7.555	4.755
110	7.557	4.752
110.1	7.558	4.749
110.2	7.558	4.746
110.3	7.559	4.745
110.4	7.559	4.745
110.5	7.56	4.745
110.6	7.562	4.743
110.7	7.564	4.74
110.8	7.566	4.74
110.9	7.567	4.739
111	7.567	4.739
111.1	7.566	4.737
111.2	7.564	4.738
111.3	7.562	4.738
111.4	7.56	4.74
111.5	7.558	4.741
111.6	7.558	4.741
111.7	7.549	4.735
111.8	7.55	4.736
111.9	7.55	4.735
112	7.55	4.734
112.1	7.551	4.734
112.2	7.553	4.733
112.3	7.554	4.733
112.4	7.555	4.733
112.5	7.556	4.734
112.6	7.557	4.735
112.7	7.557	4.736
112.8	7.558	4.738
112.9	7.559	4.739
113	7.559	4.74
113.1	7.558	4.739
113.2	7.558	4.737
113.3	7.557	4.735
113.4	7.549	4.73
113.5	7.546	4.73
113.6	7.542	4.732
113.7	7.541	4.734
113.8	7.54	4.735
113.9	7.54	4.736
114	7.538	4.737
114.1	7.537	4.743
114.2	7.537	4.75
114.3	7.539	4.757
114.4	7.541	4.766
114.5	7.54	4.771
114.6	7.537	4.781
114.7	7.531	4.79
114.8	7.527	4.798
114.9	7.526	4.8
115	7.524	4.796
115.1	7.528	4.787
115.2	7.531	4.777
115.3	7.532	4.766
115.4	7.532	4.756
115.5	7.53	4.746
115.6	7.528	4.735
115.7	7.527	4.728
115.8	7.517	4.718
115.9	7.513	4.715
116	7.512	4.714
116.1	7.513	4.715
116.2	7.514	4.714
116.3	7.516	4.715
116.4	7.517	4.715
116.5	7.518	4.716
116.6	7.518	4.716
116.7	7.517	4.715
116.8	7.517	4.714
116.9	7.517	4.714
117	7.517	4.715
117.1	7.516	4.715
117.2	7.516	4.715
117.3	7.515	4.715
117.4	7.515	4.716
117.5	7.514	4.717
117.6	7.514	4.717
117.7	7.513	4.717
117.8	7.513	4.716
117.9	7.512	4.716
118	7.511	4.716
118.1	7.509	4.717
118.2	7.508	4.717
118.3	7.505	4.718
118.4	7.504	4.718
118.5	7.503	4.718
118.6	7.502	4.718
118.7	7.503	4.717
118.8	7.504	4.715
118.9	7.505	4.712
119	7.505	4.709
119.1	7.503	4.709
119.2	7.499	4.713
119.3	7.493	4.72
119.4	7.49	4.72
119.5	7.488	4.715
119.6	7.488	4.715
119.7	7.488	4.712
119.8	7.487	4.71
119.9	7.49	4.709
120	7.493	4.712
120.1	7.495	4.715
120.2	7.499	4.716
120.3	7.5	4.719
120.4	7.498	4.719
120.5	7.495	4.718
120.6	7.493	4.719
120.7	7.492	4.721
120.8	7.491	4.722
120.9	7.491	4.725
121	7.491	4.727
121.1	7.49	4.727
121.2	7.491	4.726
121.3	7.492	4.726
121.4	7.491	4.726
121.5	7.49	4.723
121.6	7.49	4.721
121.7	7.49	4.719
121.8	7.491	4.717
121.9	7.494	4.717
122	7.495	4.717
122.1	7.497	4.714
122.2	7.498	4.715
122.3	7.498	4.716
122.4	7.498	4.713
122.5	7.496	4.712
122.6	7.492	4.715
122.7	7.484	4.718
122.8	7.482	4.719
122.9	7.487	4.719
123	7.494	4.717
123.1	7.502	4.715
123.2	7.506	4.712
123.3	7.508	4.711
123.4	7.506	4.712
123.5	7.501	4.713
123.6	7.496	4.713
123.7	7.493	4.712
123.8	7.492	4.712
123.9	7.494	4.711
124	7.497	4.712
124.1	7.5	4.714
124.2	7.501	4.714
124.3	7.501	4.714
124.4	7.5	4.715
124.5	7.499	4.714
124.6	7.498	4.715
124.7	7.496	4.717
124.8	7.496	4.719
124.9	7.496	4.72
125	7.496	4.72
125.1	7.496	4.72
125.2	7.496	4.718
125.3	7.494	4.717
125.4	7.492	4.715
125.5	7.491	4.712
125.6	7.49	4.711
125.7	7.489	4.71
125.8	7.488	4.709
125.9	7.488	4.709
126	7.488	4.709
126.1	7.488	4.709
126.2	7.489	4.71
126.3	7.488	4.709
126.4	7.488	4.707
126.5	7.488	4.707
126.6	7.488	4.709
126.7	7.488	4.71
126.8	7.489	4.71
126.9	7.49	4.712
127	7.49	4.712
127.1	7.489	4.712
127.2	7.488	4.712
127.3	7.487	4.712
127.4	7.486	4.71
127.5	7.486	4.709
127.6	7.486	4.709
127.7	7.486	4.709
127.8	7.485	4.71
127.9	7.484	4.712
128	7.484	4.713
128.1	7.484	4.714
128.2	7.484	4.713
128.3	7.483	4.713
128.4	7.483	4.714
128.5	7.483	4.714
128.6	7.482	4.714
128.7	7.482	4.713
128.8	7.483	4.713
128.9	7.484	4.714
129	7.484	4.714
129.1	7.484	4.713
129.2	7.484	4.711
129.3	7.483	4.71
129.4	7.484	4.71
129.5	7.484	4.71
129.6	7.485	4.71
129.7	7.485	4.711
129.8	7.486	4.712
129.9	7.487	4.713
130	7.487	4.714
130.1	7.488	4.715
130.2	7.488	4.715
130.3	7.488	4.715
130.4	7.488	4.718
130.5	7.488	4.72
130.6	7.488	4.72
130.7	7.488	4.72
130.8	7.488	4.719
130.9	7.487	4.719
131	7.487	4.717
131.1	7.486	4.716
131.2	7.486	4.715
131.3	7.486	4.715
131.4	7.486	4.714
131.5	7.485	4.714
131.6	7.484	4.714
131.7	7.484	4.713
131.8	7.483	4.712
131.9	7.481	4.709
132	7.482	4.698
132.1	7.485	4.682
132.2	7.493	4.662
132.3	7.507	4.644
132.4	7.522	4.631
132.5	7.54	4.622
132.6	7.546	4.621
132.7	7.533	4.626
132.8	7.505	4.64
132.9	7.47	4.666
133	7.441	4.698
133.1	7.419	4.72
133.2	7.394	4.73
133.3	7.365	4.732
133.4	7.333	4.727
133.5	7.295	4.714
133.6	7.249	4.689
133.7	7.198	4.653
133.8	7.138	4.61
133.9	7.082	4.574
134	7.027	4.548
134.1	6.972	4.533
134.2	6.91	4.522
134.3	6.841	4.516
134.4	6.765	4.517
134.5	6.684	4.519
134.6	6.604	4.515
134.7	6.52	4.505
134.8	6.441	4.486
134.9	6.364	4.456
135	6.285	4.424
135.1	6.199	4.385
135.2	6.118	4.343
135.3	6.041	4.316
135.4	5.967	4.296
135.5	5.893	4.278
135.6	5.817	4.267
135.7	5.73	4.263
135.8	5.643	4.256
135.9	5.565	4.242
136	5.499	4.221
136.1	5.449	4.195
136.2	5.416	4.167
136.3	5.403	4.138
136.4	5.391	4.111
136.5	5.368	4.075
136.6	5.352	4.058
136.7	5.339	4.047
136.8	5.322	4.041
136.9	5.302	4.034
137	5.285	4.028
137.1	5.272	4.02
137.2	5.259	4.015
137.3	5.245	4.01
137.4	5.232	3.997
137.5	5.22	3.972
137.6	5.208	3.938
137.7	5.197	3.896
137.8	5.19	3.843
137.9	5.186	3.785
138	5.18	3.731
138.1	5.167	3.686
138.2	5.144	3.656
138.3	5.107	3.647
138.4	5.068	3.656
138.5	5.037	3.67
138.6	5.015	3.679
138.7	5	3.687
138.8	4.991	3.699
138.9	4.982	3.714
139	4.976	3.718
139.1	4.977	3.706
139.2	4.986	3.695
139.3	4.995	3.69
139.4	5.004	3.687
139.5	5.014	3.684
139.6	5.021	3.685
139.7	5.026	3.689
139.8	5.03	3.695
139.9	5.035	3.705
140	5.043	3.724
140.1	5.053	3.75
140.2	5.065	3.784
140.3	5.084	3.823
140.4	5.115	3.867
140.5	5.153	3.912
140.6	5.189	3.951
140.7	5.219	3.993
140.8	5.244	4.039
140.9	5.266	4.087
141	5.284	4.135
141.1	5.298	4.188
141.2	5.304	4.243
141.3	5.3	4.293
141.4	5.302	4.338
141.5	5.303	4.373
141.6	5.302	4.401
141.7	5.302	4.425
141.8	5.3	4.442
141.9	5.298	4.454
142	5.299	4.464
142.1	5.303	4.47
142.2	5.307	4.473
142.3	5.311	4.473
142.4	5.314	4.472
142.5	5.315	4.47
142.6	5.316	4.467
142.7	5.316	4.463
142.8	5.316	4.461
142.9	5.316	4.456
143	5.316	4.453
143.1	5.317	4.451
143.2	5.317	4.451
143.3	5.316	4.451
143.4	5.316	4.449
143.5	5.317	4.446
143.6	5.319	4.443
143.7	5.321	4.437
143.8	5.323	4.429
143.9	5.324	4.421
144	5.326	4.415
144.1	5.325	4.409
144.2	5.324	4.405
144.3	5.323	4.401
144.4	5.323	4.397
144.5	5.322	4.394
144.6	5.32	4.391
144.7	5.317	4.387
144.8	5.312	4.38
144.9	5.305	4.367
145	5.295	4.344
145.1	5.285	4.309
145.2	5.276	4.263
145.3	5.269	4.207
145.4	5.266	4.148
145.5	5.267	4.095
145.6	5.267	4.051
145.7	5.271	4.013
145.8	5.272	3.981
145.9	5.265	3.955
146	5.245	3.932
146.1	5.212	3.911
146.2	5.17	3.892
146.3	5.12	3.877
146.4	5.074	3.866
146.5	5.039	3.86
146.6	5.017	3.856
146.7	5.007	3.852
146.8	5.007	3.847
146.9	5.015	3.843
147	5.029	3.838
147.1	5.045	3.835
147.2	5.06	3.835
147.3	5.079	3.839
147.4	5.099	3.841
147.5	5.12	3.843
147.6	5.141	3.853
147.7	5.163	3.874
147.8	5.189	3.902
147.9	5.217	3.936
148	5.247	3.977
148.1	5.271	4.025
148.2	5.292	4.075
148.3	5.308	4.119
148.4	5.327	4.159
148.5	5.348	4.193
148.6	5.371	4.224
148.7	5.399	4.254
148.8	5.435	4.28
148.9	5.482	4.3
149	5.534	4.312
149.1	5.585	4.318
149.2	5.627	4.322
149.3	5.658	4.329
149.4	5.682	4.341
149.5	5.697	4.354
149.6	5.706	4.367
149.7	5.708	4.387
149.8	5.709	4.409
149.9	5.71	4.431
150	5.709	4.447
150.1	5.705	4.458
150.2	5.7	4.465
150.3	5.693	4.468
150.4	5.687	4.471
150.5	5.684	4.472
150.6	5.684	4.474
150.7	5.685	4.474
150.8	5.688	4.475
150.9	5.69	4.477
151	5.69	4.477
151.1	5.69	4.478
151.2	5.69	4.478
151.3	5.69	4.478
151.4	5.69	4.48
151.5	5.692	4.48
151.6	5.694	4.48
151.7	5.693	4.481
151.8	5.694	4.481
151.9	5.694	4.479
152	5.695	4.477
152.1	5.696	4.475
152.2	5.697	4.473
152.3	5.697	4.469
152.4	5.698	4.465
152.5	5.699	4.461
152.6	5.699	4.453
152.7	5.702	4.444
152.8	5.706	4.431
152.9	5.712	4.416
153	5.716	4.4
153.1	5.714	4.377
153.2	5.71	4.354
153.3	5.701	4.331
153.4	5.688	4.312
153.5	5.669	4.3
153.6	5.64	4.291
153.7	5.601	4.284
153.8	5.559	4.282
153.9	5.518	4.28
154	5.479	4.275
154.1	5.442	4.263
154.2	5.41	4.242
154.3	5.381	4.213
154.4	5.357	4.176
154.5	5.338	4.131
154.6	5.321	4.078
154.7	5.302	4.021
154.8	5.28	3.964
154.9	5.258	3.913
155	5.233	3.872
155.1	5.204	3.839
155.2	5.173	3.816
155.3	5.14	3.803
155.4	5.101	3.803
155.5	5.063	3.811
155.6	5.025	3.824
155.7	4.986	3.837
155.8	4.951	3.845
155.9	4.917	3.846
156	4.88	3.839
156.1	4.84	3.827
156.2	4.799	3.806
156.3	4.759	3.78
156.4	4.72	3.758
156.5	4.682	3.744
156.6	4.647	3.739
156.7	4.612	3.742
156.8	4.575	3.753
156.9	4.534	3.772
157	4.488	3.8
157.1	4.438	3.831
157.2	4.398	3.855
157.3	4.369	3.87
157.4	4.353	3.877
157.5	4.351	3.872
157.6	4.371	3.856
157.7	4.412	3.836
157.8	4.468	3.816
157.9	4.536	3.797
158	4.608	3.779
158.1	4.676	3.765
158.2	4.728	3.754
158.3	4.766	3.744
158.4	4.79	3.734
158.5	4.807	3.721
158.6	4.817	3.708
158.7	4.822	3.695
158.8	4.824	3.683
158.9	4.826	3.674
159	4.831	3.669
159.1	4.842	3.673
159.2	4.865	3.684
159.3	4.9	3.701
159.4	4.943	3.717
159.5	4.983	3.736
159.6	5.012	3.768
159.7	5.035	3.808
159.8	5.058	3.847
159.9	5.078	3.887
160	5.093	3.93
160.1	5.1	3.974
160.2	5.102	4.014
160.3	5.105	4.051
160.4	5.111	4.079
160.5	5.121	4.1
160.6	5.138	4.114
160.7	5.153	4.118
160.8	5.168	4.115
160.9	5.182	4.109
161	5.194	4.105
161.1	5.203	4.105
161.2	5.209	4.104
161.3	5.212	4.104
161.4	5.214	4.102
161.5	5.217	4.101
161.6	5.219	4.099
161.7	5.222	4.095
161.8	5.226	4.087
161.9	5.232	4.074
