Time	Velocity
0	0
0.1	0.04
0.2	0.15
0.3	0.31
0.4	0.5
0.5	0.72
0.6	0.94
0.7	1.13
0.8	1.28
0.9	1.37
1	1.4
1.1	1.4
1.2	1.4
1.3	1.4
1.4	1.4
1.5	1.4
1.6	1.4
1.7	1.4
1.8	1.4
1.9	1.37
2	1.28
2.1	1.13
2.2	0.94
2.3	0.72
2.4	0.5
2.5	0.31
2.6	0.15
2.7	0.04
0	-0.01
0.1	-0.05
0.2	-0.23
0.3	-0.5
0.4	-0.83
0.5	-1.11
0.6	-1.31
0.7	-1.4
0.8	-1.35
0.9	-1.2
1	-0.91
1.1	-0.64
1.2	-0.34
1.3	-0.1
0	0
0.1	0.04
0.2	0.15
0.3	0.31
0.4	0.5
0.5	0.72
0.6	0.94
0.7	1.13
0.8	1.28
0.9	1.37
1	1.4
1.1	1.4
1.2	1.4
1.3	1.4
1.4	1.4
1.5	1.4
1.6	1.4
1.7	1.4
1.8	1.4
1.9	1.37
2	1.28
2.1	1.13
2.2	0.94
2.3	0.73
2.4	0.51
2.5	0.31
2.6	0.15
2.7	0.04
0	-0.01
0.1	-0.07
0.2	-0.25
0.3	-0.53
0.4	-0.83
0.5	-1.11
0.6	-1.31
0.7	-1.4
0.8	-1.35
0.9	-1.17
1	-0.94
1.1	-0.6
1.2	-0.32
1.3	-0.1
