Time	X	Z
0	1.885	3.718
0.1	1.885	3.718
0.2	1.885	3.718
0.3	1.885	3.718
0.4	1.885	3.718
0.5	1.885	3.718
0.6	1.885	3.718
0.7	1.885	3.718
0.8	1.885	3.718
0.9	1.885	3.718
1	1.885	3.718
1.1	1.885	3.718
1.2	1.885	3.718
1.3	1.885	3.718
1.4	1.885	3.718
1.5	1.885	3.718
1.6	1.885	3.718
1.7	1.885	3.718
1.8	1.885	3.718
1.9	1.885	3.718
2	1.885	3.718
2.1	1.885	3.718
2.2	1.885	3.718
2.3	1.885	3.718
2.4	1.885	3.718
2.5	1.885	3.718
2.6	1.885	3.718
2.7	1.885	3.718
2.8	1.885	3.718
2.9	1.885	3.718
3	1.885	3.718
3.1	1.885	3.718
3.2	1.885	3.718
3.3	1.885	3.718
3.4	1.885	3.718
3.5	1.885	3.718
3.6	1.885	3.718
3.7	1.885	3.718
3.8	1.885	3.718
3.9	1.885	3.718
4	1.885	3.718
4.1	1.885	3.718
4.2	1.885	3.718
4.3	1.885	3.718
4.4	1.885	3.718
4.5	1.885	3.718
4.6	1.885	3.718
4.7	1.885	3.718
4.8	1.885	3.718
4.9	1.885	3.718
5	1.885	3.718
5.1	1.885	3.718
5.2	1.885	3.718
5.3	1.885	3.718
5.4	1.885	3.718
5.5	1.885	3.718
5.6	1.885	3.718
5.7	1.885	3.718
5.8	1.885	3.718
5.9	1.885	3.718
6	1.885	3.718
6.1	1.885	3.718
6.2	1.885	3.718
6.3	1.885	3.718
6.4	1.885	3.718
6.5	1.885	3.718
6.6	1.885	3.718
6.7	1.885	3.718
6.8	1.885	3.718
6.9	1.885	3.718
7	1.885	3.718
7.1	1.885	3.718
7.2	1.885	3.718
7.3	1.885	3.718
7.4	1.885	3.718
7.5	1.885	3.718
7.6	1.885	3.718
7.7	1.885	3.718
7.8	1.885	3.718
7.9	1.885	3.718
8	1.885	3.718
8.1	1.885	3.718
8.2	1.885	3.718
8.3	1.885	3.718
8.4	1.885	3.718
8.5	1.885	3.718
8.6	1.885	3.718
8.7	1.885	3.718
8.8	1.885	3.718
8.9	1.885	3.718
9	1.885	3.718
9.1	1.885	3.718
9.2	1.885	3.718
9.3	1.885	3.718
9.4	1.885	3.718
9.5	1.885	3.718
9.6	1.885	3.718
9.7	1.885	3.718
9.8	1.885	3.718
9.9	1.885	3.718
10	1.885	3.718
10.1	1.885	3.718
10.2	1.885	3.718
10.3	1.885	3.718
10.4	1.885	3.718
10.5	1.885	3.718
10.6	1.885	3.718
10.7	1.885	3.718
10.8	1.885	3.718
10.9	1.885	3.718
11	1.885	3.718
11.1	1.885	3.718
11.2	1.885	3.718
11.3	1.885	3.718
11.4	1.885	3.718
11.5	1.885	3.718
11.6	1.885	3.718
11.7	1.885	3.718
11.8	1.885	3.718
11.9	1.885	3.718
12	1.885	3.718
12.1	1.885	3.718
12.2	1.885	3.718
12.3	1.885	3.718
12.4	1.885	3.718
12.5	1.885	3.718
12.6	1.885	3.718
12.7	1.885	3.718
12.8	1.885	3.718
12.9	1.885	3.718
13	1.885	3.718
13.1	1.885	3.718
13.2	1.885	3.718
13.3	1.885	3.718
13.4	1.885	3.718
13.5	1.885	3.718
13.6	1.885	3.718
13.7	1.885	3.718
13.8	1.885	3.718
13.9	1.885	3.718
14	1.885	3.718
14.1	1.885	3.718
14.2	1.885	3.718
14.3	1.885	3.718
14.4	1.885	3.718
14.5	1.885	3.718
14.6	1.885	3.718
14.7	1.885	3.718
14.8	1.885	3.718
14.9	1.885	3.718
15	1.885	3.718
15.1	1.885	3.718
15.2	1.885	3.718
15.3	1.885	3.718
15.4	1.885	3.718
15.5	1.885	3.718
15.6	1.885	3.718
15.7	1.885	3.718
15.8	1.885	3.718
15.9	1.885	3.718
16	1.885	3.718
16.1	1.885	3.718
16.2	1.885	3.718
16.3	1.885	3.718
16.4	1.885	3.718
16.5	1.885	3.718
16.6	1.885	3.718
16.7	1.885	3.718
16.8	1.885	3.718
16.9	1.885	3.718
17	1.885	3.718
17.1	1.885	3.718
17.2	1.885	3.718
17.3	1.885	3.718
17.4	1.885	3.718
17.5	1.885	3.718
17.6	1.885	3.718
17.7	1.885	3.718
17.8	1.885	3.718
17.9	1.885	3.718
18	1.885	3.718
18.1	1.885	3.718
18.2	1.885	3.718
18.3	1.885	3.718
18.4	1.885	3.718
18.5	1.885	3.718
18.6	1.885	3.718
18.7	1.885	3.718
18.8	1.885	3.718
18.9	1.885	3.718
19	1.885	3.718
19.1	1.885	3.718
19.2	1.885	3.718
19.3	1.885	3.718
19.4	1.885	3.718
19.5	1.885	3.718
19.6	1.885	3.718
19.7	1.885	3.718
19.8	1.885	3.718
19.9	1.885	3.718
20	1.885	3.718
20.1	1.885	3.718
20.2	1.885	3.718
20.3	1.885	3.718
20.4	1.885	3.718
20.5	1.885	3.718
20.6	1.885	3.718
20.7	1.885	3.718
20.8	1.885	3.718
20.9	1.885	3.718
21	1.885	3.718
21.1	1.885	3.718
21.2	1.885	3.718
21.3	1.885	3.718
21.4	1.885	3.718
21.5	1.885	3.718
21.6	1.885	3.718
21.7	1.885	3.718
21.8	1.885	3.718
21.9	1.885	3.718
22	1.885	3.718
22.1	1.885	3.718
22.2	1.885	3.718
22.3	1.885	3.718
22.4	1.885	3.718
22.5	1.885	3.718
22.6	1.885	3.718
22.7	1.885	3.718
22.8	1.885	3.718
22.9	1.885	3.718
23	1.885	3.718
23.1	1.885	3.718
23.2	1.885	3.718
23.3	1.885	3.718
23.4	1.885	3.718
23.5	1.885	3.718
23.6	1.885	3.718
23.7	1.885	3.718
23.8	1.885	3.718
23.9	1.885	3.718
24	1.885	3.718
24.1	1.885	3.718
24.2	1.885	3.718
24.3	1.885	3.718
24.4	1.885	3.718
24.5	1.885	3.718
24.6	1.885	3.718
24.7	1.885	3.718
24.8	1.885	3.718
24.9	1.885	3.718
25	1.885	3.718
25.1	1.885	3.718
25.2	1.885	3.718
25.3	1.885	3.718
25.4	1.885	3.718
25.5	1.885	3.718
25.6	1.885	3.718
25.7	1.885	3.718
25.8	1.885	3.718
25.9	1.885	3.718
26	1.885	3.718
26.1	1.885	3.718
26.2	1.885	3.718
26.3	1.885	3.718
26.4	1.885	3.718
26.5	1.885	3.718
26.6	1.885	3.718
26.7	1.885	3.718
26.8	1.885	3.718
26.9	1.885	3.718
27	1.885	3.718
27.1	1.885	3.718
27.2	1.885	3.718
27.3	1.885	3.718
27.4	1.885	3.718
27.5	1.885	3.718
27.6	1.885	3.718
27.7	1.885	3.718
27.8	1.885	3.718
27.9	1.885	3.718
28	1.885	3.718
28.1	1.885	3.718
28.2	1.885	3.718
28.3	1.885	3.718
28.4	1.885	3.718
28.5	1.885	3.718
28.6	1.885	3.718
28.7	1.885	3.718
28.8	1.885	3.718
28.9	1.885	3.718
29	1.885	3.718
29.1	1.885	3.718
29.2	1.885	3.718
29.3	1.885	3.718
29.4	1.885	3.718
29.5	1.885	3.718
29.6	1.885	3.718
29.7	1.885	3.718
29.8	1.885	3.718
29.9	1.885	3.718
30	1.885	3.718
30.1	1.885	3.718
30.2	1.885	3.718
30.3	1.885	3.718
30.4	1.885	3.718
30.5	1.885	3.718
30.6	1.885	3.718
30.7	1.885	3.718
30.8	1.885	3.718
30.9	1.885	3.718
31	1.885	3.718
31.1	1.885	3.718
31.2	1.885	3.718
31.3	1.885	3.718
31.4	1.885	3.718
31.5	1.885	3.718
31.6	1.885	3.718
31.7	1.885	3.718
31.8	1.885	3.718
31.9	1.885	3.718
32	1.885	3.718
32.1	1.885	3.718
32.2	1.885	3.718
32.3	1.885	3.718
32.4	1.885	3.718
32.5	1.885	3.718
32.6	1.885	3.718
32.7	1.885	3.718
32.8	1.885	3.718
32.9	1.885	3.718
33	1.885	3.718
33.1	1.885	3.718
33.2	1.885	3.718
33.3	1.885	3.718
33.4	1.885	3.718
33.5	1.885	3.718
33.6	1.885	3.718
33.7	1.885	3.718
33.8	1.885	3.718
33.9	1.885	3.718
34	1.885	3.718
34.1	1.885	3.718
34.2	1.885	3.718
34.3	1.885	3.718
34.4	1.885	3.718
34.5	1.885	3.718
34.6	1.885	3.718
34.7	1.885	3.718
34.8	1.885	3.718
34.9	1.885	3.718
35	1.885	3.718
35.1	1.885	3.718
35.2	1.885	3.718
35.3	1.885	3.718
35.4	1.885	3.718
35.5	1.885	3.718
35.6	1.885	3.718
35.7	1.885	3.718
35.8	1.885	3.718
35.9	1.885	3.718
36	1.885	3.718
36.1	1.885	3.718
36.2	1.885	3.718
36.3	1.885	3.718
36.4	1.885	3.718
36.5	1.885	3.718
36.6	1.885	3.718
36.7	1.885	3.718
36.8	1.885	3.718
36.9	1.885	3.718
37	1.885	3.718
37.1	1.885	3.718
37.2	1.885	3.718
37.3	1.885	3.718
37.4	1.885	3.718
37.5	1.885	3.718
37.6	1.885	3.718
37.7	1.885	3.718
37.8	1.885	3.718
37.9	1.885	3.718
38	1.885	3.718
38.1	1.885	3.718
38.2	1.885	3.718
38.3	1.885	3.718
38.4	1.885	3.718
38.5	1.885	3.718
38.6	1.885	3.718
38.7	1.885	3.718
38.8	1.885	3.718
38.9	1.885	3.718
39	1.885	3.718
39.1	1.885	3.718
39.2	1.885	3.718
39.3	1.885	3.718
39.4	1.885	3.718
39.5	1.885	3.718
39.6	1.885	3.718
39.7	1.885	3.718
39.8	1.885	3.718
39.9	1.885	3.718
40	1.885	3.718
40.1	1.885	3.718
40.2	1.885	3.718
40.3	1.885	3.718
40.4	1.885	3.718
40.5	1.885	3.718
40.6	1.885	3.718
40.7	1.885	3.718
40.8	1.885	3.718
40.9	1.885	3.718
41	1.885	3.718
41.1	1.885	3.718
41.2	1.885	3.718
41.3	1.885	3.718
41.4	1.885	3.718
41.5	1.885	3.718
41.6	1.885	3.718
41.7	1.885	3.718
41.8	1.885	3.718
41.9	1.885	3.718
42	1.885	3.718
42.1	1.885	3.718
42.2	1.885	3.718
42.3	1.885	3.718
42.4	1.885	3.718
42.5	1.885	3.718
42.6	1.885	3.718
42.7	1.885	3.718
42.8	1.885	3.718
42.9	1.885	3.718
43	1.885	3.718
43.1	1.885	3.718
43.2	1.885	3.718
43.3	1.885	3.718
43.4	1.885	3.718
43.5	1.885	3.718
43.6	1.885	3.718
43.7	1.885	3.718
43.8	1.885	3.718
43.9	1.885	3.718
44	1.885	3.718
44.1	1.885	3.718
44.2	1.885	3.718
44.3	1.885	3.718
44.4	1.885	3.718
44.5	1.885	3.718
44.6	1.885	3.718
44.7	1.885	3.718
44.8	1.885	3.718
44.9	1.885	3.718
45	1.885	3.718
45.1	1.885	3.718
45.2	1.885	3.718
45.3	1.885	3.718
45.4	1.885	3.718
45.5	1.885	3.718
45.6	1.885	3.718
45.7	1.885	3.718
45.8	1.885	3.718
45.9	1.885	3.718
46	1.885	3.718
46.1	1.885	3.718
46.2	1.885	3.718
46.3	1.885	3.718
46.4	1.885	3.718
46.5	1.885	3.718
46.6	1.885	3.718
46.7	1.885	3.718
46.8	1.885	3.718
46.9	1.885	3.718
47	1.885	3.718
47.1	1.885	3.718
47.2	1.885	3.718
47.3	1.885	3.718
47.4	1.885	3.718
47.5	1.885	3.718
47.6	1.885	3.718
47.7	1.885	3.718
47.8	1.885	3.718
47.9	1.885	3.718
48	1.885	3.718
48.1	1.885	3.718
48.2	1.885	3.718
48.3	1.885	3.718
48.4	1.885	3.718
48.5	1.885	3.718
48.6	1.885	3.718
48.7	1.885	3.718
48.8	1.885	3.718
48.9	1.885	3.718
49	1.885	3.718
49.1	1.885	3.718
49.2	1.885	3.718
49.3	1.885	3.718
49.4	1.885	3.718
49.5	1.885	3.718
49.6	1.885	3.718
49.7	1.885	3.718
49.8	1.885	3.718
49.9	1.885	3.718
50	1.885	3.718
50.1	1.885	3.718
50.2	1.885	3.718
50.3	1.885	3.718
50.4	1.885	3.718
50.5	1.885	3.718
50.6	1.885	3.718
50.7	1.885	3.718
50.8	1.885	3.718
50.9	1.885	3.718
51	1.885	3.718
51.1	1.885	3.718
51.2	1.885	3.718
51.3	1.885	3.718
51.4	1.885	3.718
51.5	1.885	3.718
51.6	1.885	3.718
51.7	1.885	3.718
51.8	1.885	3.718
51.9	1.885	3.718
52	1.885	3.718
52.1	1.885	3.718
52.2	1.885	3.718
52.3	1.885	3.718
52.4	1.885	3.718
52.5	1.885	3.718
52.6	1.885	3.718
52.7	1.885	3.718
52.8	1.885	3.718
52.9	1.885	3.718
53	1.885	3.718
53.1	1.885	3.718
53.2	1.885	3.718
53.3	1.885	3.718
53.4	1.885	3.718
53.5	1.885	3.718
53.6	1.885	3.718
53.7	1.885	3.718
53.8	1.885	3.718
53.9	1.885	3.718
54	1.885	3.718
54.1	1.885	3.718
54.2	1.885	3.718
54.3	1.885	3.718
54.4	1.885	3.718
54.5	1.885	3.718
54.6	1.885	3.718
54.7	1.885	3.718
54.8	1.885	3.718
54.9	1.885	3.718
55	1.885	3.718
55.1	1.885	3.718
55.2	1.885	3.718
55.3	1.885	3.718
55.4	1.885	3.718
55.5	1.885	3.718
55.6	1.885	3.718
55.7	1.885	3.718
55.8	1.885	3.718
55.9	1.885	3.718
56	1.885	3.718
56.1	1.885	3.718
56.2	1.885	3.718
56.3	1.885	3.718
56.4	1.885	3.718
56.5	1.885	3.718
56.6	1.885	3.718
56.7	1.885	3.718
56.8	1.885	3.718
56.9	1.885	3.718
57	1.885	3.718
57.1	1.885	3.718
57.2	1.885	3.718
57.3	1.885	3.718
57.4	1.885	3.718
57.5	1.885	3.718
57.6	1.885	3.718
57.7	1.885	3.718
57.8	1.885	3.718
57.9	1.885	3.718
58	1.885	3.718
58.1	1.885	3.718
58.2	1.885	3.718
58.3	1.885	3.718
58.4	1.885	3.718
58.5	1.885	3.718
58.6	1.885	3.718
58.7	1.885	3.718
58.8	1.885	3.718
58.9	1.885	3.718
59	1.885	3.718
59.1	1.885	3.718
59.2	1.885	3.718
59.3	1.885	3.718
59.4	1.885	3.718
59.5	1.885	3.718
59.6	1.885	3.718
59.7	1.885	3.718
59.8	1.885	3.718
59.9	1.885	3.718
60	1.885	3.718
60.1	1.885	3.718
60.2	1.885	3.718
60.3	1.885	3.718
60.4	1.885	3.718
60.5	1.885	3.718
60.6	1.885	3.718
60.7	1.885	3.718
60.8	1.885	3.718
60.9	1.885	3.718
61	1.885	3.718
61.1	1.885	3.718
61.2	1.885	3.718
61.3	1.885	3.718
61.4	1.885	3.718
61.5	1.885	3.718
61.6	1.885	3.718
61.7	1.885	3.718
61.8	1.885	3.718
61.9	1.885	3.718
62	1.885	3.718
62.1	1.885	3.718
62.2	1.885	3.718
62.3	1.885	3.718
62.4	1.885	3.718
62.5	1.885	3.718
62.6	1.885	3.718
62.7	1.885	3.718
62.8	1.885	3.718
62.9	1.885	3.718
63	1.885	3.718
63.1	1.885	3.718
63.2	1.885	3.718
63.3	1.885	3.718
63.4	1.885	3.718
63.5	1.885	3.718
63.6	1.885	3.718
63.7	1.885	3.718
63.8	1.885	3.718
63.9	1.885	3.718
64	1.885	3.718
64.1	1.885	3.718
64.2	1.885	3.718
64.3	1.885	3.718
64.4	1.885	3.718
64.5	1.885	3.718
64.6	1.885	3.718
64.7	1.885	3.718
64.8	1.885	3.718
64.9	1.885	3.718
65	1.885	3.718
65.1	1.885	3.718
65.2	1.885	3.718
65.3	1.885	3.718
65.4	1.885	3.718
65.5	1.885	3.718
65.6	1.885	3.718
65.7	1.885	3.718
65.8	1.885	3.718
65.9	1.885	3.718
66	1.885	3.718
66.1	1.885	3.718
66.2	1.885	3.718
66.3	1.885	3.718
66.4	1.885	3.718
66.5	1.885	3.718
66.6	1.885	3.718
66.7	1.885	3.718
66.8	1.885	3.718
66.9	1.885	3.718
67	1.885	3.718
67.1	1.885	3.718
67.2	1.885	3.718
67.3	1.885	3.718
67.4	1.885	3.718
67.5	1.885	3.718
67.6	1.885	3.718
67.7	1.885	3.718
67.8	1.885	3.718
67.9	1.885	3.718
68	1.885	3.718
68.1	1.885	3.718
68.2	1.885	3.718
68.3	1.89	3.718
68.4	1.901	3.718
68.5	1.932	3.717
68.6	1.979	3.716
68.7	2.051	3.715
68.8	2.155	3.714
68.9	2.264	3.712
69	2.396	3.71
69.1	2.512	3.71
69.2	2.657	3.719
69.3	2.806	3.754
69.4	2.925	3.798
69.5	3.042	3.835
69.6	3.19	3.881
69.7	3.34	3.92
69.8	3.463	3.941
69.9	3.616	3.963
70	3.746	3.971
70.1	3.897	3.975
70.2	4.014	3.974
70.3	4.149	3.951
70.4	4.294	3.921
70.5	4.433	3.865
70.6	4.552	3.788
70.7	4.644	3.702
70.8	4.729	3.57
70.9	4.785	3.461
71	4.853	3.321
71.1	4.875	3.19
71.2	4.884	3.074
71.3	4.896	2.919
71.4	4.897	2.763
71.5	4.899	2.642
71.6	4.9	2.5
71.7	4.9	2.356
71.8	4.901	2.224
71.9	4.901	2.065
72	4.901	1.942
72.1	4.901	1.803
72.2	4.901	1.659
72.3	4.901	1.511
72.4	4.901	1.381
72.5	4.901	1.268
72.6	4.901	1.174
72.7	4.901	1.104
72.8	4.901	1.06
72.9	4.901	1.023
73	4.901	1.007
73.1	4.901	1.001
73.2	4.901	1.001
73.3	4.901	1.001
73.4	4.901	1.001
73.5	4.901	1.001
73.6	4.901	1.001
73.7	4.901	1.001
73.8	4.901	1.001
73.9	4.901	1.001
74	4.901	1.001
74.1	4.901	1.001
74.2	4.901	1.001
74.3	4.901	1.001
74.4	4.901	1.001
74.5	4.901	1.001
74.6	4.901	1.001
74.7	4.901	1.001
74.8	4.901	1.001
74.9	4.901	1.001
75	4.901	1.001
75.1	4.901	1.001
75.2	4.901	1.001
75.3	4.901	1.001
75.4	4.901	1.001
75.5	4.901	1.001
75.6	4.901	1.001
75.7	4.901	1.001
75.8	4.901	1.001
75.9	4.901	1.001
76	4.901	1.001
76.1	4.901	1.001
76.2	4.901	1.001
76.3	4.901	1.001
76.4	4.901	1.001
76.5	4.901	1.001
76.6	4.901	1.001
76.7	4.901	1.001
76.8	4.901	1.001
76.9	4.901	1.001
77	4.901	1.001
77.1	4.901	1.001
77.2	4.901	1.001
77.3	4.901	1.001
77.4	4.901	1.001
77.5	4.901	1.001
77.6	4.901	1.001
77.7	4.901	1.001
77.8	4.901	1.001
77.9	4.901	1.001
78	4.901	1.001
78.1	4.901	1.001
78.2	4.901	1.001
78.3	4.901	1.001
78.4	4.901	1.001
78.5	4.901	1.001
78.6	4.901	1.001
78.7	4.901	1.001
78.8	4.901	1.001
78.9	4.901	1.001
79	4.901	1.001
79.1	4.901	1.001
79.2	4.901	1.001
79.3	4.901	1.001
79.4	4.901	1.001
79.5	4.901	1.001
79.6	4.901	1.001
79.7	4.901	1.001
79.8	4.901	1.001
79.9	4.901	1.001
80	4.901	1.001
80.1	4.901	1.001
80.2	4.901	1.001
80.3	4.901	1.001
80.4	4.901	1.001
80.5	4.901	1.001
80.6	4.901	1.001
80.7	4.901	1.001
80.8	4.901	1.001
80.9	4.901	1.001
81	4.901	1.001
81.1	4.901	1.001
81.2	4.901	1.001
81.3	4.901	1.001
81.4	4.901	1.001
81.5	4.901	1.001
81.6	4.901	1.001
81.7	4.901	1.001
81.8	4.901	1.001
81.9	4.901	1.001
82	4.901	1.001
82.1	4.901	1.001
82.2	4.901	1.001
82.3	4.901	1.001
82.4	4.901	1.001
82.5	4.901	1.001
82.6	4.901	1.001
82.7	4.901	1.001
82.8	4.901	1.001
82.9	4.901	1.001
83	4.901	1.001
83.1	4.901	1.001
83.2	4.901	1.001
83.3	4.901	1.001
83.4	4.901	1.001
83.5	4.901	1.001
83.6	4.901	1.001
83.7	4.901	1.001
83.8	4.901	1.001
83.9	4.901	1.001
84	4.901	1.001
84.1	4.901	1.001
84.2	4.901	1.001
84.3	4.901	1.001
84.4	4.901	1.001
84.5	4.901	1.001
84.6	4.901	1.001
84.7	4.901	1.001
84.8	4.901	1.001
84.9	4.901	1.001
85	4.901	1.001
85.1	4.901	1.001
85.2	4.901	1.001
85.3	4.901	1.001
85.4	4.901	1.001
85.5	4.901	1.001
85.6	4.901	1.001
85.7	4.901	1.001
85.8	4.901	1.001
85.9	4.901	1.001
86	4.901	1.001
86.1	4.901	1.001
86.2	4.901	1.001
86.3	4.901	1.001
86.4	4.901	1.001
86.5	4.901	1.001
86.6	4.901	1.001
86.7	4.901	1.001
86.8	4.901	1.001
86.9	4.901	1.001
87	4.901	1.001
87.1	4.901	1.001
87.2	4.901	1.001
87.3	4.901	1.001
87.4	4.901	1.001
87.5	4.901	1.001
87.6	4.901	1.001
87.7	4.901	1.001
87.8	4.901	1.001
87.9	4.901	1.001
88	4.901	1.001
88.1	4.901	1.001
88.2	4.901	1.001
88.3	4.901	1.001
88.4	4.901	1.001
88.5	4.901	1.001
88.6	4.901	1.001
88.7	4.901	1.001
88.8	4.901	1.001
88.9	4.901	1.001
89	4.901	1.001
89.1	4.901	1.001
89.2	4.901	1.001
89.3	4.901	1.001
89.4	4.901	1.001
89.5	4.901	1.001
89.6	4.901	1.001
89.7	4.901	1.001
89.8	4.901	1.001
89.9	4.901	1.001
90	4.901	1.001
90.1	4.901	1.001
90.2	4.901	1.001
90.3	4.901	1.001
90.4	4.901	1.001
90.5	4.901	1.001
90.6	4.901	1.001
90.7	4.901	1.001
90.8	4.901	1.001
90.9	4.901	1.001
91	4.901	1.001
91.1	4.901	1.001
91.2	4.901	1.001
91.3	4.901	1.001
91.4	4.901	1.001
91.5	4.901	1.001
91.6	4.901	1.001
91.7	4.901	1.001
91.8	4.901	1.001
91.9	4.901	1.001
92	4.901	1.001
92.1	4.901	1.001
92.2	4.901	1.001
92.3	4.901	1.001
92.4	4.901	1.001
92.5	4.901	1.001
92.6	4.901	1.001
92.7	4.901	1.001
92.8	4.901	1.001
92.9	4.901	1.001
93	4.901	1.001
93.1	4.901	1.001
93.2	4.901	1.001
93.3	4.901	1.001
93.4	4.901	1.001
93.5	4.901	1.001
93.6	4.901	1.001
93.7	4.901	1.001
93.8	4.901	1.001
93.9	4.901	1.001
94	4.901	1.001
94.1	4.901	1.001
94.2	4.901	1.001
94.3	4.901	1.001
94.4	4.901	1.001
94.5	4.901	1.001
94.6	4.901	1.001
94.7	4.901	1.001
94.8	4.901	1.001
94.9	4.901	1.001
95	4.901	1.001
95.1	4.901	1.001
95.2	4.901	1.001
95.3	4.901	1.001
95.4	4.901	1.001
95.5	4.901	1.001
95.6	4.901	1.001
95.7	4.901	1.001
95.8	4.901	1.001
95.9	4.901	1.001
96	4.901	1.001
96.1	4.901	1.001
96.2	4.901	1.001
96.3	4.901	1.001
96.4	4.901	1.001
96.5	4.901	1.001
96.6	4.901	1.001
96.7	4.901	1.001
96.8	4.901	1.001
96.9	4.901	1.001
97	4.901	1.001
97.1	4.901	1.001
97.2	4.901	1.001
97.3	4.901	1.001
97.4	4.901	1.001
97.5	4.901	1.001
97.6	4.901	1.001
97.7	4.901	1.001
97.8	4.901	1.001
97.9	4.901	1.001
98	4.901	1.001
98.1	4.901	1.001
98.2	4.901	1.001
98.3	4.901	1.001
98.4	4.901	1.001
98.5	4.901	1.001
98.6	4.901	1.001
98.7	4.901	1.001
98.8	4.901	1.001
98.9	4.901	1.001
99	4.901	1.001
99.1	4.901	1.001
99.2	4.901	1.001
99.3	4.901	1.001
99.4	4.901	1.001
99.5	4.901	1.001
99.6	4.901	1.001
99.7	4.901	1.001
99.8	4.901	1.001
99.9	4.901	1.001
100	4.901	1.001
100.1	4.901	1.001
100.2	4.901	1.001
100.3	4.901	1.001
100.4	4.901	1.001
100.5	4.901	1.001
100.6	4.901	1.001
100.7	4.901	1.001
100.8	4.901	1.001
100.9	4.901	1.001
101	4.901	1.001
101.1	4.901	1.001
101.2	4.901	1.001
101.3	4.901	1.001
101.4	4.901	1.001
101.5	4.901	1.001
101.6	4.901	1.001
101.7	4.901	1.001
101.8	4.901	1.001
101.9	4.901	1.001
102	4.901	1.001
102.1	4.901	1.001
102.2	4.901	1.001
102.3	4.901	1.001
102.4	4.901	1.001
102.5	4.901	1.001
102.6	4.901	1.001
102.7	4.901	1.001
102.8	4.901	1.001
102.9	4.901	1.001
103	4.901	1.001
103.1	4.901	1.001
103.2	4.901	1.001
103.3	4.901	1.001
103.4	4.901	1.001
103.5	4.901	1.001
103.6	4.901	1.001
103.7	4.901	1.001
103.8	4.901	1.001
103.9	4.901	1.001
104	4.901	1.001
104.1	4.901	1.001
104.2	4.901	1.001
104.3	4.901	1.001
104.4	4.901	1.001
104.5	4.901	1.001
104.6	4.901	1.001
104.7	4.901	1.001
104.8	4.901	1.001
104.9	4.901	1.001
105	4.901	1.001
105.1	4.901	1.001
105.2	4.901	1.001
105.3	4.901	1.001
105.4	4.901	1.001
105.5	4.901	1.001
105.6	4.901	1.001
105.7	4.901	1.001
105.8	4.901	1.001
105.9	4.901	1.001
106	4.901	1.001
106.1	4.901	1.001
106.2	4.901	1.001
106.3	4.901	1.001
106.4	4.901	1.001
106.5	4.901	1.001
106.6	4.901	1.001
106.7	4.901	1.001
106.8	4.901	1.001
106.9	4.901	1.001
107	4.901	1.001
107.1	4.901	1.001
107.2	4.901	1.001
107.3	4.901	1.001
107.4	4.901	1.001
107.5	4.901	1.001
107.6	4.901	1.001
107.7	4.901	1.001
107.8	4.901	1.001
107.9	4.901	1.001
108	4.901	1.001
108.1	4.901	1.001
108.2	4.901	1.001
108.3	4.901	1.001
108.4	4.901	1.001
108.5	4.901	1.001
108.6	4.901	1.001
108.7	4.901	1.001
108.8	4.901	1.001
108.9	4.901	1.001
109	4.901	1.001
109.1	4.901	1.001
109.2	4.901	1.001
109.3	4.901	1.001
109.4	4.901	1.001
109.5	4.901	1.001
109.6	4.901	1.001
109.7	4.901	1.001
109.8	4.901	1.001
109.9	4.901	1.001
110	4.901	1.001
110.1	4.901	1.001
110.2	4.901	1.001
110.3	4.901	1.001
110.4	4.901	1.001
110.5	4.901	1.001
110.6	4.901	1.001
110.7	4.901	1.001
110.8	4.901	1.001
110.9	4.901	1.001
111	4.901	1.001
111.1	4.901	1.001
111.2	4.901	1.001
111.3	4.901	1.001
111.4	4.901	1.001
111.5	4.901	1.001
111.6	4.901	1.001
111.7	4.901	1.001
111.8	4.901	1.001
111.9	4.901	1.001
112	4.901	1.001
112.1	4.901	1.001
112.2	4.901	1.001
112.3	4.901	1.001
112.4	4.901	1.001
112.5	4.901	1.001
112.6	4.901	1.001
112.7	4.901	1.001
112.8	4.901	1.001
112.9	4.901	1.001
113	4.901	1.001
113.1	4.901	1.001
113.2	4.901	1.001
113.3	4.901	1.001
113.4	4.901	1.001
113.5	4.901	1.001
113.6	4.901	1.001
113.7	4.901	1.001
113.8	4.901	1.001
113.9	4.901	1.001
114	4.901	1.001
114.1	4.901	1.001
114.2	4.901	1.001
114.3	4.901	1.001
114.4	4.901	1.001
114.5	4.901	1.001
114.6	4.901	1.001
114.7	4.901	1.001
114.8	4.901	1.001
114.9	4.901	1.001
115	4.901	1.001
115.1	4.901	1.001
115.2	4.901	1.001
115.3	4.901	1.001
115.4	4.901	1.001
115.5	4.901	1.001
115.6	4.901	1.001
115.7	4.901	1.001
115.8	4.901	1.001
115.9	4.901	1.001
116	4.901	1.001
116.1	4.901	1.001
116.2	4.901	1.001
116.3	4.901	1.001
116.4	4.901	1.001
116.5	4.901	1.001
116.6	4.901	1.001
116.7	4.901	1.001
116.8	4.901	1.001
116.9	4.901	1.001
117	4.901	1.001
117.1	4.901	1.001
117.2	4.901	1.001
117.3	4.901	1.001
117.4	4.901	1.001
117.5	4.901	1.001
117.6	4.901	1.001
117.7	4.901	1.001
117.8	4.901	1.001
117.9	4.901	1.001
118	4.901	1.001
118.1	4.901	1.001
118.2	4.901	1.001
118.3	4.901	1.001
118.4	4.901	1.001
118.5	4.901	1.001
118.6	4.901	1.001
118.7	4.901	1.001
118.8	4.901	1.001
118.9	4.901	1.001
119	4.901	1.001
119.1	4.901	1.001
119.2	4.901	1.001
119.3	4.901	1.001
119.4	4.901	1.001
119.5	4.901	1.001
119.6	4.901	1.001
119.7	4.901	1.001
119.8	4.901	1.001
119.9	4.901	1.001
120	4.901	1.001
120.1	4.901	1.001
120.2	4.901	1.001
120.3	4.901	1.001
120.4	4.901	1.001
120.5	4.901	1.001
120.6	4.901	1.001
120.7	4.901	1.001
120.8	4.901	1.001
120.9	4.901	1.001
121	4.901	1.001
121.1	4.901	1.001
121.2	4.901	1.001
121.3	4.901	1.001
121.4	4.901	1.001
121.5	4.901	1.001
121.6	4.901	1.001
121.7	4.901	1.001
121.8	4.901	1.001
121.9	4.901	1.001
122	4.901	1.001
122.1	4.901	1.001
122.2	4.901	1.001
122.3	4.901	1.001
122.4	4.901	1.001
122.5	4.901	1.001
122.6	4.901	1.001
122.7	4.901	1.001
122.8	4.901	1.001
122.9	4.901	1.001
123	4.901	1.001
123.1	4.901	1.001
123.2	4.901	1.001
123.3	4.901	1.001
123.4	4.901	1.001
123.5	4.901	1.001
123.6	4.901	1.001
123.7	4.901	1.001
123.8	4.901	1.001
123.9	4.901	1.001
124	4.901	1.001
124.1	4.901	1.001
124.2	4.901	1.001
124.3	4.901	1.001
124.4	4.901	1.001
124.5	4.901	1.001
124.6	4.901	1.001
124.7	4.901	1.001
124.8	4.901	1.001
124.9	4.901	1.001
125	4.901	1.001
125.1	4.901	1.001
125.2	4.901	1.001
125.3	4.901	1.001
125.4	4.901	1.001
125.5	4.901	1.001
125.6	4.901	1.001
125.7	4.901	1.001
125.8	4.901	1.001
125.9	4.901	1.001
126	4.901	1.001
126.1	4.901	1.001
126.2	4.901	1.001
126.3	4.901	1.001
126.4	4.901	1.001
126.5	4.901	1.001
126.6	4.901	1.001
126.7	4.901	1.001
126.8	4.901	1.001
126.9	4.901	1.001
127	4.901	1.001
127.1	4.901	1.001
127.2	4.901	1.001
127.3	4.901	1.001
127.4	4.901	1.001
127.5	4.901	1.001
127.6	4.901	1.001
127.7	4.901	1.001
127.8	4.901	1.001
127.9	4.901	1.001
128	4.901	1.001
128.1	4.901	1.001
128.2	4.901	1.001
128.3	4.901	1.001
128.4	4.901	1.001
128.5	4.901	1.001
128.6	4.901	1.001
128.7	4.901	1.001
128.8	4.901	1.001
128.9	4.901	1.001
129	4.901	1.001
129.1	4.901	1.001
129.2	4.901	1.001
129.3	4.901	1.001
129.4	4.901	1.001
129.5	4.901	1.001
129.6	4.901	1.001
129.7	4.901	1.001
129.8	4.901	1.001
129.9	4.901	1.001
130	4.901	1.001
130.1	4.901	1.001
130.2	4.901	1.001
130.3	4.901	1.001
130.4	4.901	1.001
130.5	4.901	1.001
130.6	4.901	1.001
130.7	4.901	1.001
130.8	4.901	1.001
130.9	4.901	1.001
131	4.901	1.001
131.1	4.901	1.001
131.2	4.901	1.001
131.3	4.901	1.001
131.4	4.901	1.001
131.5	4.901	1.001
131.6	4.901	1.001
131.7	4.901	1.001
131.8	4.901	1.001
131.9	4.901	1.001
132	4.901	1.001
132.1	4.901	1.001
132.2	4.901	1.001
132.3	4.901	1.001
132.4	4.901	1.001
132.5	4.901	1.001
132.6	4.901	1.001
132.7	4.901	1.001
132.8	4.901	1.001
132.9	4.901	1.001
133	4.901	1.001
133.1	4.901	1.001
133.2	4.901	1.001
133.3	4.901	1.001
133.4	4.901	1.001
133.5	4.901	1.001
133.6	4.901	1.001
133.7	4.901	1.001
133.8	4.901	1.001
133.9	4.901	1.001
134	4.901	1.001
134.1	4.901	1.001
134.2	4.901	1.001
134.3	4.901	1.001
134.4	4.901	1.001
134.5	4.901	1.001
134.6	4.901	1.001
134.7	4.901	1.001
134.8	4.901	1.001
134.9	4.901	1.001
135	4.901	1.001
135.1	4.901	1.001
135.2	4.901	1.001
135.3	4.901	1.001
135.4	4.901	1.001
135.5	4.901	1.001
135.6	4.901	1.001
135.7	4.901	1.001
135.8	4.901	1.001
135.9	4.901	1.001
136	4.901	1.001
136.1	4.901	1.001
136.2	4.901	1.001
136.3	4.901	1.001
136.4	4.901	1.001
136.5	4.901	1.001
136.6	4.901	1.001
136.7	4.901	1.001
136.8	4.901	1.001
136.9	4.901	1.001
137	4.901	1.001
137.1	4.901	1.001
137.2	4.901	1.001
137.3	4.901	1.001
137.4	4.901	1.001
137.5	4.901	1.001
137.6	4.901	1.001
137.7	4.901	1.001
137.8	4.901	1.001
137.9	4.901	1.001
138	4.901	1.001
138.1	4.901	1.001
138.2	4.901	1.001
138.3	4.901	1.001
138.4	4.901	1.001
138.5	4.901	1.001
138.6	4.901	1.001
138.7	4.901	1.001
138.8	4.901	1.001
138.9	4.901	1.001
139	4.901	1.001
139.1	4.901	1.001
139.2	4.901	1.001
139.3	4.901	1.001
139.4	4.901	1.001
139.5	4.901	1.001
139.6	4.901	1.001
139.7	4.901	1.001
139.8	4.901	1.001
139.9	4.901	1.001
140	4.901	1.001
140.1	4.901	1.001
140.2	4.901	1.001
140.3	4.901	1.001
140.4	4.901	1.001
140.5	4.901	1.001
140.6	4.901	1.001
140.7	4.901	1.001
140.8	4.901	1.001
140.9	4.901	1.001
141	4.901	1.001
141.1	4.901	1.001
141.2	4.901	1.001
141.3	4.901	1.001
141.4	4.901	1.001
141.5	4.901	1.001
141.6	4.901	1.001
141.7	4.901	1.001
141.8	4.901	1.001
141.9	4.901	1.001
142	4.901	1.001
142.1	4.901	1.001
142.2	4.901	1.001
142.3	4.901	1.001
142.4	4.901	1.001
142.5	4.901	1.001
142.6	4.901	1.001
142.7	4.901	1.001
142.8	4.901	1.001
142.9	4.901	1.001
143	4.901	1.001
143.1	4.901	1.001
143.2	4.901	1.001
143.3	4.901	1.001
143.4	4.901	1.001
143.5	4.901	1.001
143.6	4.901	1.001
143.7	4.901	1.001
143.8	4.901	1.001
143.9	4.901	1.001
144	4.901	1.001
144.1	4.901	1.001
144.2	4.901	1.001
144.3	4.901	1.001
144.4	4.901	1.001
144.5	4.901	1.001
144.6	4.901	1.001
144.7	4.901	1.001
144.8	4.901	1.001
144.9	4.901	1.001
145	4.901	1.001
145.1	4.901	1.001
145.2	4.901	1.001
145.3	4.901	1.001
145.4	4.901	1.001
145.5	4.901	1.001
145.6	4.901	1.001
145.7	4.901	1.001
145.8	4.901	1.001
145.9	4.901	1.001
146	4.901	1.001
146.1	4.901	1.001
146.2	4.901	1.001
146.3	4.901	1.001
146.4	4.901	1.001
146.5	4.901	1.001
146.6	4.901	1.001
146.7	4.901	1.001
146.8	4.901	1.001
146.9	4.901	1.001
147	4.901	1.001
147.1	4.901	1.001
147.2	4.901	1.001
147.3	4.901	1.001
147.4	4.901	1.001
147.5	4.901	1.001
147.6	4.901	1.001
147.7	4.901	1.001
147.8	4.901	1.001
147.9	4.901	1.001
148	4.901	1.001
148.1	4.901	1.001
148.2	4.901	1.001
148.3	4.901	1.001
148.4	4.901	1.001
148.5	4.901	1.001
148.6	4.901	1.001
148.7	4.901	1.001
148.8	4.901	1.001
148.9	4.901	1.001
149	4.901	1.001
149.1	4.901	1.001
149.2	4.901	1.001
149.3	4.901	1.001
149.4	4.901	1.001
149.5	4.901	1.001
149.6	4.901	1.001
149.7	4.901	1.001
149.8	4.901	1.001
149.9	4.901	1.001
150	4.901	1.001
150.1	4.901	1.001
150.2	4.901	1.001
150.3	4.901	1.001
150.4	4.901	1.001
150.5	4.901	1.001
150.6	4.901	1.001
150.7	4.901	1.001
150.8	4.901	1.001
150.9	4.901	1.001
151	4.901	1.001
151.1	4.901	1.001
151.2	4.901	1.001
151.3	4.901	1.001
151.4	4.901	1.001
151.5	4.901	1.001
151.6	4.901	1.001
151.7	4.901	1.001
151.8	4.901	1.001
151.9	4.901	1.001
152	4.901	1.001
152.1	4.901	1.001
152.2	4.901	1.001
152.3	4.901	1.001
152.4	4.901	1.001
152.5	4.901	1.001
152.6	4.901	1.001
152.7	4.901	1.001
152.8	4.901	1.001
152.9	4.901	1.001
153	4.901	1.001
153.1	4.901	1.001
153.2	4.901	1.001
153.3	4.901	1.001
153.4	4.901	1.001
153.5	4.901	1.001
153.6	4.901	1.001
153.7	4.901	1.001
153.8	4.901	1.001
153.9	4.901	1.001
154	4.901	1.001
154.1	4.901	1.001
154.2	4.901	1.001
154.3	4.901	1.001
154.4	4.901	1.001
154.5	4.901	1.001
154.6	4.901	1.001
154.7	4.901	1.001
154.8	4.901	1.001
154.9	4.901	1.001
155	4.901	1.001
155.1	4.901	1.001
155.2	4.901	1.001
155.3	4.901	1.001
155.4	4.901	1.001
155.5	4.901	1.001
155.6	4.901	1.001
155.7	4.901	1.001
155.8	4.901	1.001
155.9	4.901	1.001
156	4.901	1.001
156.1	4.901	1.001
156.2	4.901	1.001
156.3	4.901	1.001
156.4	4.901	1.001
156.5	4.901	1.001
156.6	4.901	1.001
156.7	4.901	1.001
156.8	1.885	3.718
156.9	1.891	3.718
157	1.906	3.718
157.1	1.938	3.717
157.2	1.987	3.716
157.3	2.057	3.715
157.4	2.159	3.714
157.5	2.264	3.712
157.6	2.394	3.71
157.7	2.527	3.711
157.8	2.677	3.72
157.9	2.817	3.755
158	2.937	3.8
158.1	3.076	3.846
158.2	3.207	3.884
158.3	3.341	3.92
158.4	3.476	3.942
158.5	3.606	3.961
158.6	3.728	3.97
158.7	3.814	3.972
158.8	3.892	3.975
158.9	3.948	3.977
159	3.984	3.975
159.1	4.003	3.972
159.2	4.008	3.971
159.3	4.008	3.971
159.4	3.999	3.972
159.5	3.969	3.973
159.6	3.914	3.976
159.7	3.818	3.981
159.8	3.714	3.987
159.9	3.582	3.994
160	3.441	4.001
160.1	3.309	4.008
160.2	3.191	4.015
160.3	3.102	4.019
160.4	3.051	4.022
160.5	3.02	4.024
160.6	3.012	4.024
160.7	3.012	4.024
160.8	3.012	4.024
160.9	3.012	4.024
161	3.012	4.024
161.1	3.012	4.024
161.2	3.012	4.024
161.3	3.012	4.024
161.4	3.012	4.024
161.5	3.012	4.024
161.6	3.012	4.024
161.7	3.012	4.024
161.8	3.012	4.024
161.9	3.012	4.024
162	3.012	4.024
162.1	3.012	4.024
162.2	3.012	4.024
162.3	3.012	4.024
162.4	3.012	4.024
162.5	3.012	4.024
162.6	3.012	4.024
162.7	3.012	4.024
162.8	3.012	4.024
162.9	3.012	4.024
163	3.012	4.024
163.1	3.012	4.024
163.2	3.012	4.024
163.3	3.012	4.024
163.4	3.012	4.024
163.5	3.012	4.024
163.6	3.012	4.024
163.7	3.012	4.024
163.8	3.012	4.024
163.9	3.012	4.024
164	3.012	4.024
164.1	3.012	4.024
164.2	3.012	4.024
164.3	3.012	4.024
164.4	3.012	4.024
164.5	3.012	4.024
164.6	3.012	4.024
164.7	3.012	4.024
164.8	3.012	4.024
164.9	3.012	4.024
165	3.012	4.024
165.1	3.012	4.024
165.2	3.012	4.024
165.3	3.012	4.024
165.4	3.012	4.024
165.5	3.012	4.024
165.6	3.012	4.024
165.7	3.012	4.024
165.8	3.012	4.024
165.9	3.012	4.024
166	3.012	4.024
166.1	3.012	4.024
166.2	3.012	4.024
166.3	3.012	4.024
166.4	3.012	4.024
166.5	3.012	4.024
166.6	3.012	4.024
166.7	3.012	4.024
166.8	3.012	4.024
166.9	3.012	4.024
167	3.012	4.024
167.1	3.012	4.024
167.2	3.012	4.024
167.3	3.012	4.024
167.4	3.012	4.024
167.5	3.012	4.024
167.6	3.012	4.024
167.7	3.012	4.024
167.8	3.012	4.024
167.9	3.012	4.024
168	3.012	4.024
168.1	3.012	4.024
168.2	3.012	4.024
168.3	3.012	4.024
168.4	3.012	4.024
168.5	3.012	4.024
168.6	3.012	4.024
168.7	3.012	4.024
168.8	3.012	4.024
168.9	3.012	4.024
169	3.012	4.024
169.1	3.012	4.024
169.2	3.012	4.024
169.3	3.012	4.024
169.4	3.012	4.024
169.5	3.012	4.024
169.6	3.012	4.024
169.7	3.012	4.024
169.8	3.012	4.024
169.9	3.012	4.024
170	3.012	4.024
170.1	3.012	4.024
170.2	3.012	4.024
170.3	3.012	4.024
170.4	3.012	4.024
170.5	3.012	4.024
170.6	3.012	4.024
170.7	3.012	4.024
170.8	3.012	4.024
170.9	3.012	4.024
171	3.012	4.024
171.1	3.012	4.024
171.2	3.012	4.024
171.3	3.012	4.024
171.4	3.012	4.024
171.5	3.012	4.024
171.6	3.012	4.024
171.7	3.012	4.024
171.8	3.012	4.024
171.9	3.012	4.024
172	3.012	4.024
172.1	3.012	4.024
172.2	3.012	4.024
172.3	3.012	4.024
172.4	3.012	4.024
172.5	3.012	4.024
172.6	3.012	4.024
172.7	3.012	4.024
172.8	3.012	4.024
172.9	3.012	4.024
173	3.012	4.024
173.1	3.012	4.024
173.2	3.012	4.024
173.3	3.012	4.024
173.4	3.012	4.024
173.5	3.012	4.024
173.6	3.012	4.024
173.7	3.012	4.024
173.8	3.012	4.024
173.9	3.012	4.024
174	3.012	4.024
174.1	3.012	4.024
174.2	3.012	4.024
174.3	3.012	4.024
174.4	3.012	4.024
174.5	3.012	4.024
174.6	3.012	4.024
174.7	3.012	4.024
174.8	3.012	4.024
174.9	3.012	4.024
175	3.012	4.024
175.1	3.012	4.024
175.2	3.012	4.024
175.3	3.012	4.024
175.4	3.012	4.024
175.5	3.012	4.024
175.6	3.012	4.024
175.7	3.012	4.024
175.8	3.012	4.024
175.9	3.012	4.024
176	3.012	4.024
176.1	3.012	4.024
176.2	3.012	4.024
176.3	3.012	4.024
176.4	3.012	4.024
176.5	3.012	4.024
176.6	3.012	4.024
176.7	3.012	4.024
176.8	3.012	4.024
176.9	3.012	4.024
177	3.012	4.024
177.1	3.012	4.024
177.2	3.012	4.024
177.3	3.012	4.024
177.4	3.012	4.024
177.5	3.012	4.024
177.6	3.012	4.024
177.7	3.012	4.024
177.8	3.012	4.024
177.9	3.012	4.024
178	3.012	4.024
178.1	3.012	4.024
178.2	3.012	4.024
178.3	3.012	4.024
178.4	3.012	4.024
178.5	3.012	4.024
178.6	3.012	4.024
178.7	3.012	4.024
178.8	3.012	4.024
178.9	3.012	4.024
179	3.012	4.024
179.1	3.012	4.024
179.2	3.012	4.024
179.3	3.012	4.024
179.4	3.012	4.024
179.5	3.012	4.024
179.6	3.012	4.024
179.7	3.012	4.024
179.8	3.012	4.024
179.9	3.012	4.024
180	3.012	4.024
180.1	3.012	4.024
180.2	3.012	4.024
180.3	3.012	4.024
180.4	3.012	4.024
180.5	3.012	4.024
180.6	3.012	4.024
180.7	3.012	4.024
180.8	3.012	4.024
180.9	3.012	4.024
181	3.012	4.024
181.1	3.012	4.024
181.2	3.012	4.024
181.3	3.012	4.024
181.4	3.012	4.024
181.5	3.012	4.024
181.6	3.012	4.024
181.7	3.012	4.024
181.8	3.012	4.024
181.9	3.012	4.024
182	3.012	4.024
182.1	3.012	4.024
182.2	3.012	4.024
182.3	3.012	4.024
182.4	3.012	4.024
182.5	3.012	4.024
182.6	3.012	4.024
182.7	3.012	4.024
182.8	3.012	4.024
182.9	3.012	4.024
183	3.012	4.024
183.1	3.012	4.024
183.2	3.012	4.024
183.3	3.012	4.024
183.4	3.012	4.024
183.5	3.012	4.024
183.6	3.012	4.024
183.7	3.012	4.024
183.8	3.012	4.024
183.9	3.012	4.024
184	3.012	4.024
184.1	3.012	4.024
184.2	3.012	4.024
184.3	3.012	4.024
184.4	3.012	4.024
184.5	3.012	4.024
184.6	3.012	4.024
184.7	3.012	4.024
184.8	3.012	4.024
184.9	3.012	4.024
185	3.012	4.024
185.1	3.012	4.024
185.2	3.012	4.024
185.3	3.012	4.024
185.4	3.012	4.024
185.5	3.012	4.024
185.6	3.012	4.024
185.7	3.012	4.024
185.8	3.012	4.024
185.9	3.012	4.024
186	3.012	4.024
186.1	3.012	4.024
186.2	3.012	4.024
186.3	3.012	4.024
186.4	3.012	4.024
186.5	3.012	4.024
186.6	3.012	4.024
186.7	3.012	4.024
186.8	3.012	4.024
186.9	3.012	4.024
187	3.012	4.024
187.1	3.012	4.024
187.2	3.012	4.024
187.3	3.012	4.024
187.4	1.885	3.718
187.5	1.891	3.718
187.6	1.908	3.718
187.7	1.944	3.717
187.8	1.999	3.716
187.9	2.069	3.715
188	2.173	3.713
188.1	2.287	3.712
188.2	2.416	3.709
188.3	2.554	3.712
188.4	2.695	3.721
188.5	2.828	3.761
188.6	2.959	3.808
188.7	3.093	3.852
188.8	3.228	3.89
188.9	3.369	3.927
189	3.507	3.947
189.1	3.646	3.968
189.2	3.779	3.972
189.3	3.926	3.976
189.4	4.056	3.968
189.5	4.176	3.947
189.6	4.296	3.924
189.7	4.385	3.886
189.8	4.455	3.857
189.9	4.5	3.83
190	4.524	3.81
190.1	4.537	3.8
190.2	4.541	3.796
190.3	4.54	3.797
190.4	4.53	3.803
190.5	4.5	3.82
190.6	4.444	3.853
190.7	4.365	3.899
190.8	4.266	3.956
190.9	4.151	4.023
191	4.028	4.095
191.1	3.916	4.16
191.2	3.819	4.217
191.3	3.75	4.256
191.4	3.7	4.286
191.5	3.677	4.299
191.6	3.677	4.299
191.7	3.677	4.299
191.8	3.677	4.299
191.9	3.677	4.299
192	3.677	4.299
192.1	3.677	4.299
192.2	3.677	4.299
192.3	3.677	4.299
192.4	3.677	4.299
192.5	3.677	4.299
192.6	3.677	4.299
192.7	3.677	4.299
192.8	3.677	4.299
192.9	3.677	4.299
193	3.677	4.299
193.1	3.677	4.299
193.2	3.677	4.299
193.3	3.677	4.299
193.4	3.677	4.299
193.5	3.677	4.299
193.6	3.677	4.299
193.7	3.677	4.299
193.8	3.677	4.299
193.9	3.677	4.299
194	3.677	4.299
194.1	3.677	4.299
194.2	3.677	4.299
194.3	3.677	4.299
194.4	3.677	4.299
194.5	3.677	4.299
194.6	3.677	4.299
194.7	3.677	4.299
194.8	3.677	4.299
194.9	3.677	4.299
195	3.677	4.299
195.1	3.677	4.299
195.2	3.677	4.299
195.3	3.677	4.299
195.4	3.677	4.299
195.5	3.677	4.299
195.6	3.677	4.299
195.7	3.677	4.299
195.8	3.677	4.299
195.9	3.677	4.299
196	3.677	4.299
196.1	3.677	4.299
196.2	3.677	4.299
196.3	3.677	4.299
196.4	3.677	4.299
196.5	3.677	4.299
196.6	3.677	4.299
196.7	3.677	4.299
196.8	3.677	4.299
196.9	3.677	4.299
197	3.677	4.299
197.1	3.677	4.299
197.2	3.677	4.299
197.3	3.677	4.299
197.4	3.677	4.299
197.5	3.677	4.299
197.6	3.677	4.299
197.7	3.677	4.299
197.8	3.677	4.299
197.9	3.677	4.299
198	3.677	4.299
198.1	3.677	4.299
198.2	3.677	4.299
198.3	3.677	4.299
198.4	3.677	4.299
198.5	3.677	4.299
198.6	3.677	4.299
198.7	3.677	4.299
198.8	3.677	4.299
198.9	3.677	4.299
199	3.677	4.299
199.1	3.677	4.299
199.2	3.677	4.299
199.3	3.677	4.299
199.4	3.677	4.299
199.5	3.677	4.299
199.6	3.677	4.299
199.7	3.677	4.299
199.8	3.677	4.299
199.9	3.677	4.299
200	3.677	4.299
200.1	3.677	4.299
200.2	3.677	4.299
200.3	3.677	4.299
200.4	3.677	4.299
200.5	3.677	4.299
200.6	3.677	4.299
200.7	3.677	4.299
200.8	3.677	4.299
200.9	3.677	4.299
201	3.677	4.299
201.1	3.677	4.299
201.2	3.677	4.299
201.3	3.677	4.299
201.4	3.677	4.299
201.5	3.677	4.299
201.6	3.677	4.299
201.7	3.677	4.299
201.8	3.677	4.299
201.9	3.677	4.299
202	3.677	4.299
202.1	3.677	4.299
202.2	3.677	4.299
202.3	3.677	4.299
202.4	3.677	4.299
202.5	3.677	4.299
202.6	3.677	4.299
202.7	3.677	4.299
202.8	3.677	4.299
202.9	3.677	4.299
203	3.677	4.299
203.1	3.677	4.299
203.2	3.677	4.299
203.3	3.677	4.299
203.4	3.677	4.299
203.5	3.677	4.299
203.6	3.677	4.299
203.7	3.677	4.299
203.8	3.677	4.299
203.9	3.677	4.299
204	3.677	4.299
204.1	3.677	4.299
204.2	3.677	4.299
204.3	3.677	4.299
204.4	3.677	4.299
204.5	3.677	4.299
204.6	3.677	4.299
204.7	3.677	4.299
204.8	3.677	4.299
204.9	3.677	4.299
205	3.677	4.299
205.1	3.677	4.299
205.2	3.677	4.299
205.3	3.677	4.299
205.4	3.677	4.299
