Time	Velocity
0	0
0.1	0.03
0.2	0.13
0.3	0.29
0.4	0.48
0.5	0.7
0.6	0.91
0.7	1.11
0.8	1.27
0.9	1.36
1	1.4
1.1	1.4
1.2	1.4
1.3	1.4
1.4	1.4
1.5	1.4
1.6	1.34
1.7	1.22
1.8	1.05
1.9	0.85
2	0.63
2.1	0.41
2.2	0.23
2.3	0.09
2.4	0.02
0	0
0.1	-0.1
0.2	-0.35
0.3	-0.66
0.4	-0.91
0.5	-1
0.6	-0.9
0.7	-0.65
0	0
0.1	-0.07
0.2	-0.24
0.3	-0.44
0.4	-0.64
0.5	-0.7
0.6	-0.7
0.7	-0.7
0.8	-0.65
0.9	-0.48
0	0
0.1	-0.04
0.2	-0.17
0.3	-0.33
0.4	-0.45
0.5	-0.5
0.6	-0.5
0.7	-0.5
0.8	-0.5
0.9	-0.5
1	-0.5
1.1	-0.44
1.2	-0.31
0	0
0.1	-0.03
0.2	-0.14
0.3	-0.25
0.4	-0.36
0.5	-0.4
0.6	-0.4
0.7	-0.4
0.8	-0.4
0.9	-0.4
1	-0.4
1.1	-0.4
1.2	-0.4
1.3	-0.39
1.4	-0.31
0	0
0.1	-0.04
0.2	-0.14
0.3	-0.26
0.4	-0.36
0.5	-0.4
0.6	-0.4
0.7	-0.4
0.8	-0.4
0.9	-0.4
1	-0.4
1.1	-0.4
1.2	-0.4
1.3	-0.39
1.4	-0.31
