Time	Velocity
0	0
0.1	0.03
0.2	0.13
0.3	0.29
0.4	0.48
0.5	0.7
0.6	0.91
0.7	1.11
0.8	1.26
0.9	1.36
1	1.4
1.1	1.4
1.2	1.4
1.3	1.4
1.4	1.39
1.5	1.33
1.6	1.2
1.7	1.03
1.8	0.82
1.9	0.6
2	0.39
2.1	0.21
2.2	0.08
2.3	0.01
0	0
0.1	-0.18
0.2	-0.69
0.3	-1.24
0.4	-1.4
0.5	-1.08
0.6	-0.53
0	0
0.1	-0.18
0.2	-0.69
0.3	-1.2
0.4	-1.4
0.5	-1.13
0.6	-0.59
0	0
0.1	-0.18
0.2	-0.69
0.3	-1.24
0.4	-1.4
0.5	-1.13
0.6	-0.59
0	0
0.1	-0.18
0.2	-0.75
0.3	-1.2
0.4	-1.4
0.5	-1.08
0.6	-0.58
0	0
0.1	-0.18
0.2	-0.75
0.3	-1.24
0.4	-1.4
0.5	-1.13
0.6	-0.59
0	0
0.1	-0.18
0.2	-0.69
0.3	-1.24
0.4	-1.4
0.5	-1.08
0.6	-0.59
0	0
0.1	-0.69
0.2	-1.35
0	0
0.1	-0.83
0.2	-1.34
0	0
0.1	-0.83
0.2	-1.35
0	0
0.1	-0.83
0.2	-1.39
0.3	-1.19
0	0
0.1	-0.83
0.2	-1.39
0.3	-1.28
0	0
0.1	-0.79
0.2	-1.59
0.3	-1.11
0	0
0.1	-0.74
0.2	-1.49
0.3	-1.17
0	0
0.1	-0.88
0.2	-1.49
0.3	-1.04
0	0
0.1	-0.88
0.2	-1.49
0.3	-1.04
0.4	-0.02
