Time	Velocity
0	0
0.1	0.03
0.2	0.13
0.3	0.29
0.4	0.48
0.5	0.7
0.6	0.91
0.7	1.11
0.8	1.26
0.9	1.36
1	1.4
1.1	1.4
1.2	1.4
1.3	1.4
1.4	1.4
1.5	1.4
1.6	1.34
1.7	1.22
1.8	1.05
1.9	0.85
2	0.63
2.1	0.42
2.2	0.23
2.3	0.09
2.4	0.02
0	0
0.1	-0.16
0.2	-0.58
0.3	-1.06
0.4	-1.36
0.5	-1.35
0.6	-1.02
0.7	-0.54
0	0
0.1	-0.17
0.2	-0.58
0.3	-1.01
0.4	-1.36
0.5	-1.35
0.6	-1.02
0.7	-0.54
0	0
0.1	-0.17
0.2	-0.58
0.3	-1.06
0.4	-1.34
0.5	-1.35
0.6	-1.02
0.7	-0.54
0	0
0.1	-0.24
0.2	-0.83
0.3	-1.4
0.4	-1.6
0.5	-1.36
0.6	-0.77
0	0
0.1	-0.2
0.2	-0.83
0.3	-1.4
0.4	-1.6
0.5	-1.3
0.6	-0.7
0	0
0.1	-0.24
0.2	-0.82
0.3	-1.39
0.4	-1.6
0.5	-1.3
0.6	-0.7
0	0
0.1	-0.24
0.2	-0.82
0.3	-1.39
0.4	-1.6
0.5	-1.31
0.6	-0.71
0	0
0.1	-0.24
0.2	-0.83
0.3	-1.4
0.4	-1.6
0.5	-1.3
0.6	-0.7
0	0
0.1	-0.24
0.2	-0.83
0.3	-1.39
0.4	-1.6
0.5	-1.3
0.6	-0.7
