Time	X	Z
0	7.213	2.337
0.1	7.213	2.337
0.2	7.213	2.337
0.3	7.213	2.337
0.4	7.213	2.337
0.5	7.213	2.337
0.6	7.213	2.337
0.7	7.213	2.337
0.8	7.213	2.337
0.9	7.213	2.337
1	7.213	2.337
1.1	7.213	2.337
1.2	7.213	2.337
1.3	7.213	2.337
1.4	7.213	2.337
1.5	7.213	2.337
1.6	7.213	2.337
1.7	7.213	2.337
1.8	7.213	2.337
1.9	7.213	2.337
2	7.213	2.337
2.1	7.213	2.337
2.2	7.213	2.337
2.3	7.213	2.337
2.4	7.213	2.337
2.5	7.213	2.337
2.6	7.213	2.337
2.7	7.213	2.337
2.8	7.213	2.337
2.9	7.213	2.337
3	7.213	2.337
3.1	7.213	2.337
3.2	7.213	2.337
3.3	7.213	2.337
3.4	7.213	2.337
3.5	7.213	2.337
3.6	7.213	2.337
3.7	7.213	2.337
3.8	7.213	2.337
3.9	7.213	2.337
4	7.213	2.337
4.1	7.213	2.337
4.2	7.213	2.337
4.3	7.213	2.337
4.4	7.213	2.337
4.5	7.213	2.337
4.6	7.213	2.337
4.7	7.213	2.337
4.8	7.213	2.337
4.9	7.213	2.337
5	7.213	2.337
5.1	7.213	2.337
5.2	7.213	2.337
5.3	7.213	2.337
5.4	7.213	2.337
5.5	7.213	2.337
5.6	7.213	2.337
5.7	7.213	2.337
5.8	7.213	2.337
5.9	7.213	2.337
6	7.213	2.337
6.1	7.213	2.337
6.2	7.213	2.337
6.3	7.213	2.337
6.4	7.213	2.337
6.5	7.213	2.337
6.6	7.213	2.337
6.7	7.213	2.337
6.8	7.213	2.337
6.9	7.213	2.337
7	7.213	2.337
7.1	7.213	2.337
7.2	7.213	2.337
7.3	7.213	2.337
7.4	7.213	2.337
7.5	7.213	2.337
7.6	7.213	2.337
7.7	7.213	2.337
7.8	7.213	2.337
7.9	7.213	2.337
8	7.213	2.337
8.1	7.213	2.337
8.2	7.213	2.337
8.3	7.213	2.337
8.4	7.213	2.337
8.5	7.213	2.337
8.6	7.213	2.337
8.7	7.213	2.337
8.8	7.213	2.337
8.9	7.213	2.337
9	7.213	2.337
9.1	7.213	2.337
9.2	7.213	2.337
9.3	7.213	2.337
9.4	7.213	2.337
9.5	7.213	2.337
9.6	7.213	2.337
9.7	7.213	2.337
9.8	7.213	2.337
9.9	7.213	2.337
10	7.213	2.337
10.1	7.213	2.337
10.2	7.213	2.337
10.3	7.213	2.337
10.4	7.213	2.337
10.5	7.213	2.337
10.6	7.213	2.337
10.7	7.213	2.337
10.8	7.213	2.337
10.9	7.213	2.337
11	7.213	2.337
11.1	7.213	2.337
11.2	7.213	2.337
11.3	7.213	2.337
11.4	7.213	2.337
11.5	7.213	2.337
11.6	7.213	2.337
11.7	7.213	2.337
11.8	7.213	2.337
11.9	7.213	2.337
12	7.213	2.337
12.1	7.213	2.337
12.2	7.213	2.337
12.3	7.213	2.337
12.4	7.213	2.337
12.5	7.213	2.337
12.6	7.213	2.337
12.7	7.213	2.337
12.8	7.213	2.337
12.9	7.213	2.337
13	7.213	2.337
13.1	7.213	2.337
13.2	7.213	2.337
13.3	7.213	2.337
13.4	7.213	2.337
13.5	7.213	2.337
13.6	7.213	2.337
13.7	7.213	2.337
13.8	7.213	2.337
13.9	7.213	2.337
14	7.213	2.337
14.1	7.213	2.337
14.2	7.213	2.337
14.3	7.213	2.337
14.4	7.213	2.337
14.5	7.213	2.337
14.6	7.213	2.337
14.7	7.213	2.337
14.8	7.213	2.337
14.9	7.213	2.337
15	7.213	2.337
15.1	7.213	2.337
15.2	7.213	2.337
15.3	7.213	2.337
15.4	7.213	2.337
15.5	7.213	2.337
15.6	7.213	2.337
15.7	7.213	2.337
15.8	7.213	2.337
15.9	7.213	2.337
16	7.213	2.337
16.1	7.213	2.337
16.2	7.213	2.337
16.3	7.213	2.337
16.4	7.213	2.337
16.5	7.212	2.337
16.6	7.21	2.339
16.7	7.194	2.348
16.8	7.17	2.354
16.9	7.174	2.336
17	7.19	2.277
17.1	7.163	2.275
17.2	7.13	2.314
17.3	7.102	2.36
17.4	7.074	2.393
17.5	7.033	2.428
17.6	7.002	2.458
17.7	7.012	2.506
17.8	7.005	2.543
17.9	6.98	2.581
18	6.968	2.618
18.1	6.963	2.629
18.2	6.957	2.614
18.3	6.95	2.588
18.4	6.94	2.577
18.5	6.951	2.581
18.6	6.984	2.594
18.7	7.002	2.609
18.8	7.04	2.623
18.9	7.057	2.636
19	7.04	2.638
19.1	7.016	2.673
19.2	7.021	2.754
19.3	7.041	2.867
19.4	7.065	2.984
19.5	7.091	3.081
19.6	7.132	3.195
19.7	7.167	3.283
19.8	7.199	3.349
19.9	7.213	3.419
20	7.208	3.511
20.1	7.197	3.613
20.2	7.195	3.699
20.3	7.198	3.789
20.4	7.209	3.88
20.5	7.228	3.963
20.6	7.257	4.049
20.7	7.291	4.132
20.8	7.327	4.211
20.9	7.361	4.281
21	7.387	4.342
21.1	7.399	4.387
21.2	7.405	4.426
21.3	7.417	4.458
21.4	7.426	4.491
21.5	7.434	4.522
21.6	7.445	4.549
21.7	7.457	4.574
21.8	7.473	4.595
21.9	7.492	4.615
22	7.515	4.633
22.1	7.54	4.65
22.2	7.567	4.665
22.3	7.592	4.677
22.4	7.606	4.684
22.5	7.592	4.676
22.6	7.597	4.681
22.7	7.605	4.687
22.8	7.602	4.692
22.9	7.599	4.699
23	7.598	4.701
23.1	7.592	4.707
23.2	7.59	4.711
23.3	7.59	4.714
23.4	7.591	4.719
23.5	7.589	4.725
23.6	7.588	4.727
23.7	7.588	4.729
23.8	7.59	4.735
23.9	7.594	4.741
24	7.599	4.748
24.1	7.606	4.753
24.2	7.611	4.758
24.3	7.619	4.762
24.4	7.63	4.761
24.5	7.639	4.761
24.6	7.642	4.766
24.7	7.643	4.772
24.8	7.645	4.783
24.9	7.643	4.788
25	7.635	4.795
25.1	7.62	4.801
25.2	7.614	4.8
25.3	7.617	4.806
25.4	7.622	4.809
25.5	7.618	4.809
25.6	7.608	4.811
25.7	7.591	4.81
25.8	7.577	4.81
25.9	7.566	4.813
26	7.56	4.816
26.1	7.555	4.818
26.2	7.561	4.818
26.3	7.566	4.815
26.4	7.58	4.816
26.5	7.591	4.817
26.6	7.597	4.818
26.7	7.598	4.82
26.8	7.601	4.821
26.9	7.618	4.826
27	7.644	4.83
27.1	7.675	4.838
27.2	7.708	4.844
27.3	7.732	4.851
27.4	7.747	4.857
27.5	7.737	4.862
27.6	7.721	4.86
27.7	7.71	4.859
27.8	7.7	4.859
27.9	7.694	4.859
28	7.689	4.859
28.1	7.684	4.86
28.2	7.677	4.864
28.3	7.675	4.869
28.4	7.67	4.877
28.5	7.655	4.878
28.6	7.632	4.87
28.7	7.615	4.865
28.8	7.609	4.869
28.9	7.61	4.864
29	7.611	4.857
29.1	7.61	4.854
29.2	7.613	4.85
29.3	7.611	4.845
29.4	7.607	4.84
29.5	7.605	4.832
29.6	7.615	4.827
29.7	7.625	4.819
29.8	7.636	4.811
29.9	7.648	4.812
30	7.661	4.813
30.1	7.676	4.816
30.2	7.688	4.818
30.3	7.697	4.818
30.4	7.701	4.82
30.5	7.694	4.819
30.6	7.685	4.818
30.7	7.683	4.82
30.8	7.688	4.829
30.9	7.686	4.83
31	7.689	4.829
31.1	7.694	4.829
31.2	7.701	4.831
31.3	7.708	4.832
31.4	7.717	4.832
31.5	7.724	4.834
31.6	7.732	4.836
31.7	7.739	4.838
31.8	7.746	4.839
31.9	7.753	4.841
32	7.724	4.818
32.1	7.726	4.816
32.2	7.728	4.815
32.3	7.731	4.815
32.4	7.731	4.816
32.5	7.73	4.816
32.6	7.727	4.818
32.7	7.725	4.819
32.8	7.719	4.819
32.9	7.716	4.819
33	7.715	4.819
33.1	7.712	4.818
33.2	7.709	4.818
33.3	7.707	4.819
33.4	7.707	4.821
33.5	7.706	4.822
33.6	7.706	4.823
33.7	7.708	4.823
33.8	7.71	4.822
33.9	7.713	4.823
34	7.714	4.824
34.1	7.712	4.824
34.2	7.71	4.827
34.3	7.708	4.831
34.4	7.707	4.832
34.5	7.708	4.833
34.6	7.708	4.835
34.7	7.704	4.835
34.8	7.7	4.836
34.9	7.699	4.836
35	7.663	4.813
35.1	7.667	4.817
35.2	7.665	4.817
35.3	7.667	4.814
35.4	7.667	4.813
35.5	7.667	4.812
35.6	7.669	4.81
35.7	7.672	4.81
35.8	7.674	4.81
35.9	7.676	4.807
36	7.678	4.805
36.1	7.677	4.804
36.2	7.677	4.804
36.3	7.676	4.805
36.4	7.674	4.804
36.5	7.673	4.805
36.6	7.671	4.807
36.7	7.674	4.807
36.8	7.675	4.809
36.9	7.674	4.81
37	7.671	4.809
37.1	7.667	4.808
37.2	7.668	4.805
37.3	7.662	4.804
37.4	7.659	4.803
37.5	7.657	4.803
37.6	7.658	4.801
37.7	7.66	4.8
37.8	7.66	4.799
37.9	7.66	4.799
38	7.66	4.797
38.1	7.658	4.795
38.2	7.657	4.794
38.3	7.659	4.793
38.4	7.664	4.791
38.5	7.669	4.788
38.6	7.669	4.787
38.7	7.667	4.786
38.8	7.666	4.787
38.9	7.666	4.79
39	7.666	4.792
39.1	7.664	4.795
39.2	7.663	4.799
39.3	7.66	4.801
39.4	7.658	4.801
39.5	7.656	4.802
39.6	7.653	4.8
39.7	7.651	4.799
39.8	7.651	4.799
39.9	7.65	4.8
40	7.649	4.8
40.1	7.648	4.8
40.2	7.648	4.799
40.3	7.649	4.799
40.4	7.649	4.798
40.5	7.649	4.797
40.6	7.647	4.794
40.7	7.647	4.791
40.8	7.648	4.788
40.9	7.648	4.785
41	7.649	4.782
41.1	7.648	4.78
41.2	7.651	4.777
41.3	7.655	4.776
41.4	7.657	4.778
41.5	7.66	4.78
41.6	7.662	4.782
41.7	7.664	4.785
41.8	7.664	4.788
41.9	7.666	4.789
42	7.666	4.79
42.1	7.666	4.791
42.2	7.667	4.792
42.3	7.667	4.793
42.4	7.664	4.794
42.5	7.662	4.795
42.6	7.661	4.795
42.7	7.66	4.796
42.8	7.662	4.797
42.9	7.662	4.8
43	7.663	4.801
43.1	7.663	4.801
43.2	7.665	4.803
43.3	7.666	4.802
43.4	7.667	4.803
43.5	7.668	4.804
43.6	7.669	4.805
43.7	7.67	4.806
43.8	7.67	4.807
43.9	7.669	4.808
44	7.668	4.809
44.1	7.667	4.81
44.2	7.665	4.811
44.3	7.664	4.811
44.4	7.663	4.811
44.5	7.663	4.811
44.6	7.652	4.803
44.7	7.654	4.804
44.8	7.656	4.808
44.9	7.657	4.808
45	7.656	4.808
45.1	7.659	4.81
45.2	7.661	4.81
45.3	7.663	4.811
45.4	7.665	4.811
45.5	7.665	4.81
45.6	7.666	4.808
45.7	7.666	4.808
45.8	7.667	4.809
45.9	7.666	4.806
46	7.665	4.806
46.1	7.662	4.808
46.2	7.656	4.809
46.3	7.654	4.809
46.4	7.652	4.808
46.5	7.654	4.809
46.6	7.648	4.803
46.7	7.644	4.801
46.8	7.643	4.8
46.9	7.641	4.797
47	7.637	4.796
47.1	7.634	4.795
47.2	7.633	4.796
47.3	7.633	4.801
47.4	7.636	4.801
47.5	7.638	4.801
47.6	7.641	4.799
47.7	7.643	4.799
47.8	7.644	4.798
47.9	7.644	4.798
48	7.643	4.798
48.1	7.646	4.802
48.2	7.648	4.801
48.3	7.65	4.799
48.4	7.654	4.793
48.5	7.656	4.788
48.6	7.658	4.786
48.7	7.642	4.776
48.8	7.643	4.778
48.9	7.644	4.78
49	7.643	4.781
49.1	7.645	4.781
49.2	7.647	4.783
49.3	7.648	4.78
49.4	7.646	4.779
49.5	7.644	4.779
49.6	7.642	4.781
49.7	7.647	4.789
49.8	7.653	4.79
49.9	7.659	4.792
50	7.663	4.794
50.1	7.667	4.795
50.2	7.668	4.795
50.3	7.67	4.795
50.4	7.672	4.795
50.5	7.673	4.797
50.6	7.672	4.8
50.7	7.674	4.799
50.8	7.673	4.799
50.9	7.673	4.802
51	7.671	4.8
51.1	7.67	4.796
51.2	7.667	4.79
51.3	7.669	4.789
51.4	7.668	4.791
51.5	7.67	4.795
51.6	7.671	4.796
51.7	7.67	4.799
51.8	7.669	4.802
51.9	7.666	4.804
52	7.665	4.803
52.1	7.665	4.802
52.2	7.665	4.801
52.3	7.664	4.801
52.4	7.664	4.801
52.5	7.666	4.8
52.6	7.667	4.799
52.7	7.67	4.8
52.8	7.672	4.8
52.9	7.675	4.802
53	7.677	4.804
53.1	7.679	4.805
53.2	7.68	4.805
53.3	7.681	4.807
53.4	7.681	4.808
53.5	7.68	4.808
53.6	7.678	4.807
53.7	7.675	4.807
53.8	7.675	4.805
53.9	7.676	4.803
54	7.676	4.8
54.1	7.675	4.798
54.2	7.674	4.801
54.3	7.674	4.794
54.4	7.672	4.791
54.5	7.668	4.794
54.6	7.667	4.795
54.7	7.668	4.795
54.8	7.67	4.794
54.9	7.67	4.795
55	7.673	4.796
55.1	7.676	4.791
55.2	7.678	4.787
55.3	7.68	4.784
55.4	7.683	4.784
55.5	7.685	4.789
55.6	7.685	4.797
55.7	7.684	4.802
55.8	7.683	4.801
55.9	7.68	4.799
56	7.68	4.801
56.1	7.678	4.802
56.2	7.678	4.807
56.3	7.677	4.808
56.4	7.676	4.81
56.5	7.675	4.808
56.6	7.675	4.807
56.7	7.675	4.805
56.8	7.676	4.804
56.9	7.675	4.803
57	7.675	4.803
57.1	7.676	4.802
57.2	7.679	4.801
57.3	7.678	4.798
57.4	7.676	4.799
57.5	7.676	4.8
57.6	7.678	4.801
57.7	7.681	4.805
57.8	7.685	4.806
57.9	7.688	4.806
58	7.69	4.804
58.1	7.691	4.802
58.2	7.692	4.8
58.3	7.694	4.798
58.4	7.696	4.794
58.5	7.697	4.788
58.6	7.697	4.782
58.7	7.695	4.779
58.8	7.695	4.777
58.9	7.694	4.776
59	7.696	4.77
59.1	7.694	4.766
59.2	7.695	4.767
59.3	7.697	4.768
59.4	7.699	4.773
59.5	7.7	4.774
59.6	7.699	4.774
59.7	7.698	4.773
59.8	7.696	4.772
59.9	7.694	4.772
60	7.696	4.77
60.1	7.693	4.774
60.2	7.693	4.777
60.3	7.693	4.777
60.4	7.693	4.779
60.5	7.692	4.782
60.6	7.692	4.784
60.7	7.69	4.786
60.8	7.686	4.787
60.9	7.685	4.788
61	7.683	4.791
61.1	7.684	4.793
61.2	7.686	4.794
61.3	7.69	4.796
61.4	7.693	4.796
61.5	7.694	4.796
61.6	7.693	4.797
61.7	7.693	4.794
61.8	7.693	4.794
61.9	7.694	4.798
62	7.694	4.802
62.1	7.691	4.804
62.2	7.691	4.804
62.3	7.693	4.804
62.4	7.691	4.808
62.5	7.688	4.811
62.6	7.687	4.81
62.7	7.687	4.809
62.8	7.687	4.812
62.9	7.686	4.813
63	7.686	4.815
63.1	7.686	4.816
63.2	7.686	4.816
63.3	7.687	4.814
63.4	7.688	4.812
63.5	7.69	4.809
63.6	7.695	4.803
63.7	7.703	4.796
63.8	7.706	4.791
63.9	7.705	4.791
64	7.704	4.789
64.1	7.703	4.788
64.2	7.702	4.79
64.3	7.702	4.79
64.4	7.703	4.79
64.5	7.701	4.791
64.6	7.701	4.796
64.7	7.699	4.8
64.8	7.696	4.801
64.9	7.69	4.799
65	7.684	4.792
65.1	7.682	4.785
65.2	7.682	4.78
65.3	7.683	4.777
65.4	7.684	4.777
65.5	7.683	4.777
65.6	7.681	4.774
65.7	7.678	4.774
65.8	7.676	4.777
65.9	7.678	4.78
66	7.679	4.782
66.1	7.681	4.784
66.2	7.683	4.786
66.3	7.683	4.79
66.4	7.683	4.792
66.5	7.684	4.794
66.6	7.685	4.795
66.7	7.687	4.796
66.8	7.689	4.797
66.9	7.696	4.794
67	7.705	4.787
67.1	7.709	4.776
67.2	7.71	4.765
67.3	7.709	4.75
67.4	7.713	4.736
67.5	7.722	4.724
67.6	7.733	4.718
67.7	7.743	4.716
67.8	7.753	4.717
67.9	7.759	4.72
68	7.758	4.723
68.1	7.756	4.723
68.2	7.756	4.723
68.3	7.759	4.722
68.4	7.766	4.722
68.5	7.772	4.722
68.6	7.777	4.723
68.7	7.785	4.724
68.8	7.794	4.726
68.9	7.804	4.732
69	7.813	4.743
69.1	7.82	4.757
69.2	7.821	4.768
69.3	7.819	4.775
69.4	7.814	4.774
69.5	7.795	4.751
69.6	7.759	4.718
69.7	7.717	4.695
69.8	7.687	4.685
69.9	7.665	4.684
70	7.65	4.689
70.1	7.64	4.699
70.2	7.636	4.709
70.3	7.635	4.718
70.4	7.636	4.722
70.5	7.637	4.72
70.6	7.636	4.708
70.7	7.635	4.694
70.8	7.632	4.672
70.9	7.631	4.656
71	7.626	4.644
71.1	7.618	4.64
71.2	7.608	4.639
71.3	7.592	4.635
71.4	7.587	4.639
71.5	7.583	4.645
71.6	7.58	4.654
71.7	7.58	4.669
71.8	7.58	4.689
71.9	7.583	4.714
72	7.587	4.734
72.1	7.586	4.747
72.2	7.585	4.755
72.3	7.582	4.758
72.4	7.578	4.757
72.5	7.573	4.755
72.6	7.569	4.752
72.7	7.569	4.752
72.8	7.568	4.756
72.9	7.57	4.764
73	7.569	4.772
73.1	7.567	4.779
73.2	7.563	4.786
73.3	7.558	4.796
73.4	7.555	4.807
73.5	7.551	4.814
73.6	7.549	4.818
73.7	7.547	4.818
73.8	7.546	4.814
73.9	7.547	4.806
74	7.549	4.797
74.1	7.553	4.789
74.2	7.558	4.786
74.3	7.567	4.787
74.4	7.577	4.792
74.5	7.588	4.801
74.6	7.596	4.809
74.7	7.601	4.81
74.8	7.6	4.802
74.9	7.597	4.787
75	7.591	4.768
75.1	7.582	4.748
75.2	7.575	4.729
75.3	7.568	4.715
75.4	7.56	4.699
75.5	7.556	4.681
75.6	7.563	4.665
75.7	7.575	4.655
75.8	7.583	4.65
75.9	7.588	4.643
76	7.594	4.639
76.1	7.6	4.639
76.2	7.605	4.641
76.3	7.607	4.643
76.4	7.599	4.646
76.5	7.588	4.649
76.6	7.576	4.657
76.7	7.568	4.671
76.8	7.567	4.689
76.9	7.57	4.705
77	7.57	4.712
77.1	7.566	4.708
77.2	7.557	4.696
77.3	7.545	4.679
77.4	7.53	4.659
77.5	7.519	4.642
77.6	7.513	4.632
77.7	7.509	4.622
77.8	7.507	4.615
77.9	7.51	4.611
78	7.511	4.605
78.1	7.513	4.6
78.2	7.518	4.597
78.3	7.523	4.598
78.4	7.531	4.598
78.5	7.539	4.599
78.6	7.547	4.602
78.7	7.554	4.608
78.8	7.557	4.614
78.9	7.557	4.618
79	7.562	4.622
79.1	7.567	4.625
79.2	7.569	4.627
79.3	7.571	4.628
79.4	7.574	4.628
79.5	7.578	4.627
79.6	7.578	4.627
79.7	7.579	4.629
79.8	7.578	4.63
79.9	7.577	4.63
80	7.576	4.628
80.1	7.574	4.627
80.2	7.571	4.627
80.3	7.567	4.628
80.4	7.563	4.628
80.5	7.558	4.626
80.6	7.551	4.624
80.7	7.543	4.624
80.8	7.536	4.627
80.9	7.527	4.63
81	7.514	4.633
81.1	7.503	4.64
81.2	7.491	4.646
81.3	7.481	4.65
81.4	7.473	4.653
81.5	7.469	4.657
81.6	7.459	4.66
81.7	7.441	4.663
81.8	7.411	4.663
81.9	7.368	4.657
82	7.313	4.648
82.1	7.246	4.635
82.2	7.168	4.615
82.3	7.086	4.588
82.4	7.015	4.565
82.5	6.952	4.55
82.6	6.898	4.54
82.7	6.858	4.535
82.8	6.828	4.526
82.9	6.798	4.526
83	6.765	4.532
83.1	6.726	4.548
83.2	6.682	4.568
83.3	6.635	4.584
83.4	6.595	4.599
83.5	6.56	4.612
83.6	6.53	4.62
83.7	6.494	4.615
83.8	6.469	4.612
83.9	6.443	4.608
84	6.415	4.599
84.1	6.383	4.586
84.2	6.345	4.569
84.3	6.305	4.55
84.4	6.262	4.527
84.5	6.217	4.501
84.6	6.174	4.473
84.7	6.127	4.444
84.8	6.074	4.418
84.9	6.017	4.397
85	5.953	4.382
85.1	5.883	4.377
85.2	5.819	4.375
85.3	5.763	4.369
85.4	5.713	4.365
85.5	5.669	4.36
85.6	5.635	4.352
85.7	5.61	4.34
85.8	5.596	4.328
85.9	5.595	4.317
86	5.6	4.308
86.1	5.599	4.302
86.2	5.592	4.301
86.3	5.573	4.303
86.4	5.537	4.302
86.5	5.49	4.305
86.6	5.432	4.302
86.7	5.379	4.301
86.8	5.335	4.297
86.9	5.299	4.285
87	5.272	4.266
87.1	5.253	4.238
87.2	5.239	4.2
87.3	5.225	4.15
87.4	5.21	4.087
87.5	5.195	4.008
87.6	5.181	3.927
87.7	5.167	3.849
87.8	5.15	3.782
87.9	5.131	3.718
88	5.11	3.656
88.1	5.086	3.589
88.2	5.055	3.517
88.3	5.019	3.441
88.4	4.988	3.372
88.5	4.963	3.31
88.6	4.944	3.256
88.7	4.928	3.206
88.8	4.917	3.158
88.9	4.91	3.106
89	4.906	3.05
89.1	4.907	2.985
89.2	4.911	2.917
89.3	4.92	2.852
89.4	4.931	2.799
89.5	4.942	2.756
89.6	4.952	2.719
89.7	4.961	2.687
89.8	4.962	2.657
89.9	4.956	2.628
90	4.942	2.594
90.1	4.926	2.556
90.2	4.91	2.515
90.3	4.893	2.468
90.4	4.867	2.407
90.5	4.82	2.349
90.6	4.764	2.33
90.7	4.742	2.328
90.8	4.745	2.313
90.9	4.751	2.285
91	4.764	2.253
91.1	4.777	2.22
91.2	4.788	2.192
91.3	4.798	2.171
91.4	4.803	2.155
91.5	4.805	2.147
91.6	4.81	2.146
91.7	4.807	2.141
91.8	4.797	2.131
91.9	4.786	2.119
92	4.778	2.101
92.1	4.762	2.07
92.2	4.742	2.03
92.3	4.716	1.98
92.4	4.68	1.927
92.5	4.633	1.87
92.6	4.596	1.813
92.7	4.57	1.77
92.8	4.543	1.739
92.9	4.512	1.717
93	4.473	1.705
93.1	4.432	1.704
93.2	4.388	1.708
93.3	4.347	1.714
93.4	4.314	1.72
93.5	4.287	1.729
93.6	4.264	1.743
93.7	4.242	1.757
93.8	4.22	1.77
93.9	4.198	1.781
94	4.178	1.79
94.1	4.16	1.797
94.2	4.148	1.798
94.3	4.144	1.792
94.4	4.154	1.775
94.5	4.172	1.751
94.6	4.197	1.727
94.7	4.227	1.709
94.8	4.264	1.695
94.9	4.302	1.689
95	4.34	1.689
95.1	4.377	1.69
95.2	4.415	1.69
95.3	4.452	1.688
95.4	4.491	1.688
95.5	4.524	1.688
95.6	4.546	1.687
95.7	4.56	1.685
95.8	4.569	1.682
95.9	4.575	1.678
96	4.575	1.678
96.1	4.571	1.681
96.2	4.567	1.685
96.3	4.562	1.686
96.4	4.558	1.688
96.5	4.555	1.687
96.6	4.554	1.685
96.7	4.56	1.685
96.8	4.572	1.68
96.9	4.594	1.671
97	4.615	1.676
97.1	4.625	1.684
97.2	4.631	1.691
97.3	4.635	1.709
97.4	4.636	1.727
97.5	4.639	1.755
97.6	4.644	1.784
97.7	4.651	1.814
97.8	4.663	1.852
97.9	4.677	1.892
98	4.694	1.936
98.1	4.711	1.985
98.2	4.729	2.036
98.3	4.753	2.088
98.4	4.784	2.132
98.5	4.826	2.174
98.6	4.869	2.219
98.7	4.905	2.267
98.8	4.931	2.318
98.9	4.946	2.368
99	4.952	2.419
99.1	4.948	2.478
99.2	4.934	2.548
99.3	4.924	2.586
99.4	4.919	2.611
99.5	4.92	2.626
99.6	4.918	2.639
99.7	4.915	2.654
99.8	4.924	2.668
99.9	4.945	2.675
100	4.965	2.67
100.1	4.977	2.655
100.2	4.981	2.637
100.3	4.983	2.614
100.4	4.984	2.583
100.5	4.982	2.55
100.6	4.974	2.527
100.7	4.957	2.525
100.8	4.93	2.544
100.9	4.897	2.583
101	4.861	2.64
101.1	4.828	2.704
101.2	4.805	2.765
101.3	4.795	2.824
101.4	4.795	2.881
101.5	4.803	2.942
101.6	4.82	3.004
101.7	4.842	3.068
101.8	4.866	3.135
101.9	4.897	3.198
102	4.933	3.25
102.1	4.965	3.295
102.2	4.989	3.344
102.3	5.008	3.399
102.4	5.025	3.464
102.5	5.043	3.537
102.6	5.06	3.612
102.7	5.084	3.679
102.8	5.116	3.736
102.9	5.154	3.782
103	5.201	3.823
103.1	5.26	3.861
103.2	5.332	3.896
103.3	5.409	3.925
103.4	5.477	3.95
103.5	5.542	3.976
103.6	5.603	4.003
103.7	5.664	4.034
103.8	5.727	4.072
103.9	5.797	4.118
104	5.876	4.167
104.1	5.957	4.21
104.2	6.038	4.241
104.3	6.117	4.263
104.4	6.199	4.276
104.5	6.284	4.278
104.6	6.373	4.266
104.7	6.459	4.25
104.8	6.54	4.241
104.9	6.615	4.235
105	6.687	4.233
105.1	6.761	4.237
105.2	6.844	4.248
105.3	6.934	4.265
105.4	7.023	4.282
105.5	7.102	4.293
105.6	7.173	4.299
105.7	7.238	4.302
105.8	7.295	4.303
105.9	7.345	4.3
106	7.397	4.287
106.1	7.452	4.268
106.2	7.511	4.25
106.3	7.565	4.239
106.4	7.611	4.23
106.5	7.643	4.227
106.6	7.663	4.234
106.7	7.681	4.244
106.8	7.697	4.253
106.9	7.717	4.259
107	7.735	4.266
107.1	7.752	4.276
107.2	7.761	4.287
107.3	7.758	4.298
107.4	7.743	4.311
107.5	7.719	4.325
107.6	7.69	4.337
107.7	7.664	4.349
107.8	7.645	4.358
107.9	7.638	4.361
108	7.639	4.36
108.1	7.646	4.357
108.2	7.656	4.353
108.3	7.666	4.35
108.4	7.68	4.356
108.5	7.699	4.368
108.6	7.714	4.383
108.7	7.727	4.401
108.8	7.738	4.421
108.9	7.742	4.44
109	7.742	4.455
109.1	7.743	4.462
109.2	7.745	4.463
109.3	7.744	4.46
109.4	7.74	4.453
109.5	7.738	4.44
109.6	7.727	4.418
109.7	7.734	4.406
109.8	7.73	4.39
109.9	7.727	4.374
110	7.724	4.363
110.1	7.723	4.36
110.2	7.721	4.36
110.3	7.721	4.363
110.4	7.718	4.364
110.5	7.717	4.369
110.6	7.718	4.373
110.7	7.719	4.376
110.8	7.719	4.381
110.9	7.722	4.386
111	7.725	4.39
111.1	7.729	4.396
111.2	7.734	4.4
111.3	7.738	4.401
111.4	7.742	4.403
111.5	7.744	4.404
111.6	7.747	4.406
111.7	7.75	4.407
111.8	7.742	4.398
111.9	7.745	4.397
112	7.746	4.398
112.1	7.746	4.399
112.2	7.746	4.402
112.3	7.746	4.404
112.4	7.745	4.408
112.5	7.746	4.41
112.6	7.745	4.411
112.7	7.746	4.413
112.8	7.747	4.415
112.9	7.749	4.417
113	7.755	4.42
113.1	7.762	4.424
113.2	7.765	4.427
113.3	7.765	4.428
113.4	7.766	4.428
113.5	7.767	4.428
113.6	7.764	4.428
113.7	7.759	4.429
113.8	7.753	4.43
113.9	7.746	4.43
114	7.738	4.429
114.1	7.734	4.426
114.2	7.733	4.423
114.3	7.734	4.421
114.4	7.737	4.421
114.5	7.738	4.421
114.6	7.738	4.421
114.7	7.738	4.423
114.8	7.737	4.424
114.9	7.736	4.425
115	7.736	4.424
115.1	7.737	4.423
115.2	7.736	4.421
115.3	7.734	4.417
115.4	7.74	4.415
115.5	7.75	4.415
115.6	7.752	4.411
115.7	7.758	4.41
115.8	7.767	4.412
115.9	7.771	4.413
116	7.772	4.412
116.1	7.771	4.412
116.2	7.769	4.412
116.3	7.764	4.413
116.4	7.76	4.415
116.5	7.757	4.416
116.6	7.756	4.417
116.7	7.756	4.42
116.8	7.758	4.421
116.9	7.759	4.423
117	7.759	4.423
117.1	7.758	4.423
117.2	7.755	4.423
117.3	7.753	4.423
117.4	7.751	4.422
117.5	7.751	4.421
117.6	7.75	4.419
117.7	7.754	4.42
117.8	7.756	4.421
117.9	7.756	4.418
118	7.757	4.417
118.1	7.758	4.418
118.2	7.757	4.42
118.3	7.755	4.421
118.4	7.752	4.421
118.5	7.75	4.42
118.6	7.748	4.418
118.7	7.746	4.416
118.8	7.745	4.415
118.9	7.744	4.414
119	7.742	4.413
119.1	7.739	4.412
119.2	7.736	4.414
119.3	7.734	4.415
119.4	7.732	4.417
119.5	7.732	4.419
119.6	7.733	4.421
119.7	7.733	4.423
119.8	7.734	4.423
119.9	7.734	4.422
120	7.735	4.42
120.1	7.735	4.415
120.2	7.735	4.41
120.3	7.736	4.406
120.4	7.736	4.403
120.5	7.736	4.401
120.6	7.736	4.399
120.7	7.736	4.4
120.8	7.735	4.401
120.9	7.733	4.402
121	7.731	4.403
121.1	7.729	4.403
121.2	7.728	4.404
121.3	7.727	4.403
121.4	7.727	4.404
121.5	7.728	4.405
121.6	7.729	4.405
121.7	7.729	4.407
121.8	7.729	4.408
121.9	7.73	4.409
122	7.73	4.41
122.1	7.73	4.41
122.2	7.731	4.411
122.3	7.732	4.411
122.4	7.733	4.412
122.5	7.735	4.412
122.6	7.736	4.412
122.7	7.737	4.412
122.8	7.737	4.412
122.9	7.737	4.412
123	7.737	4.412
123.1	7.737	4.413
123.2	7.736	4.413
123.3	7.734	4.413
123.4	7.733	4.414
123.5	7.731	4.416
123.6	7.728	4.417
123.7	7.725	4.417
123.8	7.723	4.414
123.9	7.723	4.409
124	7.725	4.405
124.1	7.728	4.401
124.2	7.731	4.4
124.3	7.734	4.398
124.4	7.736	4.398
124.5	7.737	4.399
124.6	7.738	4.4
124.7	7.738	4.402
124.8	7.739	4.403
124.9	7.741	4.406
125	7.742	4.408
125.1	7.741	4.41
125.2	7.741	4.411
125.3	7.74	4.411
125.4	7.741	4.411
125.5	7.741	4.412
125.6	7.74	4.413
125.7	7.739	4.413
125.8	7.739	4.414
125.9	7.739	4.415
126	7.738	4.415
126.1	7.738	4.415
126.2	7.736	4.414
126.3	7.737	4.413
126.4	7.736	4.413
126.5	7.735	4.414
126.6	7.733	4.415
126.7	7.732	4.417
126.8	7.73	4.418
126.9	7.729	4.419
127	7.729	4.419
127.1	7.73	4.419
127.2	7.732	4.418
127.3	7.733	4.418
127.4	7.733	4.418
127.5	7.732	4.417
127.6	7.731	4.418
127.7	7.73	4.419
127.8	7.73	4.419
127.9	7.731	4.418
128	7.731	4.417
128.1	7.731	4.415
128.2	7.732	4.414
128.3	7.733	4.413
128.4	7.733	4.413
128.5	7.733	4.412
128.6	7.734	4.413
128.7	7.734	4.413
128.8	7.735	4.413
128.9	7.736	4.413
129	7.737	4.414
129.1	7.739	4.416
129.2	7.739	4.419
129.3	7.74	4.42
129.4	7.74	4.42
129.5	7.74	4.42
129.6	7.741	4.421
129.7	7.739	4.422
129.8	7.738	4.42
129.9	7.738	4.416
130	7.739	4.412
130.1	7.739	4.41
130.2	7.74	4.411
130.3	7.741	4.41
130.4	7.742	4.409
130.5	7.744	4.409
130.6	7.745	4.409
130.7	7.746	4.41
130.8	7.747	4.411
130.9	7.746	4.413
131	7.746	4.414
131.1	7.745	4.413
131.2	7.744	4.413
131.3	7.746	4.412
131.4	7.745	4.409
131.5	7.744	4.405
131.6	7.742	4.404
131.7	7.739	4.405
131.8	7.734	4.409
131.9	7.733	4.413
132	7.732	4.417
132.1	7.728	4.418
132.2	7.727	4.419
132.3	7.728	4.42
132.4	7.727	4.42
132.5	7.727	4.419
132.6	7.726	4.418
132.7	7.725	4.417
132.8	7.724	4.416
132.9	7.724	4.416
133	7.725	4.417
133.1	7.726	4.418
133.2	7.728	4.418
133.3	7.729	4.418
133.4	7.732	4.417
133.5	7.733	4.416
133.6	7.736	4.415
133.7	7.738	4.415
133.8	7.738	4.415
133.9	7.738	4.416
134	7.737	4.417
134.1	7.737	4.416
134.2	7.737	4.416
134.3	7.737	4.416
134.4	7.736	4.416
134.5	7.737	4.414
134.6	7.738	4.412
134.7	7.738	4.411
134.8	7.739	4.409
134.9	7.74	4.408
135	7.741	4.407
135.1	7.742	4.407
135.2	7.743	4.407
135.3	7.743	4.408
135.4	7.744	4.409
135.5	7.744	4.41
135.6	7.744	4.411
135.7	7.745	4.412
135.8	7.745	4.413
135.9	7.744	4.413
136	7.742	4.413
136.1	7.74	4.412
136.2	7.739	4.411
136.3	7.738	4.409
136.4	7.738	4.408
136.5	7.738	4.408
136.6	7.739	4.408
136.7	7.74	4.41
136.8	7.741	4.412
136.9	7.742	4.414
137	7.743	4.416
137.1	7.744	4.418
137.2	7.744	4.419
137.3	7.743	4.419
137.4	7.745	4.42
137.5	7.747	4.422
137.6	7.746	4.423
137.7	7.745	4.424
137.8	7.745	4.425
137.9	7.744	4.425
138	7.743	4.426
138.1	7.742	4.426
138.2	7.741	4.426
138.3	7.741	4.427
138.4	7.742	4.429
138.5	7.742	4.431
138.6	7.742	4.432
138.7	7.741	4.434
138.8	7.741	4.435
138.9	7.74	4.436
139	7.74	4.436
139.1	7.74	4.436
139.2	7.739	4.436
139.3	7.739	4.435
139.4	7.739	4.435
139.5	7.74	4.435
139.6	7.74	4.435
139.7	7.741	4.435
139.8	7.741	4.435
139.9	7.742	4.434
140	7.742	4.432
140.1	7.743	4.431
140.2	7.743	4.43
140.3	7.744	4.429
140.4	7.744	4.429
140.5	7.744	4.428
140.6	7.743	4.428
140.7	7.743	4.428
140.8	7.743	4.428
140.9	7.743	4.428
141	7.743	4.428
141.1	7.742	4.428
141.2	7.742	4.428
141.3	7.743	4.427
141.4	7.742	4.426
141.5	7.742	4.426
141.6	7.742	4.425
141.7	7.742	4.425
141.8	7.742	4.425
141.9	7.743	4.424
142	7.743	4.424
142.1	7.743	4.424
142.2	7.744	4.423
142.3	7.744	4.423
142.4	7.744	4.423
142.5	7.744	4.423
142.6	7.744	4.423
142.7	7.744	4.423
142.8	7.744	4.424
142.9	7.744	4.425
143	7.745	4.426
143.1	7.745	4.426
143.2	7.746	4.427
143.3	7.746	4.427
143.4	7.746	4.427
143.5	7.746	4.427
143.6	7.746	4.427
143.7	7.745	4.426
143.8	7.745	4.426
143.9	7.743	4.425
144	7.742	4.424
144.1	7.741	4.424
144.2	7.74	4.423
144.3	7.739	4.422
144.4	7.738	4.422
144.5	7.736	4.422
144.6	7.734	4.423
144.7	7.733	4.424
144.8	7.732	4.425
144.9	7.731	4.426
145	7.731	4.427
145.1	7.732	4.427
145.2	7.733	4.426
145.3	7.734	4.425
145.4	7.736	4.423
145.5	7.737	4.421
145.6	7.738	4.419
145.7	7.739	4.418
145.8	7.74	4.417
145.9	7.741	4.416
146	7.741	4.417
146.1	7.741	4.417
146.2	7.741	4.417
146.3	7.739	4.418
146.4	7.738	4.418
146.5	7.736	4.418
146.6	7.734	4.418
146.7	7.734	4.419
146.8	7.734	4.42
146.9	7.734	4.42
147	7.735	4.419
147.1	7.735	4.416
147.2	7.736	4.413
147.3	7.737	4.412
147.4	7.737	4.411
147.5	7.737	4.41
147.6	7.738	4.409
147.7	7.737	4.41
147.8	7.737	4.412
147.9	7.736	4.414
148	7.736	4.416
148.1	7.735	4.417
148.2	7.734	4.417
148.3	7.733	4.416
148.4	7.733	4.414
148.5	7.733	4.413
148.6	7.733	4.41
148.7	7.734	4.407
148.8	7.735	4.402
148.9	7.736	4.397
149	7.737	4.393
149.1	7.738	4.39
149.2	7.739	4.387
149.3	7.738	4.386
149.4	7.738	4.386
149.5	7.738	4.386
149.6	7.74	4.384
149.7	7.745	4.378
149.8	7.754	4.369
149.9	7.766	4.363
150	7.776	4.36
150.1	7.784	4.358
150.2	7.789	4.357
150.3	7.791	4.356
150.4	7.79	4.356
150.5	7.785	4.357
150.6	7.778	4.359
150.7	7.768	4.366
150.8	7.756	4.378
150.9	7.746	4.394
151	7.74	4.413
151.1	7.737	4.429
151.2	7.739	4.441
151.3	7.742	4.449
151.4	7.745	4.452
151.5	7.749	4.452
151.6	7.754	4.451
151.7	7.756	4.449
151.8	7.757	4.446
151.9	7.758	4.443
152	7.758	4.441
152.1	7.757	4.439
