Time	X	Z
0	7.604	2.26
0.1	7.604	2.26
0.2	7.607	2.261
0.3	7.607	2.261
0.4	7.607	2.261
0.5	7.608	2.261
0.6	7.608	2.261
0.7	7.608	2.261
0.8	7.608	2.261
0.9	7.608	2.261
1	7.608	2.261
1.1	7.609	2.261
1.2	7.609	2.261
1.3	7.607	2.261
1.4	7.607	2.261
1.5	7.606	2.261
1.6	7.606	2.261
1.7	7.605	2.261
1.8	7.606	2.261
1.9	7.606	2.261
2	7.606	2.261
2.1	7.606	2.261
2.2	7.606	2.261
2.3	7.606	2.261
2.4	7.605	2.26
2.5	7.605	2.26
2.6	7.605	2.26
2.7	7.605	2.26
2.8	7.605	2.261
2.9	7.606	2.261
3	7.607	2.261
3.1	7.607	2.261
3.2	7.607	2.261
3.3	7.607	2.261
3.4	7.607	2.261
3.5	7.606	2.261
3.6	7.607	2.261
3.7	7.607	2.261
3.8	7.607	2.261
3.9	7.607	2.261
4	7.608	2.261
4.1	7.607	2.261
4.2	7.607	2.261
4.3	7.606	2.261
4.4	7.606	2.261
4.5	7.606	2.261
4.6	7.605	2.261
4.7	7.606	2.261
4.8	7.607	2.261
4.9	7.607	2.261
5	7.607	2.261
5.1	7.607	2.261
5.2	7.607	2.261
5.3	7.608	2.261
5.4	7.607	2.261
5.5	7.607	2.261
5.6	7.607	2.261
5.7	7.607	2.261
5.8	7.605	2.26
5.9	7.606	2.261
6	7.606	2.261
6.1	7.606	2.261
6.2	7.605	2.261
6.3	7.606	2.261
6.4	7.606	2.261
6.5	7.607	2.261
6.6	7.607	2.261
6.7	7.607	2.261
6.8	7.607	2.261
6.9	7.607	2.261
7	7.608	2.261
7.1	7.608	2.261
7.2	7.607	2.261
7.3	7.608	2.261
7.4	7.608	2.261
7.5	7.607	2.261
7.6	7.607	2.261
7.7	7.607	2.261
7.8	7.606	2.261
7.9	7.608	2.261
8	7.608	2.261
8.1	7.609	2.261
8.2	7.609	2.261
8.3	7.609	2.261
8.4	7.609	2.261
8.5	7.608	2.261
8.6	7.609	2.261
8.7	7.608	2.261
8.8	7.609	2.261
8.9	7.609	2.261
9	7.609	2.261
9.1	7.609	2.261
9.2	7.609	2.261
9.3	7.609	2.261
9.4	7.609	2.262
9.5	7.609	2.261
9.6	7.608	2.261
9.7	7.609	2.261
9.8	7.609	2.261
9.9	7.608	2.261
10	7.607	2.261
10.1	7.608	2.261
10.2	7.608	2.261
10.3	7.608	2.261
10.4	7.607	2.261
10.5	7.607	2.261
10.6	7.606	2.261
10.7	7.606	2.261
10.8	7.607	2.261
10.9	7.605	2.261
11	7.606	2.261
11.1	7.606	2.261
11.2	7.606	2.261
11.3	7.606	2.261
11.4	7.606	2.261
11.5	7.606	2.261
11.6	7.605	2.261
11.7	7.605	2.26
11.8	7.605	2.261
11.9	7.606	2.261
12	7.606	2.261
12.1	7.606	2.261
12.2	7.607	2.261
12.3	7.607	2.261
12.4	7.608	2.261
12.5	7.609	2.261
12.6	7.609	2.261
12.7	7.608	2.261
12.8	7.608	2.261
12.9	7.607	2.261
13	7.606	2.261
13.1	7.606	2.261
13.2	7.606	2.261
13.3	7.605	2.261
13.4	7.605	2.261
13.5	7.605	2.261
13.6	7.605	2.26
13.7	7.605	2.26
13.8	7.605	2.26
13.9	7.605	2.26
14	7.605	2.26
14.1	7.605	2.26
14.2	7.605	2.261
14.3	7.605	2.26
14.4	7.604	2.26
14.5	7.604	2.26
14.6	7.604	2.26
14.7	7.605	2.26
14.8	7.605	2.26
14.9	7.605	2.261
15	7.605	2.261
15.1	7.605	2.261
15.2	7.605	2.261
15.3	7.606	2.261
15.4	7.605	2.261
15.5	7.604	2.26
15.6	7.602	2.26
15.7	7.603	2.26
15.8	7.604	2.26
15.9	7.605	2.26
16	7.604	2.26
16.1	7.604	2.26
16.2	7.604	2.26
16.3	7.604	2.26
16.4	7.604	2.26
16.5	7.604	2.26
16.6	7.605	2.26
16.7	7.605	2.261
16.8	7.605	2.26
16.9	7.605	2.261
17	7.606	2.261
17.1	7.606	2.261
17.2	7.606	2.261
17.3	7.607	2.261
17.4	7.607	2.261
17.5	7.607	2.261
17.6	7.607	2.261
17.7	7.607	2.261
17.8	7.609	2.261
17.9	7.609	2.261
18	7.608	2.261
18.1	7.608	2.261
18.2	7.608	2.261
18.3	7.608	2.261
18.4	7.609	2.261
18.5	7.609	2.261
18.6	7.608	2.261
18.7	7.608	2.261
18.8	7.608	2.261
18.9	7.608	2.261
19	7.607	2.261
19.1	7.608	2.261
19.2	7.608	2.261
19.3	7.608	2.261
19.4	7.608	2.261
19.5	7.609	2.261
19.6	7.608	2.261
19.7	7.608	2.261
19.8	7.608	2.261
19.9	7.607	2.261
20	7.607	2.261
20.1	7.607	2.261
20.2	7.608	2.261
20.3	7.608	2.261
20.4	7.608	2.261
20.5	7.608	2.261
20.6	7.608	2.261
20.7	7.607	2.261
20.8	7.607	2.261
20.9	7.608	2.261
21	7.609	2.261
21.1	7.608	2.261
21.2	7.609	2.261
21.3	7.609	2.261
21.4	7.609	2.261
21.5	7.61	2.261
21.6	7.609	2.261
21.7	7.609	2.261
21.8	7.61	2.261
21.9	7.609	2.261
22	7.608	2.261
22.1	7.608	2.261
22.2	7.609	2.261
22.3	7.609	2.261
22.4	7.608	2.261
22.5	7.607	2.261
22.6	7.608	2.261
22.7	7.608	2.261
22.8	7.608	2.261
22.9	7.608	2.261
23	7.609	2.261
23.1	7.609	2.261
23.2	7.608	2.261
23.3	7.608	2.261
23.4	7.608	2.261
23.5	7.609	2.261
23.6	7.608	2.261
23.7	7.609	2.261
23.8	7.609	2.261
23.9	7.609	2.261
24	7.609	2.261
24.1	7.608	2.261
24.2	7.608	2.261
24.3	7.607	2.261
24.4	7.606	2.261
24.5	7.606	2.261
24.6	7.607	2.261
24.7	7.607	2.261
24.8	7.606	2.261
24.9	7.607	2.261
25	7.606	2.261
25.1	7.606	2.261
25.2	7.607	2.261
25.3	7.607	2.261
25.4	7.607	2.261
25.5	7.608	2.261
25.6	7.606	2.261
25.7	7.607	2.261
25.8	7.607	2.261
25.9	7.608	2.261
26	7.608	2.261
26.1	7.608	2.261
26.2	7.607	2.261
26.3	7.607	2.261
26.4	7.607	2.261
26.5	7.607	2.261
26.6	7.607	2.261
26.7	7.607	2.261
26.8	7.607	2.261
26.9	7.607	2.261
27	7.607	2.261
27.1	7.607	2.261
27.2	7.607	2.261
27.3	7.607	2.261
27.4	7.608	2.261
27.5	7.608	2.261
27.6	7.609	2.261
27.7	7.608	2.261
27.8	7.608	2.261
27.9	7.608	2.261
28	7.607	2.261
28.1	7.607	2.261
28.2	7.607	2.261
28.3	7.608	2.261
28.4	7.607	2.261
28.5	7.607	2.261
28.6	7.608	2.261
28.7	7.608	2.261
28.8	7.607	2.261
28.9	7.607	2.261
29	7.607	2.261
29.1	7.607	2.261
29.2	7.607	2.261
29.3	7.608	2.261
29.4	7.607	2.261
29.5	7.607	2.261
29.6	7.607	2.261
29.7	7.607	2.261
29.8	7.607	2.261
29.9	7.607	2.261
30	7.607	2.261
30.1	7.606	2.261
30.2	7.606	2.26
30.3	7.606	2.26
30.4	7.605	2.26
30.5	7.604	2.26
30.6	7.603	2.26
30.7	7.604	2.26
30.8	7.604	2.26
30.9	7.604	2.26
31	7.604	2.26
31.1	7.604	2.26
31.2	7.603	2.26
31.3	7.603	2.26
31.4	7.604	2.26
31.5	7.604	2.26
31.6	7.603	2.26
31.7	7.604	2.26
31.8	7.605	2.26
31.9	7.605	2.26
32	7.605	2.26
32.1	7.605	2.26
32.2	7.606	2.26
32.3	7.607	2.261
32.4	7.606	2.261
32.5	7.607	2.261
32.6	7.608	2.261
32.7	7.608	2.261
32.8	7.608	2.261
32.9	7.608	2.261
33	7.608	2.261
33.1	7.608	2.261
33.2	7.608	2.261
33.3	7.609	2.261
33.4	7.609	2.261
33.5	7.608	2.261
33.6	7.608	2.261
33.7	7.609	2.261
33.8	7.609	2.261
33.9	7.609	2.261
34	7.61	2.261
34.1	7.61	2.261
34.2	7.61	2.261
34.3	7.609	2.261
34.4	7.608	2.261
34.5	7.608	2.261
34.6	7.608	2.261
34.7	7.609	2.261
34.8	7.608	2.261
34.9	7.608	2.261
35	7.609	2.261
35.1	7.609	2.261
35.2	7.609	2.261
35.3	7.609	2.261
35.4	7.609	2.261
35.5	7.609	2.261
35.6	7.608	2.261
35.7	7.609	2.261
35.8	7.608	2.261
35.9	7.608	2.261
36	7.608	2.261
36.1	7.608	2.261
36.2	7.608	2.261
36.3	7.608	2.261
36.4	7.608	2.261
36.5	7.608	2.261
36.6	7.609	2.261
36.7	7.608	2.261
36.8	7.608	2.261
36.9	7.608	2.261
37	7.607	2.261
37.1	7.607	2.261
37.2	7.606	2.261
37.3	7.606	2.26
37.4	7.606	2.26
37.5	7.606	2.261
37.6	7.606	2.261
37.7	7.608	2.261
37.8	7.607	2.261
37.9	7.608	2.261
38	7.608	2.261
38.1	7.609	2.261
38.2	7.61	2.261
38.3	7.609	2.261
38.4	7.61	2.261
38.5	7.61	2.261
38.6	7.611	2.262
38.7	7.611	2.261
38.8	7.61	2.261
38.9	7.61	2.261
39	7.61	2.261
39.1	7.61	2.261
39.2	7.609	2.261
39.3	7.609	2.261
39.4	7.608	2.261
39.5	7.607	2.261
39.6	7.607	2.261
39.7	7.608	2.261
39.8	7.607	2.261
39.9	7.607	2.261
40	7.608	2.261
40.1	7.608	2.261
40.2	7.608	2.261
40.3	7.608	2.261
40.4	7.608	2.261
40.5	7.608	2.261
40.6	7.608	2.261
40.7	7.608	2.261
40.8	7.608	2.261
40.9	7.608	2.261
41	7.607	2.261
41.1	7.607	2.261
41.2	7.608	2.261
41.3	7.608	2.261
41.4	7.608	2.261
41.5	7.608	2.261
41.6	7.609	2.261
41.7	7.608	2.261
41.8	7.609	2.261
41.9	7.608	2.261
42	7.607	2.261
42.1	7.607	2.261
42.2	7.606	2.261
42.3	7.606	2.26
42.4	7.606	2.26
42.5	7.607	2.26
42.6	7.606	2.26
42.7	7.606	2.26
42.8	7.607	2.26
42.9	7.606	2.26
43	7.606	2.26
43.1	7.606	2.261
43.2	7.606	2.26
43.3	7.606	2.26
43.4	7.607	2.26
43.5	7.606	2.26
43.6	7.607	2.261
43.7	7.607	2.261
43.8	7.608	2.261
43.9	7.607	2.261
44	7.608	2.261
44.1	7.608	2.261
44.2	7.608	2.261
44.3	7.609	2.261
44.4	7.608	2.261
44.5	7.608	2.261
44.6	7.608	2.261
44.7	7.609	2.261
44.8	7.609	2.261
44.9	7.609	2.261
45	7.609	2.261
45.1	7.609	2.261
45.2	7.609	2.261
45.3	7.609	2.261
45.4	7.61	2.261
45.5	7.61	2.261
45.6	7.608	2.261
45.7	7.608	2.261
45.8	7.608	2.261
45.9	7.608	2.261
46	7.608	2.261
46.1	7.608	2.261
46.2	7.608	2.261
46.3	7.607	2.261
46.4	7.607	2.261
46.5	7.608	2.261
46.6	7.607	2.261
46.7	7.606	2.26
46.8	7.607	2.261
46.9	7.607	2.261
47	7.607	2.261
47.1	7.607	2.261
47.2	7.607	2.261
47.3	7.607	2.261
47.4	7.608	2.261
47.5	7.608	2.261
47.6	7.608	2.261
47.7	7.608	2.261
47.8	7.608	2.261
47.9	7.607	2.261
48	7.606	2.261
48.1	7.606	2.26
48.2	7.606	2.26
48.3	7.605	2.26
48.4	7.606	2.26
48.5	7.606	2.26
48.6	7.606	2.26
48.7	7.607	2.261
48.8	7.606	2.26
48.9	7.606	2.26
49	7.606	2.26
49.1	7.606	2.26
49.2	7.608	2.261
49.3	7.607	2.261
49.4	7.607	2.261
49.5	7.608	2.261
49.6	7.607	2.261
49.7	7.607	2.261
49.8	7.608	2.261
49.9	7.608	2.261
50	7.608	2.261
50.1	7.608	2.261
50.2	7.608	2.261
50.3	7.608	2.261
50.4	7.608	2.261
50.5	7.608	2.261
50.6	7.608	2.261
50.7	7.607	2.261
50.8	7.608	2.261
50.9	7.607	2.261
51	7.607	2.261
51.1	7.607	2.261
51.2	7.607	2.261
51.3	7.607	2.261
51.4	7.607	2.261
51.5	7.608	2.261
51.6	7.608	2.261
51.7	7.607	2.261
51.8	7.607	2.261
51.9	7.608	2.261
52	7.608	2.261
52.1	7.608	2.261
52.2	7.608	2.261
52.3	7.609	2.261
52.4	7.609	2.261
52.5	7.609	2.261
52.6	7.608	2.261
52.7	7.608	2.261
52.8	7.608	2.261
52.9	7.607	2.261
53	7.608	2.261
53.1	7.608	2.261
53.2	7.608	2.261
53.3	7.607	2.261
53.4	7.608	2.261
53.5	7.607	2.261
53.6	7.607	2.261
53.7	7.608	2.261
53.8	7.608	2.261
53.9	7.606	2.261
54	7.606	2.261
54.1	7.606	2.261
54.2	7.607	2.261
54.3	7.608	2.261
54.4	7.607	2.261
54.5	7.607	2.261
54.6	7.606	2.261
54.7	7.607	2.261
54.8	7.607	2.261
54.9	7.606	2.261
55	7.606	2.26
55.1	7.606	2.26
55.2	7.606	2.26
55.3	7.606	2.26
55.4	7.606	2.261
55.5	7.607	2.261
55.6	7.607	2.261
55.7	7.607	2.261
55.8	7.607	2.261
55.9	7.608	2.261
56	7.608	2.261
56.1	7.607	2.261
56.2	7.607	2.261
56.3	7.607	2.261
56.4	7.607	2.261
56.5	7.607	2.261
56.6	7.606	2.261
56.7	7.607	2.261
56.8	7.607	2.261
56.9	7.607	2.261
57	7.607	2.261
57.1	7.606	2.261
57.2	7.606	2.26
57.3	7.606	2.26
57.4	7.607	2.26
57.5	7.606	2.261
57.6	7.607	2.261
57.7	7.607	2.261
57.8	7.608	2.261
57.9	7.607	2.261
58	7.606	2.26
58.1	7.605	2.26
58.2	7.605	2.26
58.3	7.604	2.26
58.4	7.604	2.26
58.5	7.604	2.26
58.6	7.604	2.26
58.7	7.604	2.26
58.8	7.605	2.26
58.9	7.604	2.26
59	7.605	2.26
59.1	7.605	2.26
59.2	7.606	2.26
59.3	7.605	2.26
59.4	7.604	2.26
59.5	7.604	2.26
59.6	7.605	2.26
59.7	7.605	2.261
59.8	7.605	2.261
59.9	7.604	2.26
60	7.605	2.261
60.1	7.605	2.26
60.2	7.605	2.261
60.3	7.605	2.261
60.4	7.605	2.261
60.5	7.605	2.261
60.6	7.606	2.261
60.7	7.605	2.261
60.8	7.606	2.261
60.9	7.606	2.261
61	7.606	2.261
61.1	7.606	2.261
61.2	7.606	2.261
61.3	7.605	2.261
61.4	7.605	2.261
61.5	7.605	2.261
61.6	7.604	2.26
61.7	7.605	2.26
61.8	7.605	2.261
61.9	7.605	2.26
62	7.605	2.261
62.1	7.604	2.26
62.2	7.604	2.26
62.3	7.605	2.261
62.4	7.605	2.261
62.5	7.606	2.261
62.6	7.606	2.261
62.7	7.606	2.261
62.8	7.606	2.261
62.9	7.606	2.261
63	7.607	2.261
63.1	7.607	2.261
63.2	7.606	2.261
63.3	7.605	2.261
63.4	7.606	2.261
63.5	7.607	2.261
63.6	7.606	2.261
63.7	7.606	2.261
63.8	7.605	2.261
63.9	7.606	2.261
64	7.606	2.261
64.1	7.607	2.261
64.2	7.607	2.261
64.3	7.607	2.261
64.4	7.607	2.261
64.5	7.607	2.261
64.6	7.607	2.261
64.7	7.607	2.261
64.8	7.607	2.261
64.9	7.608	2.261
65	7.608	2.261
65.1	7.608	2.261
65.2	7.608	2.261
65.3	7.607	2.261
65.4	7.607	2.261
65.5	7.607	2.261
65.6	7.607	2.26
65.7	7.609	2.26
65.8	7.609	2.26
65.9	7.611	2.26
66	7.612	2.261
66.1	7.613	2.259
66.2	7.613	2.26
66.3	7.611	2.271
66.4	7.607	2.282
66.5	7.6	2.292
66.6	7.581	2.294
66.7	7.549	2.302
66.8	7.505	2.292
66.9	7.455	2.308
67	7.412	2.339
67.1	7.374	2.391
67.2	7.363	2.454
67.3	7.377	2.491
67.4	7.379	2.499
67.5	7.378	2.502
67.6	7.375	2.505
67.7	7.359	2.489
67.8	7.334	2.469
67.9	7.32	2.485
68	7.335	2.545
68.1	7.34	2.616
68.2	7.324	2.697
68.3	7.304	2.78
68.4	7.284	2.877
68.5	7.26	3.002
68.6	7.249	3.157
68.7	7.244	3.316
68.8	7.253	3.442
68.9	7.27	3.533
69	7.283	3.622
69.1	7.296	3.715
69.2	7.3	3.814
69.3	7.302	3.908
69.4	7.308	4.001
69.5	7.319	4.084
69.6	7.331	4.153
69.7	7.342	4.214
69.8	7.358	4.262
69.9	7.379	4.304
70	7.388	4.347
70.1	7.394	4.386
70.2	7.412	4.422
70.3	7.432	4.462
70.4	7.44	4.496
70.5	7.449	4.52
70.6	7.452	4.538
70.7	7.46	4.555
70.8	7.465	4.567
70.9	7.471	4.575
71	7.477	4.586
71.1	7.48	4.595
71.2	7.486	4.604
71.3	7.492	4.612
71.4	7.499	4.619
71.5	7.505	4.625
71.6	7.508	4.628
71.7	7.507	4.63
71.8	7.505	4.631
71.9	7.506	4.633
72	7.507	4.634
72.1	7.51	4.634
72.2	7.513	4.635
72.3	7.515	4.636
72.4	7.514	4.637
72.5	7.516	4.637
72.6	7.52	4.639
72.7	7.526	4.642
72.8	7.528	4.645
72.9	7.531	4.648
73	7.532	4.649
73.1	7.538	4.653
73.2	7.543	4.657
73.3	7.547	4.66
73.4	7.549	4.661
73.5	7.551	4.661
73.6	7.553	4.66
73.7	7.553	4.66
73.8	7.551	4.662
73.9	7.549	4.661
74	7.545	4.661
74.1	7.538	4.662
74.2	7.533	4.66
74.3	7.535	4.66
74.4	7.535	4.663
74.5	7.531	4.664
74.6	7.532	4.665
74.7	7.535	4.667
74.8	7.537	4.669
74.9	7.537	4.668
75	7.541	4.671
75.1	7.544	4.672
75.2	7.546	4.675
75.3	7.547	4.673
75.4	7.543	4.673
75.5	7.538	4.672
75.6	7.539	4.673
75.7	7.538	4.677
75.8	7.544	4.679
75.9	7.548	4.678
76	7.551	4.675
76.1	7.553	4.674
76.2	7.552	4.674
76.3	7.553	4.675
76.4	7.547	4.673
76.5	7.493	4.62
76.6	7.504	4.627
76.7	7.507	4.63
76.8	7.508	4.631
76.9	7.511	4.632
77	7.512	4.629
77.1	7.511	4.631
77.2	7.512	4.632
77.3	7.515	4.633
77.4	7.517	4.633
77.5	7.516	4.634
77.6	7.518	4.631
77.7	7.521	4.632
77.8	7.523	4.631
77.9	7.525	4.631
78	7.522	4.633
78.1	7.522	4.634
78.2	7.527	4.635
78.3	7.53	4.634
78.4	7.528	4.634
78.5	7.53	4.635
78.6	7.528	4.637
78.7	7.529	4.638
78.8	7.53	4.638
78.9	7.53	4.637
79	7.53	4.636
79.1	7.528	4.636
79.2	7.527	4.635
79.3	7.529	4.633
79.4	7.533	4.632
79.5	7.534	4.631
79.6	7.536	4.63
79.7	7.536	4.632
79.8	7.537	4.631
79.9	7.535	4.632
80	7.534	4.633
80.1	7.534	4.633
80.2	7.534	4.633
80.3	7.533	4.633
80.4	7.533	4.634
80.5	7.532	4.636
80.6	7.531	4.638
80.7	7.532	4.639
80.8	7.532	4.639
80.9	7.53	4.64
81	7.53	4.64
81.1	7.528	4.642
81.2	7.525	4.642
81.3	7.524	4.643
81.4	7.523	4.644
81.5	7.52	4.644
81.6	7.517	4.646
81.7	7.514	4.648
81.8	7.509	4.649
81.9	7.504	4.65
82	7.502	4.651
82.1	7.5	4.649
82.2	7.497	4.647
82.3	7.497	4.646
82.4	7.5	4.649
82.5	7.502	4.65
82.6	7.503	4.655
82.7	7.504	4.66
82.8	7.504	4.661
82.9	7.505	4.661
83	7.508	4.659
83.1	7.51	4.66
83.2	7.51	4.661
83.3	7.511	4.662
83.4	7.513	4.663
83.5	7.514	4.664
83.6	7.514	4.664
83.7	7.515	4.666
83.8	7.516	4.667
83.9	7.518	4.666
84	7.518	4.664
84.1	7.52	4.664
84.2	7.521	4.662
84.3	7.52	4.662
84.4	7.517	4.662
84.5	7.516	4.661
84.6	7.516	4.66
84.7	7.516	4.657
84.8	7.518	4.657
84.9	7.522	4.66
85	7.522	4.662
85.1	7.521	4.669
85.2	7.516	4.672
85.3	7.511	4.67
85.4	7.509	4.669
85.5	7.51	4.67
85.6	7.513	4.67
85.7	7.514	4.671
85.8	7.513	4.67
85.9	7.511	4.67
86	7.508	4.665
86.1	7.51	4.663
86.2	7.509	4.66
86.3	7.503	4.656
86.4	7.496	4.653
86.5	7.491	4.652
86.6	7.486	4.65
86.7	7.481	4.649
86.8	7.478	4.649
86.9	7.475	4.65
87	7.47	4.651
87.1	7.469	4.654
87.2	7.469	4.656
87.3	7.469	4.657
87.4	7.47	4.657
87.5	7.471	4.652
87.6	7.472	4.643
87.7	7.475	4.631
87.8	7.48	4.617
87.9	7.488	4.604
88	7.495	4.594
88.1	7.502	4.59
88.2	7.502	4.589
88.3	7.5	4.591
88.4	7.494	4.597
88.5	7.488	4.606
88.6	7.481	4.613
88.7	7.475	4.618
88.8	7.472	4.626
88.9	7.466	4.632
89	7.461	4.636
89.1	7.458	4.645
89.2	7.455	4.661
89.3	7.451	4.684
89.4	7.454	4.7
89.5	7.456	4.707
89.6	7.455	4.707
89.7	7.449	4.691
89.8	7.447	4.659
89.9	7.458	4.626
90	7.47	4.608
90.1	7.477	4.602
90.2	7.475	4.607
90.3	7.465	4.624
90.4	7.458	4.649
90.5	7.451	4.676
90.6	7.452	4.705
90.7	7.459	4.726
90.8	7.46	4.729
90.9	7.454	4.705
91	7.458	4.667
91.1	7.471	4.629
91.2	7.491	4.604
91.3	7.497	4.599
91.4	7.478	4.621
91.5	7.461	4.662
91.6	7.46	4.7
91.7	7.465	4.72
91.8	7.468	4.724
91.9	7.467	4.717
92	7.465	4.7
92.1	7.467	4.677
92.2	7.473	4.653
92.3	7.481	4.632
92.4	7.492	4.615
92.5	7.501	4.605
92.6	7.504	4.601
92.7	7.498	4.607
92.8	7.487	4.621
92.9	7.476	4.641
93	7.468	4.662
93.1	7.464	4.68
93.2	7.462	4.698
93.3	7.464	4.716
93.4	7.468	4.731
93.5	7.47	4.738
93.6	7.468	4.733
93.7	7.466	4.723
93.8	7.463	4.705
93.9	7.462	4.682
94	7.465	4.658
94.1	7.471	4.644
94.2	7.475	4.645
94.3	7.48	4.653
94.4	7.485	4.658
94.5	7.488	4.659
94.6	7.49	4.659
94.7	7.49	4.658
94.8	7.49	4.659
94.9	7.491	4.658
95	7.491	4.659
95.1	7.492	4.661
95.2	7.493	4.662
95.3	7.496	4.662
95.4	7.498	4.663
95.5	7.502	4.665
95.6	7.505	4.667
95.7	7.507	4.67
95.8	7.509	4.67
95.9	7.504	4.665
96	7.503	4.663
96.1	7.503	4.662
96.2	7.504	4.664
96.3	7.506	4.665
96.4	7.508	4.665
96.5	7.511	4.666
96.6	7.512	4.667
96.7	7.514	4.668
96.8	7.516	4.669
96.9	7.517	4.671
97	7.52	4.674
97.1	7.515	4.67
97.2	7.516	4.668
97.3	7.516	4.667
97.4	7.517	4.667
97.5	7.519	4.669
97.6	7.518	4.668
97.7	7.518	4.669
97.8	7.519	4.671
97.9	7.515	4.667
98	7.516	4.666
98.1	7.519	4.663
98.2	7.522	4.648
98.3	7.524	4.634
98.4	7.516	4.629
98.5	7.509	4.624
98.6	7.504	4.621
98.7	7.504	4.618
98.8	7.504	4.615
98.9	7.498	4.61
99	7.493	4.61
99.1	7.487	4.614
99.2	7.478	4.62
99.3	7.471	4.629
99.4	7.471	4.64
99.5	7.476	4.648
99.6	7.48	4.644
99.7	7.49	4.639
99.8	7.494	4.629
99.9	7.495	4.621
100	7.496	4.619
100.1	7.496	4.627
100.2	7.494	4.634
100.3	7.489	4.639
100.4	7.483	4.64
100.5	7.478	4.634
100.6	7.47	4.623
100.7	7.463	4.607
100.8	7.459	4.59
100.9	7.453	4.573
101	7.446	4.551
101.1	7.441	4.532
101.2	7.435	4.519
101.3	7.436	4.512
101.4	7.438	4.509
101.5	7.435	4.507
101.6	7.43	4.509
101.7	7.428	4.523
101.8	7.426	4.536
101.9	7.424	4.549
102	7.423	4.56
102.1	7.427	4.569
102.2	7.434	4.577
102.3	7.444	4.584
102.4	7.457	4.588
102.5	7.469	4.59
102.6	7.478	4.591
102.7	7.484	4.588
102.8	7.485	4.582
102.9	7.482	4.577
103	7.48	4.576
103.1	7.477	4.579
103.2	7.474	4.587
103.3	7.469	4.595
103.4	7.468	4.605
103.5	7.47	4.617
103.6	7.475	4.626
103.7	7.48	4.629
103.8	7.486	4.629
103.9	7.491	4.625
104	7.494	4.618
104.1	7.498	4.608
104.2	7.502	4.598
104.3	7.505	4.589
104.4	7.507	4.578
104.5	7.507	4.569
104.6	7.507	4.561
104.7	7.506	4.555
104.8	7.504	4.554
104.9	7.501	4.554
105	7.496	4.557
105.1	7.492	4.56
105.2	7.486	4.562
105.3	7.483	4.564
105.4	7.482	4.567
105.5	7.48	4.57
105.6	7.473	4.574
105.7	7.468	4.583
105.8	7.466	4.594
105.9	7.462	4.602
106	7.452	4.604
106.1	7.45	4.607
106.2	7.449	4.608
106.3	7.451	4.609
106.4	7.455	4.608
106.5	7.458	4.604
106.6	7.46	4.6
106.7	7.458	4.596
106.8	7.455	4.592
106.9	7.451	4.589
107	7.448	4.588
107.1	7.446	4.59
107.2	7.459	4.599
107.3	7.468	4.605
107.4	7.474	4.609
107.5	7.48	4.61
107.6	7.484	4.606
107.7	7.489	4.599
107.8	7.495	4.591
107.9	7.501	4.584
108	7.506	4.581
108.1	7.505	4.58
108.2	7.502	4.581
108.3	7.499	4.584
108.4	7.495	4.588
108.5	7.491	4.593
108.6	7.486	4.601
108.7	7.484	4.611
108.8	7.481	4.62
108.9	7.48	4.628
109	7.478	4.636
109.1	7.479	4.641
109.2	7.483	4.646
109.3	7.49	4.65
109.4	7.494	4.65
109.5	7.494	4.649
109.6	7.492	4.644
109.7	7.49	4.636
109.8	7.49	4.626
109.9	7.493	4.619
110	7.496	4.613
110.1	7.498	4.61
110.2	7.502	4.607
110.3	7.507	4.607
110.4	7.51	4.606
110.5	7.514	4.605
110.6	7.517	4.602
110.7	7.519	4.599
110.8	7.52	4.597
110.9	7.518	4.593
111	7.509	4.585
111.1	7.5	4.581
111.2	7.493	4.574
111.3	7.49	4.568
111.4	7.492	4.559
111.5	7.496	4.552
111.6	7.499	4.547
111.7	7.495	4.545
111.8	7.49	4.544
111.9	7.483	4.539
112	7.477	4.535
112.1	7.471	4.53
112.2	7.466	4.525
112.3	7.459	4.522
112.4	7.449	4.524
112.5	7.441	4.532
112.6	7.435	4.543
112.7	7.43	4.551
112.8	7.425	4.557
112.9	7.423	4.563
113	7.419	4.567
113.1	7.414	4.569
113.2	7.408	4.567
113.3	7.4	4.562
113.4	7.389	4.553
113.5	7.369	4.544
113.6	7.341	4.543
113.7	7.31	4.555
113.8	7.292	4.578
113.9	7.29	4.596
114	7.296	4.61
114.1	7.304	4.623
114.2	7.312	4.637
114.3	7.32	4.653
114.4	7.325	4.664
114.5	7.323	4.67
114.6	7.317	4.664
114.7	7.31	4.644
114.8	7.299	4.625
114.9	7.293	4.604
115	7.292	4.583
115.1	7.296	4.568
115.2	7.301	4.563
115.3	7.309	4.57
115.4	7.32	4.588
115.5	7.334	4.616
115.6	7.347	4.645
115.7	7.355	4.667
115.8	7.363	4.674
115.9	7.368	4.666
116	7.371	4.645
116.1	7.374	4.616
116.2	7.38	4.584
116.3	7.39	4.552
116.4	7.403	4.523
116.5	7.415	4.504
116.6	7.425	4.493
116.7	7.432	4.489
116.8	7.435	4.492
116.9	7.439	4.503
117	7.443	4.517
117.1	7.445	4.524
117.2	7.448	4.53
117.3	7.453	4.536
117.4	7.458	4.541
117.5	7.465	4.545
117.6	7.471	4.548
117.7	7.475	4.551
117.8	7.478	4.552
117.9	7.478	4.553
118	7.476	4.552
118.1	7.473	4.551
118.2	7.466	4.549
118.3	7.459	4.542
118.4	7.452	4.539
118.5	7.445	4.539
118.6	7.439	4.539
118.7	7.433	4.54
118.8	7.429	4.541
118.9	7.425	4.543
119	7.423	4.546
119.1	7.422	4.551
119.2	7.421	4.555
119.3	7.421	4.56
119.4	7.421	4.564
119.5	7.421	4.568
119.6	7.422	4.571
119.7	7.423	4.573
119.8	7.424	4.575
119.9	7.426	4.577
120	7.428	4.579
120.1	7.43	4.58
120.2	7.433	4.581
120.3	7.436	4.582
120.4	7.438	4.583
120.5	7.439	4.583
120.6	7.44	4.582
120.7	7.441	4.581
120.8	7.442	4.578
120.9	7.442	4.576
121	7.443	4.573
121.1	7.444	4.568
121.2	7.446	4.562
121.3	7.451	4.554
121.4	7.456	4.545
121.5	7.462	4.533
121.6	7.467	4.524
121.7	7.471	4.517
121.8	7.472	4.513
121.9	7.472	4.513
122	7.468	4.514
122.1	7.462	4.519
122.2	7.457	4.529
122.3	7.453	4.544
122.4	7.45	4.558
122.5	7.447	4.568
122.6	7.447	4.575
122.7	7.45	4.581
122.8	7.453	4.584
122.9	7.456	4.584
123	7.458	4.584
123.1	7.458	4.582
123.2	7.451	4.578
123.3	7.443	4.574
123.4	7.437	4.57
123.5	7.437	4.565
123.6	7.439	4.561
123.7	7.441	4.561
123.8	7.443	4.561
123.9	7.445	4.56
124	7.447	4.56
124.1	7.451	4.556
124.2	7.455	4.549
124.3	7.466	4.537
124.4	7.482	4.52
124.5	7.496	4.503
124.6	7.508	4.482
124.7	7.517	4.465
124.8	7.519	4.453
124.9	7.515	4.446
125	7.505	4.447
125.1	7.493	4.457
125.2	7.478	4.475
125.3	7.459	4.497
125.4	7.435	4.522
125.5	7.407	4.543
125.6	7.383	4.559
125.7	7.365	4.57
125.8	7.353	4.574
125.9	7.346	4.572
126	7.342	4.568
126.1	7.34	4.567
126.2	7.336	4.567
126.3	7.331	4.567
126.4	7.324	4.569
126.5	7.316	4.571
126.6	7.305	4.573
126.7	7.295	4.574
126.8	7.292	4.572
126.9	7.294	4.572
127	7.299	4.569
127.1	7.304	4.566
127.2	7.31	4.564
127.3	7.32	4.562
127.4	7.328	4.56
127.5	7.336	4.559
127.6	7.339	4.558
127.7	7.342	4.558
127.8	7.345	4.559
127.9	7.349	4.56
128	7.353	4.563
128.1	7.359	4.566
128.2	7.364	4.57
128.3	7.368	4.573
128.4	7.373	4.577
128.5	7.378	4.58
128.6	7.382	4.581
128.7	7.384	4.582
128.8	7.386	4.582
128.9	7.387	4.582
129	7.389	4.581
129.1	7.389	4.581
129.2	7.387	4.58
129.3	7.383	4.578
129.4	7.378	4.575
129.5	7.376	4.572
129.6	7.374	4.568
129.7	7.373	4.565
129.8	7.372	4.561
129.9	7.374	4.558
130	7.378	4.555
130.1	7.382	4.552
130.2	7.388	4.55
130.3	7.394	4.546
130.4	7.4	4.54
130.5	7.406	4.532
130.6	7.41	4.523
130.7	7.414	4.512
130.8	7.416	4.503
130.9	7.418	4.494
131	7.417	4.49
131.1	7.414	4.489
131.2	7.41	4.492
131.3	7.404	4.497
131.4	7.398	4.502
131.5	7.393	4.508
131.6	7.39	4.513
131.7	7.389	4.518
131.8	7.388	4.52
131.9	7.388	4.521
132	7.39	4.521
132.1	7.391	4.518
132.2	7.395	4.509
132.3	7.4	4.5
132.4	7.402	4.493
132.5	7.404	4.489
132.6	7.406	4.486
132.7	7.408	4.486
132.8	7.409	4.488
132.9	7.41	4.49
133	7.411	4.491
133.1	7.412	4.493
133.2	7.413	4.495
133.3	7.415	4.498
133.4	7.416	4.5
133.5	7.419	4.504
133.6	7.42	4.509
133.7	7.421	4.515
133.8	7.42	4.521
133.9	7.42	4.526
134	7.419	4.529
134.1	7.418	4.531
134.2	7.417	4.531
134.3	7.415	4.531
134.4	7.414	4.532
134.5	7.413	4.532
134.6	7.412	4.531
134.7	7.409	4.532
134.8	7.408	4.54
134.9	7.401	4.55
135	7.393	4.559
135.1	7.382	4.57
135.2	7.369	4.582
135.3	7.355	4.594
135.4	7.339	4.605
135.5	7.325	4.616
135.6	7.311	4.626
135.7	7.298	4.635
135.8	7.287	4.645
135.9	7.278	4.653
136	7.272	4.659
136.1	7.267	4.662
136.2	7.263	4.665
136.3	7.259	4.667
136.4	7.255	4.669
136.5	7.251	4.67
136.6	7.249	4.669
136.7	7.249	4.666
136.8	7.251	4.661
136.9	7.255	4.654
137	7.26	4.646
137.1	7.265	4.637
137.2	7.269	4.628
137.3	7.273	4.619
137.4	7.276	4.61
137.5	7.278	4.601
137.6	7.28	4.589
137.7	7.282	4.575
137.8	7.285	4.564
137.9	7.289	4.557
138	7.286	4.554
138.1	7.275	4.556
138.2	7.259	4.562
138.3	7.244	4.573
138.4	7.23	4.585
138.5	7.217	4.598
138.6	7.202	4.607
138.7	7.182	4.61
138.8	7.166	4.608
138.9	7.148	4.599
139	7.124	4.581
139.1	7.095	4.558
139.2	7.061	4.531
139.3	7.025	4.501
139.4	6.988	4.47
139.5	6.954	4.444
139.6	6.919	4.421
139.7	6.879	4.403
139.8	6.833	4.394
139.9	6.779	4.394
140	6.718	4.403
140.1	6.65	4.416
140.2	6.585	4.427
140.3	6.524	4.437
140.4	6.469	4.441
140.5	6.418	4.436
140.6	6.368	4.425
140.7	6.319	4.408
140.8	6.275	4.381
140.9	6.234	4.345
141	6.194	4.305
141.1	6.153	4.266
141.2	6.106	4.238
141.3	6.057	4.227
141.4	6.019	4.221
141.5	5.984	4.219
141.6	5.955	4.224
141.7	5.932	4.23
141.8	5.917	4.233
141.9	5.911	4.234
142	5.911	4.233
142.1	5.911	4.23
142.2	5.912	4.225
142.3	5.913	4.219
142.4	5.914	4.212
142.5	5.913	4.207
142.6	5.912	4.201
142.7	5.912	4.197
142.8	5.915	4.194
142.9	5.917	4.19
143	5.917	4.185
143.1	5.916	4.187
143.2	5.91	4.197
143.3	5.9	4.215
143.4	5.882	4.239
143.5	5.858	4.265
143.6	5.835	4.288
143.7	5.812	4.308
143.8	5.793	4.324
143.9	5.778	4.338
144	5.767	4.349
144.1	5.756	4.361
144.2	5.742	4.375
144.3	5.728	4.392
144.4	5.716	4.411
144.5	5.708	4.425
144.6	5.703	4.435
144.7	5.701	4.443
144.8	5.7	4.446
144.9	5.7	4.447
145	5.701	4.446
145.1	5.701	4.443
145.2	5.701	4.44
145.3	5.703	4.437
145.4	5.707	4.434
145.5	5.711	4.431
145.6	5.713	4.428
145.7	5.716	4.426
145.8	5.718	4.424
145.9	5.72	4.421
146	5.721	4.417
146.1	5.723	4.414
146.2	5.725	4.411
146.3	5.727	4.408
146.4	5.728	4.405
146.5	5.728	4.403
146.6	5.728	4.401
146.7	5.728	4.399
146.8	5.729	4.398
146.9	5.729	4.396
147	5.73	4.395
147.1	5.731	4.394
147.2	5.731	4.392
147.3	5.731	4.391
147.4	5.729	4.389
147.5	5.728	4.388
147.6	5.726	4.388
147.7	5.724	4.387
147.8	5.723	4.387
147.9	5.723	4.387
148	5.724	4.387
148.1	5.724	4.386
148.2	5.725	4.385
148.3	5.725	4.385
148.4	5.726	4.385
148.5	5.727	4.385
148.6	5.727	4.385
148.7	5.728	4.386
148.8	5.728	4.387
148.9	5.729	4.388
149	5.73	4.39
149.1	5.731	4.392
149.2	5.732	4.393
149.3	5.733	4.394
149.4	5.734	4.395
149.5	5.735	4.395
149.6	5.736	4.394
149.7	5.738	4.392
149.8	5.741	4.386
149.9	5.747	4.379
150	5.757	4.37
150.1	5.778	4.357
150.2	5.803	4.34
150.3	5.831	4.323
150.4	5.861	4.309
150.5	5.89	4.298
150.6	5.912	4.291
150.7	5.932	4.281
150.8	5.947	4.274
150.9	5.961	4.269
151	5.972	4.266
151.1	5.978	4.264
151.2	5.982	4.262
151.3	5.984	4.26
151.4	5.986	4.258
151.5	5.984	4.255
151.6	5.984	4.253
151.7	5.982	4.249
151.8	5.979	4.246
151.9	5.976	4.243
152	5.973	4.243
152.1	5.973	4.243
152.2	5.974	4.242
152.3	5.975	4.24
152.4	5.975	4.239
152.5	5.975	4.238
152.6	5.974	4.238
152.7	5.974	4.238
152.8	5.973	4.24
152.9	5.973	4.241
153	5.972	4.244
153.1	5.97	4.245
153.2	5.97	4.247
153.3	5.969	4.249
153.4	5.968	4.252
153.5	5.968	4.253
153.6	5.968	4.254
153.7	5.967	4.254
153.8	5.967	4.253
153.9	5.969	4.254
154	5.971	4.254
154.1	5.973	4.255
154.2	5.976	4.254
154.3	5.978	4.254
154.4	5.98	4.253
154.5	5.982	4.252
154.6	5.984	4.252
154.7	5.986	4.251
154.8	5.987	4.249
154.9	5.988	4.247
155	5.989	4.246
155.1	5.989	4.245
155.2	5.989	4.245
155.3	5.989	4.246
155.4	5.989	4.246
155.5	5.988	4.246
155.6	5.987	4.246
155.7	5.987	4.245
155.8	5.989	4.246
155.9	5.992	4.247
156	5.993	4.248
156.1	5.993	4.247
156.2	5.994	4.246
156.3	5.993	4.246
156.4	5.993	4.245
156.5	5.992	4.245
156.6	5.992	4.246
156.7	5.991	4.246
156.8	5.99	4.247
156.9	5.988	4.248
157	5.987	4.249
157.1	5.987	4.25
157.2	5.986	4.252
157.3	5.986	4.255
157.4	5.987	4.256
157.5	5.987	4.258
157.6	5.988	4.258
157.7	5.988	4.259
157.8	5.989	4.259
157.9	5.989	4.26
158	5.99	4.261
158.1	5.991	4.262
158.2	5.992	4.263
158.3	5.993	4.264
158.4	5.995	4.266
158.5	5.996	4.267
158.6	5.997	4.268
158.7	5.998	4.268
158.8	6	4.269
158.9	6.001	4.27
159	6.003	4.271
159.1	6.003	4.272
159.2	6.004	4.273
159.3	6.005	4.274
159.4	6.006	4.275
159.5	6.008	4.277
159.6	6.009	4.279
159.7	6.012	4.281
159.8	6.014	4.282
159.9	6.015	4.283
160	6.016	4.284
160.1	6.017	4.284
160.2	6.017	4.284
160.3	6.016	4.283
160.4	6.015	4.28
160.5	6.017	4.274
160.6	6.02	4.275
160.7	6.015	4.284
160.8	6.007	4.295
160.9	5.996	4.302
161	5.986	4.305
161.1	5.979	4.309
161.2	5.979	4.312
161.3	5.979	4.311
161.4	5.983	4.309
161.5	5.987	4.305
161.6	5.992	4.3
161.7	5.993	4.294
161.8	5.989	4.286
161.9	5.981	4.28
162	5.973	4.278
162.1	5.966	4.276
162.2	5.96	4.274
162.3	5.955	4.273
162.4	5.951	4.27
162.5	5.949	4.267
162.6	5.947	4.264
162.7	5.946	4.261
162.8	5.946	4.258
162.9	5.949	4.255
163	5.955	4.251
163.1	5.961	4.246
163.2	5.964	4.239
163.3	5.959	4.233
163.4	5.942	4.23
163.5	5.915	4.231
163.6	5.884	4.236
163.7	5.848	4.242
163.8	5.811	4.247
163.9	5.777	4.253
164	5.745	4.26
164.1	5.716	4.269
164.2	5.689	4.277
164.3	5.662	4.284
164.4	5.636	4.289
164.5	5.614	4.291
164.6	5.597	4.291
164.7	5.583	4.289
164.8	5.571	4.285
164.9	5.56	4.279
165	5.554	4.272
165.1	5.55	4.264
165.2	5.548	4.258
165.3	5.544	4.252
165.4	5.542	4.247
165.5	5.543	4.238
165.6	5.55	4.218
165.7	5.565	4.202
165.8	5.574	4.188
165.9	5.577	4.18
166	5.574	4.175
166.1	5.569	4.171
166.2	5.563	4.165
166.3	5.557	4.156
166.4	5.552	4.142
166.5	5.552	4.129
166.6	5.559	4.122
166.7	5.582	4.121
166.8	5.61	4.119
166.9	5.634	4.112
167	5.655	4.103
167.1	5.672	4.096
167.2	5.685	4.091
167.3	5.69	4.086
167.4	5.688	4.081
167.5	5.681	4.074
167.6	5.665	4.067
167.7	5.638	4.059
167.8	5.598	4.05
167.9	5.554	4.038
168	5.509	4.027
168.1	5.466	4.016
168.2	5.428	4.007
168.3	5.393	4
168.4	5.359	3.995
168.5	5.326	3.989
168.6	5.294	3.984
168.7	5.267	3.977
168.8	5.248	3.971
168.9	5.236	3.964
169	5.224	3.957
169.1	5.209	3.953
169.2	5.192	3.953
169.3	5.179	3.955
169.4	5.173	3.957
169.5	5.172	3.958
169.6	5.173	3.959
169.7	5.175	3.96
169.8	5.177	3.961
169.9	5.179	3.964
170	5.181	3.966
170.1	5.185	3.969
170.2	5.194	3.972
170.3	5.211	3.978
170.4	5.238	3.99
170.5	5.275	3.997
170.6	5.314	3.999
170.7	5.358	4.004
170.8	5.409	4.019
170.9	5.469	4.034
171	5.53	4.046
171.1	5.589	4.059
171.2	5.641	4.073
171.3	5.681	4.09
171.4	5.719	4.113
171.5	5.753	4.138
171.6	5.786	4.166
171.7	5.819	4.201
171.8	5.848	4.24
171.9	5.872	4.284
172	5.892	4.325
172.1	5.911	4.36
172.2	5.931	4.387
172.3	5.955	4.41
172.4	5.982	4.427
172.5	6.009	4.432
172.6	6.044	4.429
172.7	6.083	4.416
172.8	6.128	4.397
172.9	6.176	4.38
173	6.216	4.369
173.1	6.255	4.362
173.2	6.29	4.359
173.3	6.319	4.361
173.4	6.345	4.363
173.5	6.368	4.364
173.6	6.387	4.368
173.7	6.4	4.374
173.8	6.408	4.385
173.9	6.415	4.405
174	6.418	4.428
174.1	6.431	4.453
174.2	6.445	4.469
174.3	6.457	4.481
174.4	6.465	4.489
174.5	6.469	4.493
174.6	6.468	4.496
174.7	6.467	4.499
174.8	6.466	4.504
174.9	6.469	4.51
175	6.474	4.513
175.1	6.475	4.511
175.2	6.474	4.505
175.3	6.472	4.495
175.4	6.474	4.478
175.5	6.473	4.465
175.6	6.475	4.466
175.7	6.479	4.482
175.8	6.48	4.513
175.9	6.481	4.556
176	6.482	4.604
176.1	6.483	4.651
176.2	6.482	4.692
176.3	6.481	4.725
176.4	6.48	4.752
176.5	6.479	4.772
176.6	6.477	4.784
176.7	6.475	4.79
176.8	6.474	4.79
176.9	6.473	4.786
177	6.47	4.777
177.1	6.467	4.758
177.2	6.465	4.723
177.3	6.467	4.679
177.4	6.471	4.628
177.5	6.473	4.576
177.6	6.476	4.531
177.7	6.483	4.493
177.8	6.488	4.463
177.9	6.491	4.443
178	6.494	4.434
178.1	6.497	4.436
178.2	6.498	4.446
178.3	6.499	4.458
178.4	6.495	4.469
178.5	6.474	4.471
178.6	6.442	4.443
178.7	6.435	4.397
178.8	6.44	4.377
178.9	6.436	4.377
179	6.432	4.379
179.1	6.423	4.391
179.2	6.414	4.425
179.3	6.418	4.475
179.4	6.432	4.497
179.5	6.435	4.5
179.6	6.431	4.493
179.7	6.425	4.462
179.8	6.436	4.42
179.9	6.452	4.399
180	6.456	4.396
180.1	6.455	4.4
180.2	6.454	4.407
180.3	6.449	4.42
180.4	6.432	4.447
180.5	6.411	4.472
180.6	6.395	4.482
180.7	6.392	4.478
180.8	6.407	4.455
180.9	6.442	4.422
181	6.487	4.402
181.1	6.525	4.408
181.2	6.538	4.426
181.3	6.537	4.446
181.4	6.533	4.464
181.5	6.525	4.48
181.6	6.518	4.494
181.7	6.513	4.504
181.8	6.512	4.51
181.9	6.512	4.51
182	6.512	4.505
182.1	6.511	4.497
182.2	6.509	4.484
182.3	6.504	4.463
182.4	6.498	4.445
182.5	6.494	4.435
182.6	6.489	4.428
182.7	6.484	4.427
182.8	6.479	4.429
182.9	6.478	4.43
183	6.476	4.432
183.1	6.476	4.434
183.2	6.476	4.433
183.3	6.474	4.429
