Time	X	Z
0	6.974	1.815
0.1	6.974	1.815
0.2	6.974	1.815
0.3	6.974	1.815
0.4	6.974	1.815
0.5	6.974	1.815
0.6	6.974	1.815
0.7	6.974	1.815
0.8	6.974	1.815
0.9	6.974	1.815
1	6.974	1.815
1.1	6.974	1.815
1.2	6.974	1.815
1.3	6.974	1.815
1.4	6.974	1.815
1.5	6.974	1.815
1.6	6.974	1.815
1.7	6.974	1.815
1.8	6.974	1.815
1.9	6.974	1.815
2	6.974	1.815
2.1	6.974	1.815
2.2	6.974	1.815
2.3	6.974	1.815
2.4	6.974	1.815
2.5	6.974	1.815
2.6	6.974	1.815
2.7	6.974	1.815
2.8	6.974	1.815
2.9	6.974	1.815
3	6.974	1.815
3.1	6.974	1.815
3.2	6.974	1.815
3.3	6.974	1.815
3.4	6.974	1.815
3.5	6.974	1.815
3.6	6.974	1.815
3.7	6.974	1.815
3.8	6.974	1.815
3.9	6.974	1.815
4	6.974	1.815
4.1	6.974	1.815
4.2	6.974	1.815
4.3	6.974	1.815
4.4	6.974	1.815
4.5	6.974	1.815
4.6	6.974	1.815
4.7	6.974	1.815
4.8	6.974	1.815
4.9	6.974	1.815
5	6.974	1.815
5.1	6.974	1.815
5.2	6.974	1.815
5.3	6.974	1.815
5.4	6.974	1.815
5.5	6.974	1.815
5.6	6.974	1.815
5.7	6.974	1.815
5.8	6.974	1.815
5.9	6.974	1.815
6	6.974	1.815
6.1	6.974	1.815
6.2	6.974	1.815
6.3	6.974	1.815
6.4	6.974	1.815
6.5	6.974	1.815
6.6	6.974	1.815
6.7	6.974	1.815
6.8	6.974	1.815
6.9	6.974	1.815
7	6.974	1.815
7.1	6.974	1.815
7.2	6.974	1.815
7.3	6.974	1.815
7.4	6.974	1.815
7.5	6.974	1.815
7.6	6.974	1.815
7.7	6.974	1.815
7.8	6.974	1.815
7.9	6.974	1.815
8	6.974	1.815
8.1	6.974	1.815
8.2	6.974	1.815
8.3	6.974	1.815
8.4	6.974	1.815
8.5	6.974	1.815
8.6	6.974	1.815
8.7	6.974	1.815
8.8	6.974	1.815
8.9	6.974	1.815
9	6.974	1.815
9.1	6.974	1.815
9.2	6.974	1.815
9.3	6.974	1.815
9.4	6.974	1.815
9.5	6.974	1.815
9.6	6.974	1.815
9.7	6.974	1.815
9.8	6.974	1.815
9.9	6.974	1.815
10	6.974	1.815
10.1	6.974	1.815
10.2	6.974	1.815
10.3	6.974	1.815
10.4	6.974	1.815
10.5	6.974	1.815
10.6	6.974	1.815
10.7	6.974	1.815
10.8	6.974	1.815
10.9	6.974	1.815
11	6.974	1.815
11.1	6.974	1.815
11.2	6.974	1.815
11.3	6.974	1.815
11.4	6.974	1.815
11.5	6.974	1.815
11.6	6.974	1.815
11.7	6.974	1.815
11.8	6.974	1.815
11.9	6.974	1.815
12	6.974	1.815
12.1	6.974	1.815
12.2	6.974	1.815
12.3	6.974	1.815
12.4	6.974	1.815
12.5	6.974	1.815
12.6	6.974	1.815
12.7	6.974	1.815
12.8	6.974	1.815
12.9	6.974	1.815
13	6.974	1.815
13.1	6.974	1.815
13.2	6.974	1.815
13.3	6.974	1.815
13.4	6.974	1.815
13.5	6.974	1.815
13.6	6.974	1.815
13.7	6.974	1.815
13.8	6.974	1.815
13.9	6.974	1.815
14	6.974	1.815
14.1	6.974	1.815
14.2	6.974	1.815
14.3	6.974	1.815
14.4	6.974	1.815
14.5	6.974	1.815
14.6	6.974	1.815
14.7	6.974	1.815
14.8	6.974	1.815
14.9	6.974	1.815
15	6.974	1.815
15.1	6.974	1.815
15.2	6.974	1.815
15.3	6.974	1.815
15.4	6.974	1.815
15.5	6.974	1.815
15.6	6.974	1.815
15.7	6.974	1.815
15.8	6.974	1.815
15.9	6.974	1.815
16	6.974	1.815
16.1	6.974	1.815
16.2	6.974	1.815
16.3	6.974	1.815
16.4	6.974	1.815
16.5	6.974	1.815
16.6	6.974	1.815
16.7	6.974	1.815
16.8	6.974	1.815
16.9	6.974	1.815
17	6.974	1.815
17.1	6.974	1.815
17.2	6.974	1.815
17.3	6.974	1.815
17.4	6.974	1.815
17.5	6.974	1.815
17.6	6.974	1.815
17.7	6.974	1.815
17.8	6.974	1.815
17.9	6.974	1.815
18	6.974	1.815
18.1	6.974	1.815
18.2	6.974	1.815
18.3	6.974	1.815
18.4	6.974	1.815
18.5	6.974	1.815
18.6	6.974	1.815
18.7	6.974	1.815
18.8	6.974	1.815
18.9	6.974	1.815
19	6.974	1.815
19.1	6.974	1.815
19.2	6.974	1.815
19.3	6.974	1.815
19.4	6.974	1.815
19.5	6.974	1.815
19.6	6.974	1.815
19.7	6.974	1.815
19.8	6.974	1.815
19.9	6.974	1.815
20	6.974	1.815
20.1	6.974	1.815
20.2	6.974	1.815
20.3	6.974	1.815
20.4	6.974	1.815
20.5	6.974	1.815
20.6	6.974	1.815
20.7	6.974	1.815
20.8	6.974	1.815
20.9	6.974	1.815
21	6.974	1.815
21.1	6.974	1.815
21.2	6.974	1.815
21.3	6.974	1.815
21.4	6.974	1.815
21.5	6.974	1.815
21.6	6.974	1.815
21.7	6.974	1.815
21.8	6.974	1.815
21.9	6.974	1.815
22	6.974	1.815
22.1	6.974	1.815
22.2	6.974	1.815
22.3	6.974	1.815
22.4	6.974	1.815
22.5	6.974	1.815
22.6	6.974	1.815
22.7	6.974	1.815
22.8	6.974	1.815
22.9	6.974	1.815
23	6.974	1.815
23.1	6.974	1.815
23.2	6.974	1.815
23.3	6.974	1.815
23.4	6.974	1.815
23.5	6.974	1.815
23.6	6.974	1.815
23.7	6.974	1.815
23.8	6.974	1.815
23.9	6.974	1.815
24	6.974	1.815
24.1	6.974	1.815
24.2	6.974	1.815
24.3	6.974	1.815
24.4	6.974	1.815
24.5	6.974	1.815
24.6	6.974	1.815
24.7	6.974	1.815
24.8	6.974	1.815
24.9	6.974	1.815
25	6.974	1.815
25.1	6.974	1.815
25.2	6.974	1.815
25.3	6.974	1.815
25.4	6.974	1.815
25.5	6.974	1.815
25.6	6.974	1.815
25.7	6.974	1.815
25.8	6.974	1.815
25.9	6.974	1.815
26	6.974	1.815
26.1	6.974	1.815
26.2	6.974	1.815
26.3	6.974	1.815
26.4	6.974	1.815
26.5	6.974	1.815
26.6	6.974	1.815
26.7	6.974	1.815
26.8	6.974	1.815
26.9	6.974	1.815
27	6.974	1.815
27.1	6.974	1.815
27.2	6.974	1.815
27.3	6.974	1.815
27.4	6.974	1.815
27.5	6.974	1.815
27.6	6.974	1.815
27.7	6.974	1.815
27.8	6.974	1.815
27.9	6.974	1.815
28	6.974	1.815
28.1	6.974	1.815
28.2	6.974	1.815
28.3	6.974	1.815
28.4	6.974	1.815
28.5	6.974	1.815
28.6	6.973	1.815
28.7	6.974	1.815
28.8	6.974	1.815
28.9	6.974	1.815
29	6.974	1.815
29.1	6.974	1.815
29.2	6.974	1.815
29.3	6.973	1.815
29.4	6.973	1.815
29.5	6.973	1.815
29.6	6.974	1.815
29.7	6.974	1.815
29.8	6.974	1.815
29.9	6.974	1.815
30	6.974	1.815
30.1	6.974	1.815
30.2	6.973	1.815
30.3	6.973	1.815
30.4	6.973	1.815
30.5	6.973	1.815
30.6	6.973	1.815
30.7	6.973	1.815
30.8	6.974	1.815
30.9	6.974	1.815
31	6.974	1.815
31.1	6.973	1.815
31.2	6.973	1.815
31.3	6.973	1.815
31.4	6.973	1.815
31.5	6.974	1.815
31.6	6.974	1.815
31.7	6.973	1.815
31.8	6.973	1.815
31.9	6.973	1.815
32	6.973	1.815
32.1	6.973	1.815
32.2	6.974	1.815
32.3	6.973	1.815
32.4	6.973	1.815
32.5	6.974	1.814
32.6	6.973	1.814
32.7	6.973	1.814
32.8	6.973	1.814
32.9	6.973	1.814
33	6.973	1.814
33.1	6.973	1.814
33.2	6.973	1.814
33.3	6.973	1.815
33.4	6.973	1.814
33.5	6.973	1.814
33.6	6.973	1.814
33.7	6.973	1.814
33.8	6.973	1.814
33.9	6.973	1.814
34	6.973	1.814
34.1	6.973	1.814
34.2	6.973	1.814
34.3	6.973	1.814
34.4	6.973	1.814
34.5	6.973	1.814
34.6	6.973	1.814
34.7	6.973	1.814
34.8	6.973	1.815
34.9	6.974	1.814
35	6.973	1.814
35.1	6.973	1.814
35.2	6.974	1.814
35.3	6.974	1.814
35.4	6.974	1.814
35.5	6.974	1.814
35.6	6.974	1.814
35.7	6.974	1.814
35.8	6.974	1.814
35.9	6.974	1.814
36	6.974	1.814
36.1	6.974	1.814
36.2	6.974	1.814
36.3	6.974	1.814
36.4	6.974	1.814
36.5	6.974	1.814
36.6	6.974	1.814
36.7	6.974	1.814
36.8	6.974	1.814
36.9	6.974	1.814
37	6.974	1.814
37.1	6.974	1.814
37.2	6.974	1.814
37.3	6.973	1.814
37.4	6.973	1.814
37.5	6.973	1.814
37.6	6.974	1.814
37.7	6.973	1.814
37.8	6.973	1.814
37.9	6.973	1.814
38	6.973	1.814
38.1	6.973	1.814
38.2	6.973	1.814
38.3	6.973	1.815
38.4	6.973	1.814
38.5	6.973	1.814
38.6	6.973	1.814
38.7	6.973	1.814
38.8	6.974	1.814
38.9	6.973	1.814
39	6.973	1.814
39.1	6.973	1.814
39.2	6.973	1.814
39.3	6.974	1.814
39.4	6.973	1.814
39.5	6.973	1.814
39.6	6.973	1.814
39.7	6.973	1.814
39.8	6.973	1.814
39.9	6.973	1.814
40	6.973	1.814
40.1	6.973	1.814
40.2	6.973	1.814
40.3	6.973	1.814
40.4	6.973	1.814
40.5	6.973	1.814
40.6	6.974	1.814
40.7	6.973	1.814
40.8	6.973	1.814
40.9	6.973	1.814
41	6.973	1.814
41.1	6.973	1.814
41.2	6.974	1.814
41.3	6.974	1.814
41.4	6.973	1.814
41.5	6.973	1.814
41.6	6.973	1.814
41.7	6.974	1.814
41.8	6.974	1.814
41.9	6.974	1.814
42	6.974	1.814
42.1	6.974	1.814
42.2	6.974	1.814
42.3	6.974	1.814
42.4	6.974	1.814
42.5	6.974	1.814
42.6	6.974	1.814
42.7	6.974	1.814
42.8	6.974	1.814
42.9	6.974	1.814
43	6.974	1.814
43.1	6.974	1.814
43.2	6.974	1.814
43.3	6.974	1.814
43.4	6.974	1.814
43.5	6.974	1.814
43.6	6.974	1.814
43.7	6.974	1.814
43.8	6.974	1.814
43.9	6.974	1.814
44	6.974	1.814
44.1	6.974	1.814
44.2	6.974	1.814
44.3	6.974	1.814
44.4	6.974	1.814
44.5	6.974	1.814
44.6	6.974	1.814
44.7	6.974	1.814
44.8	6.974	1.815
44.9	6.974	1.814
45	6.974	1.814
45.1	6.974	1.814
45.2	6.974	1.814
45.3	6.974	1.814
45.4	6.974	1.814
45.5	6.974	1.814
45.6	6.974	1.814
45.7	6.974	1.814
45.8	6.974	1.814
45.9	6.974	1.815
46	6.974	1.815
46.1	6.974	1.815
46.2	6.974	1.815
46.3	6.974	1.815
46.4	6.974	1.815
46.5	6.974	1.814
46.6	6.974	1.814
46.7	6.974	1.814
46.8	6.974	1.815
46.9	6.974	1.814
47	6.974	1.814
47.1	6.974	1.815
47.2	6.974	1.814
47.3	6.974	1.814
47.4	6.974	1.815
47.5	6.974	1.815
47.6	6.974	1.815
47.7	6.974	1.814
47.8	6.974	1.815
47.9	6.974	1.815
48	6.974	1.814
48.1	6.974	1.814
48.2	6.974	1.815
48.3	6.974	1.815
48.4	6.974	1.814
48.5	6.974	1.814
48.6	6.974	1.815
48.7	6.974	1.815
48.8	6.974	1.815
48.9	6.974	1.815
49	6.974	1.815
49.1	6.974	1.815
49.2	6.974	1.815
49.3	6.974	1.815
49.4	6.974	1.815
49.5	6.974	1.815
49.6	6.974	1.815
49.7	6.974	1.815
49.8	6.974	1.815
49.9	6.974	1.815
50	6.974	1.815
50.1	6.974	1.815
50.2	6.974	1.815
50.3	6.974	1.815
50.4	6.974	1.815
50.5	6.974	1.815
50.6	6.974	1.815
50.7	6.974	1.815
50.8	6.974	1.814
50.9	6.974	1.815
51	6.974	1.815
51.1	6.974	1.815
51.2	6.974	1.815
51.3	6.974	1.815
51.4	6.974	1.815
51.5	6.974	1.815
51.6	6.974	1.815
51.7	6.974	1.815
51.8	6.974	1.815
51.9	6.974	1.815
52	6.974	1.815
52.1	6.974	1.815
52.2	6.974	1.815
52.3	6.974	1.815
52.4	6.974	1.815
52.5	6.974	1.815
52.6	6.974	1.815
52.7	6.974	1.815
52.8	6.974	1.815
52.9	6.974	1.815
53	6.974	1.815
53.1	6.974	1.815
53.2	6.974	1.815
53.3	6.974	1.815
53.4	6.974	1.815
53.5	6.974	1.815
53.6	6.974	1.815
53.7	6.974	1.815
53.8	6.974	1.815
53.9	6.974	1.815
54	6.974	1.815
54.1	6.974	1.815
54.2	6.974	1.815
54.3	6.974	1.815
54.4	6.974	1.815
54.5	6.974	1.815
54.6	6.974	1.815
54.7	6.974	1.815
54.8	6.974	1.815
54.9	6.974	1.815
55	6.974	1.815
55.1	6.974	1.815
55.2	6.974	1.815
55.3	6.974	1.815
55.4	6.974	1.815
55.5	6.974	1.815
55.6	6.974	1.815
55.7	6.974	1.815
55.8	6.974	1.815
55.9	6.974	1.815
56	6.974	1.815
56.1	6.974	1.815
56.2	6.974	1.815
56.3	6.974	1.815
56.4	6.974	1.815
56.5	6.974	1.815
56.6	6.974	1.815
56.7	6.974	1.815
56.8	6.974	1.815
56.9	6.974	1.815
57	6.974	1.815
57.1	6.974	1.815
57.2	6.974	1.815
57.3	6.974	1.815
57.4	6.974	1.815
57.5	6.974	1.815
57.6	6.974	1.815
57.7	6.974	1.815
57.8	6.974	1.815
57.9	6.974	1.815
58	6.974	1.815
58.1	6.974	1.815
58.2	6.974	1.815
58.3	6.974	1.815
58.4	6.974	1.815
58.5	6.974	1.815
58.6	6.974	1.815
58.7	6.974	1.815
58.8	6.974	1.815
58.9	6.974	1.815
59	6.974	1.815
59.1	6.974	1.815
59.2	6.974	1.815
59.3	6.974	1.815
59.4	6.974	1.815
59.5	6.974	1.815
59.6	6.974	1.815
59.7	6.974	1.815
59.8	6.974	1.815
59.9	6.974	1.815
60	6.974	1.815
60.1	6.974	1.815
60.2	6.974	1.815
60.3	6.974	1.815
60.4	6.974	1.815
60.5	6.974	1.815
60.6	6.974	1.815
60.7	6.974	1.815
60.8	6.974	1.815
60.9	6.974	1.815
61	6.974	1.815
61.1	6.974	1.815
61.2	6.974	1.815
61.3	6.974	1.815
61.4	6.974	1.815
61.5	6.974	1.815
61.6	6.974	1.815
61.7	6.974	1.815
61.8	6.974	1.815
61.9	6.974	1.815
62	6.974	1.815
62.1	6.974	1.815
62.2	6.974	1.815
62.3	6.974	1.815
62.4	6.974	1.815
62.5	6.974	1.815
62.6	6.974	1.815
62.7	6.974	1.815
62.8	6.974	1.815
62.9	6.974	1.815
63	6.974	1.815
63.1	6.974	1.815
63.2	6.974	1.815
63.3	6.974	1.815
63.4	6.974	1.815
63.5	6.974	1.815
63.6	6.974	1.815
63.7	6.974	1.815
63.8	6.974	1.815
63.9	6.974	1.815
64	6.974	1.815
64.1	6.974	1.815
64.2	6.974	1.815
64.3	6.974	1.815
64.4	6.974	1.815
64.5	6.974	1.815
64.6	6.974	1.815
64.7	6.974	1.815
64.8	6.974	1.815
64.9	6.974	1.815
65	6.974	1.815
65.1	6.974	1.815
65.2	6.974	1.815
65.3	6.974	1.815
65.4	6.974	1.815
65.5	6.974	1.815
65.6	6.974	1.815
65.7	6.974	1.815
65.8	6.974	1.815
65.9	6.974	1.815
66	6.974	1.815
66.1	6.974	1.815
66.2	6.974	1.815
66.3	6.974	1.815
66.4	6.974	1.815
66.5	6.974	1.815
66.6	6.974	1.815
66.7	6.974	1.815
66.8	6.974	1.815
66.9	6.974	1.815
67	6.974	1.815
67.1	6.974	1.815
67.2	6.974	1.815
67.3	6.974	1.815
67.4	6.974	1.815
67.5	6.974	1.815
67.6	6.974	1.815
67.7	6.974	1.815
67.8	6.974	1.815
67.9	6.974	1.815
68	6.974	1.815
68.1	6.974	1.815
68.2	6.974	1.815
68.3	6.974	1.815
68.4	6.974	1.815
68.5	6.974	1.815
68.6	6.974	1.815
68.7	6.974	1.815
68.8	6.974	1.815
68.9	6.974	1.815
69	6.974	1.815
69.1	6.974	1.815
69.2	6.974	1.815
69.3	6.974	1.815
69.4	6.974	1.815
69.5	6.974	1.815
69.6	6.974	1.815
69.7	6.974	1.815
69.8	6.974	1.815
69.9	6.974	1.815
70	6.974	1.815
70.1	6.974	1.815
70.2	6.974	1.815
70.3	6.974	1.815
70.4	6.974	1.815
70.5	6.974	1.815
70.6	6.974	1.815
70.7	6.974	1.815
70.8	6.974	1.815
70.9	6.974	1.815
71	6.974	1.815
71.1	6.974	1.815
71.2	6.974	1.815
71.3	6.974	1.815
71.4	6.974	1.815
71.5	6.974	1.815
71.6	6.974	1.815
71.7	6.974	1.815
71.8	6.974	1.815
71.9	6.974	1.815
72	6.974	1.815
72.1	6.974	1.815
72.2	6.974	1.815
72.3	6.974	1.815
72.4	6.974	1.815
72.5	6.974	1.815
72.6	6.974	1.815
72.7	6.974	1.815
72.8	6.974	1.815
72.9	6.974	1.815
73	6.974	1.815
73.1	6.974	1.815
73.2	6.974	1.815
73.3	6.974	1.815
73.4	6.974	1.815
73.5	6.974	1.815
73.6	6.974	1.815
73.7	6.974	1.815
73.8	6.974	1.815
73.9	6.974	1.815
74	6.974	1.815
74.1	6.974	1.815
74.2	6.974	1.815
74.3	6.974	1.815
74.4	6.974	1.815
74.5	6.974	1.815
74.6	6.974	1.815
74.7	6.974	1.815
74.8	6.974	1.815
74.9	6.974	1.815
75	6.974	1.815
75.1	6.974	1.815
75.2	6.974	1.815
75.3	6.974	1.815
75.4	6.974	1.815
75.5	6.974	1.815
75.6	6.974	1.815
75.7	6.974	1.815
75.8	6.974	1.815
75.9	6.974	1.815
76	6.974	1.815
76.1	6.974	1.815
76.2	6.974	1.815
76.3	6.974	1.815
76.4	6.974	1.815
76.5	6.974	1.815
76.6	6.974	1.815
76.7	6.974	1.815
76.8	6.974	1.815
76.9	6.974	1.815
77	6.974	1.815
77.1	6.974	1.815
77.2	6.974	1.815
77.3	6.974	1.815
77.4	6.974	1.815
77.5	6.974	1.815
77.6	6.974	1.815
77.7	6.974	1.815
77.8	6.974	1.815
77.9	6.974	1.815
78	6.974	1.815
78.1	6.974	1.815
78.2	6.974	1.815
78.3	6.974	1.815
78.4	6.974	1.815
78.5	6.974	1.815
78.6	6.974	1.815
78.7	6.974	1.815
78.8	6.974	1.815
78.9	6.974	1.815
79	6.974	1.815
79.1	6.974	1.815
79.2	6.974	1.815
79.3	6.974	1.815
79.4	6.974	1.815
79.5	6.974	1.815
79.6	6.974	1.815
79.7	6.974	1.815
79.8	6.974	1.815
79.9	6.974	1.815
80	6.974	1.815
80.1	6.974	1.815
80.2	6.974	1.815
80.3	6.974	1.815
80.4	6.974	1.815
80.5	6.974	1.815
80.6	6.974	1.815
80.7	6.974	1.815
80.8	6.974	1.815
80.9	6.974	1.815
81	6.974	1.815
81.1	6.974	1.815
81.2	6.974	1.815
81.3	6.974	1.815
81.4	6.974	1.815
81.5	6.974	1.815
81.6	6.974	1.815
81.7	6.974	1.815
81.8	6.974	1.815
81.9	6.974	1.815
82	6.974	1.815
82.1	6.974	1.815
82.2	6.974	1.815
82.3	6.974	1.815
82.4	6.974	1.815
82.5	6.974	1.815
82.6	6.974	1.815
82.7	6.974	1.815
82.8	6.974	1.815
82.9	6.974	1.815
83	6.974	1.815
83.1	6.974	1.815
83.2	6.974	1.815
83.3	6.974	1.815
83.4	6.974	1.815
83.5	6.974	1.815
83.6	6.974	1.815
83.7	6.974	1.815
83.8	6.974	1.815
83.9	6.974	1.815
84	6.974	1.815
84.1	6.974	1.815
84.2	6.974	1.815
84.3	6.974	1.815
84.4	6.974	1.815
84.5	6.974	1.815
84.6	6.974	1.815
84.7	6.974	1.815
84.8	6.974	1.815
84.9	6.974	1.815
85	6.974	1.815
85.1	6.974	1.815
85.2	6.974	1.815
85.3	6.974	1.815
85.4	6.974	1.815
85.5	6.974	1.815
85.6	6.974	1.815
85.7	6.974	1.815
85.8	6.974	1.815
85.9	6.974	1.815
86	6.974	1.815
86.1	6.974	1.815
86.2	6.974	1.815
86.3	6.974	1.815
86.4	6.974	1.815
86.5	6.974	1.815
86.6	6.974	1.815
86.7	6.974	1.815
86.8	6.974	1.815
86.9	6.974	1.815
87	6.974	1.815
87.1	6.974	1.815
87.2	6.974	1.815
87.3	6.974	1.815
87.4	6.974	1.815
87.5	6.974	1.815
87.6	6.974	1.815
87.7	6.974	1.815
87.8	6.974	1.815
87.9	6.974	1.815
88	6.974	1.815
88.1	6.974	1.815
88.2	6.974	1.815
88.3	6.974	1.815
88.4	6.974	1.815
88.5	6.974	1.815
88.6	6.974	1.815
88.7	6.974	1.815
88.8	6.974	1.815
88.9	6.974	1.815
89	6.974	1.815
89.1	6.974	1.815
89.2	6.974	1.815
89.3	6.974	1.815
89.4	6.974	1.815
89.5	6.974	1.815
89.6	6.974	1.815
89.7	6.974	1.815
89.8	6.974	1.815
89.9	6.974	1.815
90	6.974	1.815
90.1	6.974	1.815
90.2	6.974	1.815
90.3	6.974	1.815
90.4	6.974	1.815
90.5	6.974	1.815
90.6	6.974	1.815
90.7	6.974	1.815
90.8	6.974	1.815
90.9	6.974	1.815
91	6.974	1.815
91.1	6.974	1.815
91.2	6.974	1.815
91.3	6.974	1.815
91.4	6.974	1.815
91.5	6.974	1.815
91.6	6.974	1.815
91.7	6.974	1.815
91.8	6.974	1.815
91.9	6.974	1.815
92	6.974	1.815
92.1	6.974	1.815
92.2	6.974	1.815
92.3	6.974	1.815
92.4	6.974	1.815
92.5	6.974	1.815
92.6	6.974	1.815
92.7	6.974	1.815
92.8	6.974	1.815
92.9	6.974	1.815
93	6.974	1.815
93.1	6.974	1.815
93.2	6.974	1.815
93.3	6.974	1.815
93.4	6.974	1.815
93.5	6.974	1.815
93.6	6.974	1.815
93.7	6.974	1.815
93.8	6.974	1.815
93.9	6.974	1.815
94	6.974	1.815
94.1	6.974	1.815
94.2	6.974	1.815
94.3	6.974	1.815
94.4	6.974	1.815
94.5	6.974	1.815
94.6	6.974	1.815
94.7	6.974	1.815
94.8	6.974	1.815
94.9	6.974	1.815
95	6.974	1.815
95.1	6.974	1.815
95.2	6.974	1.815
95.3	6.974	1.815
95.4	6.974	1.815
95.5	6.974	1.815
95.6	6.974	1.815
95.7	6.974	1.815
95.8	6.974	1.815
95.9	6.974	1.815
96	6.974	1.815
96.1	6.974	1.815
96.2	6.974	1.815
96.3	6.974	1.815
96.4	6.974	1.815
96.5	6.974	1.815
96.6	6.974	1.815
96.7	6.974	1.815
96.8	6.974	1.815
96.9	6.974	1.815
97	6.974	1.815
97.1	6.974	1.815
97.2	6.974	1.815
97.3	6.974	1.815
97.4	6.974	1.815
97.5	6.974	1.815
97.6	6.974	1.815
97.7	6.974	1.815
97.8	6.974	1.815
97.9	6.974	1.815
98	6.974	1.815
98.1	6.974	1.815
98.2	6.974	1.815
98.3	6.974	1.815
98.4	6.974	1.815
98.5	6.974	1.815
98.6	6.974	1.815
98.7	6.974	1.815
98.8	6.974	1.815
98.9	6.974	1.815
99	6.974	1.815
99.1	6.974	1.815
99.2	6.974	1.815
99.3	6.974	1.815
99.4	6.974	1.815
99.5	6.974	1.815
99.6	6.974	1.815
99.7	6.974	1.815
99.8	6.974	1.815
99.9	6.974	1.815
100	6.974	1.815
100.1	6.974	1.815
100.2	6.974	1.815
100.3	6.974	1.815
100.4	6.974	1.815
100.5	6.974	1.815
100.6	6.974	1.815
100.7	6.974	1.815
100.8	6.974	1.815
100.9	6.974	1.815
101	6.974	1.815
101.1	6.974	1.815
101.2	6.974	1.815
101.3	6.974	1.815
101.4	6.974	1.815
101.5	6.974	1.815
101.6	6.974	1.815
101.7	6.974	1.815
101.8	6.974	1.815
101.9	6.974	1.815
102	6.974	1.815
102.1	6.974	1.815
102.2	6.974	1.815
102.3	6.974	1.815
102.4	6.974	1.815
102.5	6.974	1.815
102.6	6.974	1.815
102.7	6.974	1.815
102.8	6.974	1.815
102.9	6.974	1.815
103	6.974	1.815
103.1	6.974	1.815
103.2	6.974	1.815
103.3	6.974	1.815
103.4	6.974	1.815
103.5	6.974	1.815
103.6	6.974	1.815
103.7	6.974	1.815
103.8	6.974	1.815
103.9	6.974	1.815
104	6.974	1.815
104.1	6.974	1.815
104.2	6.974	1.815
104.3	6.974	1.815
104.4	6.974	1.815
104.5	6.974	1.815
104.6	6.974	1.815
104.7	6.974	1.815
104.8	6.974	1.815
104.9	6.974	1.815
105	6.974	1.815
105.1	6.974	1.815
105.2	6.974	1.815
105.3	6.974	1.815
105.4	6.974	1.815
105.5	6.974	1.815
105.6	6.974	1.815
105.7	6.974	1.815
105.8	6.974	1.815
105.9	6.974	1.815
106	6.974	1.815
106.1	6.974	1.815
106.2	6.974	1.815
106.3	6.974	1.815
106.4	6.974	1.815
106.5	6.974	1.815
106.6	6.974	1.815
106.7	6.974	1.815
106.8	6.974	1.815
106.9	6.974	1.815
107	6.974	1.815
107.1	6.974	1.815
107.2	6.974	1.815
107.3	6.974	1.815
107.4	6.974	1.815
107.5	6.974	1.815
107.6	6.974	1.815
107.7	6.974	1.815
107.8	6.974	1.815
107.9	6.974	1.815
108	6.974	1.815
108.1	6.974	1.815
108.2	6.974	1.815
108.3	6.974	1.815
108.4	6.974	1.815
108.5	6.974	1.815
108.6	6.974	1.815
108.7	6.974	1.815
108.8	6.974	1.815
108.9	6.974	1.815
109	6.974	1.815
109.1	6.974	1.815
109.2	6.974	1.815
109.3	6.974	1.815
109.4	6.974	1.815
109.5	6.974	1.815
109.6	6.974	1.815
109.7	6.974	1.815
109.8	6.974	1.815
109.9	6.974	1.815
110	6.974	1.815
110.1	6.974	1.815
110.2	6.974	1.815
110.3	6.974	1.815
110.4	6.974	1.815
110.5	6.974	1.815
110.6	6.974	1.815
110.7	6.974	1.815
110.8	6.974	1.815
110.9	6.974	1.815
111	6.974	1.815
111.1	6.974	1.815
111.2	6.974	1.815
111.3	6.974	1.815
111.4	6.974	1.815
111.5	6.974	1.815
111.6	6.974	1.815
111.7	6.974	1.815
111.8	6.974	1.815
111.9	6.974	1.815
112	6.974	1.815
112.1	6.974	1.815
112.2	6.974	1.815
112.3	6.974	1.815
112.4	6.974	1.815
112.5	6.974	1.815
112.6	6.974	1.815
112.7	6.974	1.815
112.8	6.974	1.815
112.9	6.974	1.815
113	6.974	1.815
113.1	6.974	1.815
113.2	6.974	1.815
113.3	6.974	1.815
113.4	6.974	1.815
113.5	6.974	1.815
113.6	6.974	1.815
113.7	6.974	1.815
113.8	6.974	1.815
113.9	6.974	1.815
114	6.974	1.815
114.1	6.974	1.815
114.2	6.974	1.815
114.3	6.974	1.815
114.4	6.974	1.815
114.5	6.974	1.815
114.6	6.974	1.815
114.7	6.974	1.815
114.8	6.974	1.815
114.9	6.974	1.815
115	6.974	1.815
115.1	6.974	1.815
115.2	6.974	1.815
115.3	6.974	1.815
115.4	6.974	1.815
115.5	6.974	1.815
115.6	6.974	1.815
115.7	6.974	1.815
115.8	6.974	1.815
115.9	6.974	1.815
116	6.974	1.815
116.1	6.974	1.815
116.2	6.974	1.815
116.3	6.974	1.815
116.4	6.974	1.815
116.5	6.974	1.815
116.6	6.974	1.815
116.7	6.974	1.815
116.8	6.974	1.815
116.9	6.974	1.815
117	6.974	1.815
117.1	6.974	1.815
117.2	6.974	1.815
117.3	6.974	1.815
117.4	6.974	1.815
117.5	6.974	1.815
117.6	6.974	1.815
117.7	6.974	1.815
117.8	6.974	1.815
117.9	6.974	1.815
118	6.974	1.815
118.1	6.974	1.815
118.2	6.974	1.815
118.3	6.974	1.815
118.4	6.974	1.815
118.5	6.974	1.815
118.6	6.974	1.815
118.7	6.974	1.815
118.8	6.974	1.815
118.9	6.974	1.815
119	6.974	1.815
119.1	6.974	1.815
119.2	6.974	1.815
119.3	6.974	1.815
119.4	6.974	1.815
119.5	6.974	1.815
119.6	6.974	1.815
119.7	6.974	1.815
119.8	6.974	1.815
119.9	6.974	1.815
120	6.974	1.815
120.1	6.974	1.815
120.2	6.974	1.815
120.3	6.974	1.815
120.4	6.974	1.815
120.5	6.974	1.815
120.6	6.974	1.815
120.7	6.974	1.815
120.8	6.974	1.815
120.9	6.974	1.815
121	6.974	1.815
121.1	6.974	1.815
121.2	6.974	1.815
121.3	6.974	1.815
121.4	6.974	1.815
121.5	6.974	1.815
121.6	6.974	1.815
121.7	6.974	1.815
121.8	6.974	1.815
121.9	6.974	1.815
122	6.974	1.815
122.1	6.974	1.815
122.2	6.974	1.815
122.3	6.974	1.815
122.4	6.974	1.815
122.5	6.974	1.815
122.6	6.974	1.815
122.7	6.974	1.815
122.8	6.974	1.815
122.9	6.974	1.815
123	6.974	1.815
123.1	6.974	1.815
123.2	6.974	1.815
123.3	6.974	1.815
123.4	6.974	1.815
123.5	6.974	1.815
123.6	6.974	1.815
123.7	6.974	1.815
123.8	6.974	1.815
123.9	6.974	1.815
124	6.974	1.815
124.1	6.974	1.815
124.2	6.974	1.815
124.3	6.974	1.815
124.4	6.974	1.815
124.5	6.974	1.815
124.6	6.974	1.815
124.7	6.974	1.815
124.8	6.974	1.815
124.9	6.974	1.815
125	6.974	1.815
125.1	6.974	1.815
125.2	6.974	1.815
125.3	6.974	1.815
125.4	6.974	1.815
125.5	6.974	1.815
125.6	6.974	1.815
125.7	6.974	1.815
125.8	6.974	1.815
125.9	6.974	1.815
126	6.974	1.815
126.1	6.974	1.815
126.2	6.974	1.815
126.3	6.974	1.815
126.4	6.974	1.815
126.5	6.974	1.815
126.6	6.974	1.815
126.7	6.974	1.815
126.8	6.974	1.815
126.9	6.974	1.815
127	6.974	1.815
127.1	6.974	1.815
127.2	6.974	1.815
127.3	6.974	1.815
127.4	6.974	1.815
127.5	6.974	1.815
127.6	6.974	1.815
127.7	6.974	1.815
127.8	6.974	1.815
127.9	6.974	1.815
128	6.974	1.815
128.1	6.974	1.815
128.2	6.974	1.815
128.3	6.974	1.815
128.4	6.974	1.815
128.5	6.974	1.815
128.6	6.974	1.815
128.7	6.974	1.815
128.8	6.974	1.815
128.9	6.974	1.815
129	6.974	1.815
129.1	6.974	1.815
129.2	6.974	1.815
129.3	6.974	1.815
129.4	6.974	1.815
129.5	6.974	1.815
129.6	6.974	1.815
129.7	6.974	1.815
129.8	6.974	1.815
129.9	6.974	1.815
130	6.974	1.815
130.1	6.974	1.815
130.2	6.974	1.815
130.3	6.974	1.815
130.4	6.974	1.815
130.5	6.974	1.815
130.6	6.974	1.815
130.7	6.974	1.815
130.8	6.974	1.815
130.9	6.974	1.815
131	6.974	1.815
131.1	6.974	1.815
131.2	6.974	1.815
131.3	6.974	1.815
131.4	6.974	1.815
131.5	6.974	1.815
131.6	6.974	1.815
131.7	6.974	1.815
131.8	6.974	1.815
131.9	6.974	1.815
132	6.974	1.815
132.1	6.974	1.815
132.2	6.974	1.815
132.3	6.974	1.815
132.4	6.974	1.815
132.5	6.974	1.815
132.6	6.974	1.815
132.7	6.974	1.815
132.8	6.974	1.815
132.9	6.974	1.815
133	6.974	1.815
133.1	6.974	1.815
133.2	6.974	1.815
133.3	6.974	1.815
133.4	6.974	1.815
133.5	6.974	1.815
133.6	6.974	1.815
133.7	6.974	1.815
133.8	6.974	1.815
133.9	6.974	1.815
134	6.974	1.815
134.1	6.974	1.815
134.2	6.974	1.815
134.3	6.974	1.815
134.4	6.974	1.815
134.5	6.974	1.815
134.6	6.974	1.815
134.7	6.974	1.815
134.8	6.974	1.815
134.9	6.974	1.815
135	6.974	1.815
135.1	6.974	1.815
135.2	6.974	1.815
135.3	6.974	1.815
135.4	6.974	1.815
135.5	6.974	1.815
135.6	6.974	1.815
135.7	6.974	1.815
135.8	6.974	1.815
135.9	6.974	1.815
136	6.974	1.815
136.1	6.974	1.815
136.2	6.974	1.815
136.3	6.974	1.815
136.4	6.974	1.815
136.5	6.974	1.815
136.6	6.974	1.815
136.7	6.974	1.815
136.8	6.974	1.815
136.9	6.974	1.815
137	6.974	1.815
137.1	6.974	1.815
137.2	6.974	1.815
137.3	6.974	1.815
137.4	6.974	1.815
137.5	6.974	1.815
137.6	6.974	1.815
137.7	6.974	1.815
137.8	6.974	1.815
137.9	6.974	1.815
138	6.974	1.815
138.1	6.974	1.815
138.2	6.974	1.815
138.3	6.974	1.815
138.4	6.974	1.815
138.5	6.974	1.815
138.6	6.974	1.815
138.7	6.974	1.815
138.8	6.974	1.815
138.9	6.974	1.815
139	6.974	1.815
139.1	6.974	1.815
139.2	6.974	1.815
139.3	6.974	1.815
139.4	6.974	1.815
139.5	6.974	1.815
139.6	6.974	1.815
139.7	6.975	1.815
139.8	6.975	1.815
139.9	6.975	1.815
140	6.976	1.815
140.1	6.976	1.815
140.2	6.976	1.815
140.3	6.976	1.815
140.4	6.977	1.815
140.5	6.976	1.815
140.6	6.974	1.815
140.7	6.974	1.815
140.8	6.974	1.815
140.9	6.974	1.815
141	6.974	1.815
141.1	6.974	1.815
141.2	6.974	1.815
141.3	6.974	1.815
141.4	6.974	1.815
141.5	6.974	1.815
141.6	6.974	1.815
141.7	6.974	1.815
141.8	6.974	1.815
141.9	6.974	1.815
142	6.974	1.815
142.1	6.974	1.815
142.2	6.974	1.815
142.3	6.974	1.815
142.4	6.974	1.815
142.5	6.974	1.815
142.6	6.974	1.815
142.7	6.974	1.815
142.8	6.974	1.815
142.9	6.974	1.815
143	6.974	1.815
143.1	6.974	1.815
143.2	6.974	1.815
143.3	6.974	1.815
143.4	6.974	1.815
143.5	6.974	1.815
143.6	6.974	1.815
143.7	6.974	1.815
143.8	6.974	1.815
143.9	6.974	1.815
144	6.974	1.815
144.1	6.974	1.815
144.2	6.974	1.815
144.3	6.974	1.815
144.4	6.974	1.815
144.5	6.974	1.815
144.6	6.974	1.815
144.7	6.974	1.815
144.8	6.97	1.815
144.9	6.941	1.836
145	6.909	1.847
145.1	6.873	1.864
145.2	6.82	1.9
145.3	6.763	1.952
145.4	6.711	2.008
145.5	6.667	2.066
145.6	6.623	2.135
145.7	6.587	2.237
145.8	6.576	2.368
145.9	6.593	2.527
146	6.641	2.688
146.1	6.677	2.819
146.2	6.709	2.924
146.3	6.75	3.021
146.4	6.787	3.121
146.5	6.816	3.216
146.6	6.852	3.306
146.7	6.894	3.382
146.8	6.955	3.451
146.9	7.019	3.52
147	7.07	3.589
147.1	7.106	3.64
147.2	7.128	3.684
147.3	7.133	3.717
147.4	7.134	3.744
147.5	7.132	3.769
147.6	7.125	3.789
147.7	7.119	3.804
147.8	7.119	3.818
147.9	7.126	3.828
148	7.138	3.84
148.1	7.145	3.861
148.2	7.161	3.875
148.3	7.165	3.889
148.4	7.157	3.901
148.5	7.166	3.907
148.6	7.177	3.918
148.7	7.172	3.926
148.8	7.158	3.922
148.9	7.155	3.916
149	7.173	3.913
149.1	7.184	3.903
149.2	7.216	3.905
149.3	7.228	3.91
149.4	7.231	3.916
149.5	7.242	3.913
149.6	7.247	3.9
149.7	7.245	3.9
149.8	7.257	3.9
149.9	7.268	3.901
150	7.273	3.903
150.1	7.273	3.904
150.2	7.268	3.908
150.3	7.269	3.911
150.4	7.272	3.915
150.5	7.273	3.924
150.6	7.277	3.93
150.7	7.283	3.938
150.8	7.29	3.948
150.9	7.301	3.964
151	7.312	3.985
151.1	7.329	4.009
151.2	7.347	4.034
151.3	7.367	4.061
151.4	7.383	4.082
151.5	7.387	4.095
151.6	7.387	4.095
151.7	7.391	4.101
151.8	7.395	4.105
151.9	7.401	4.111
152	7.398	4.111
152.1	7.395	4.113
152.2	7.393	4.113
152.3	7.394	4.111
152.4	7.384	4.104
152.5	7.383	4.102
152.6	7.387	4.105
152.7	7.384	4.103
152.8	7.385	4.108
152.9	7.386	4.107
153	7.386	4.111
153.1	7.386	4.111
153.2	7.385	4.114
153.3	7.388	4.121
153.4	7.387	4.125
153.5	7.386	4.131
153.6	7.384	4.137
153.7	7.384	4.148
153.8	7.384	4.166
153.9	7.386	4.19
154	7.388	4.216
154.1	7.388	4.238
154.2	7.39	4.258
154.3	7.397	4.275
154.4	7.404	4.286
154.5	7.407	4.29
154.6	7.411	4.297
154.7	7.409	4.31
154.8	7.404	4.32
154.9	7.399	4.332
155	7.396	4.34
155.1	7.393	4.351
155.2	7.388	4.358
155.3	7.385	4.361
155.4	7.378	4.365
155.5	7.374	4.365
155.6	7.374	4.364
155.7	7.373	4.365
155.8	7.373	4.364
155.9	7.372	4.364
156	7.371	4.364
156.1	7.371	4.364
156.2	7.37	4.364
156.3	7.369	4.365
156.4	7.367	4.367
156.5	7.367	4.367
156.6	7.367	4.367
156.7	7.368	4.368
156.8	7.369	4.368
156.9	7.371	4.368
157	7.375	4.368
157.1	7.379	4.368
157.2	7.381	4.369
157.3	7.382	4.367
157.4	7.384	4.367
157.5	7.385	4.365
157.6	7.387	4.365
157.7	7.391	4.367
157.8	7.394	4.368
157.9	7.397	4.368
158	7.402	4.37
158.1	7.407	4.372
158.2	7.41	4.373
158.3	7.413	4.371
158.4	7.413	4.37
158.5	7.415	4.373
158.6	7.416	4.375
158.7	7.414	4.376
158.8	7.415	4.376
158.9	7.415	4.376
159	7.415	4.377
159.1	7.415	4.378
159.2	7.416	4.379
159.3	7.415	4.379
159.4	7.415	4.382
159.5	7.416	4.384
159.6	7.417	4.383
159.7	7.418	4.382
159.8	7.42	4.38
159.9	7.421	4.379
160	7.422	4.377
160.1	7.42	4.375
160.2	7.418	4.374
160.3	7.418	4.374
160.4	7.416	4.373
160.5	7.416	4.373
160.6	7.418	4.375
160.7	7.419	4.376
160.8	7.42	4.379
160.9	7.422	4.379
161	7.423	4.38
161.1	7.425	4.381
161.2	7.427	4.381
161.3	7.428	4.381
161.4	7.43	4.382
161.5	7.433	4.383
161.6	7.434	4.382
161.7	7.434	4.384
161.8	7.434	4.383
161.9	7.418	4.367
162	7.417	4.365
162.1	7.417	4.363
162.2	7.417	4.363
162.3	7.418	4.364
162.4	7.418	4.364
162.5	7.419	4.366
162.6	7.42	4.367
162.7	7.42	4.367
162.8	7.421	4.367
162.9	7.42	4.368
163	7.418	4.367
163.1	7.419	4.366
163.2	7.42	4.365
163.3	7.421	4.365
163.4	7.421	4.366
163.5	7.42	4.366
163.6	7.42	4.366
163.7	7.42	4.366
163.8	7.42	4.366
163.9	7.42	4.368
164	7.42	4.368
164.1	7.421	4.367
164.2	7.422	4.366
164.3	7.421	4.365
164.4	7.419	4.364
164.5	7.418	4.364
164.6	7.417	4.362
164.7	7.416	4.363
164.8	7.415	4.363
164.9	7.416	4.361
165	7.417	4.361
165.1	7.418	4.362
165.2	7.418	4.362
165.3	7.419	4.362
165.4	7.42	4.363
165.5	7.42	4.364
165.6	7.419	4.365
165.7	7.42	4.366
165.8	7.418	4.367
165.9	7.417	4.367
166	7.415	4.367
166.1	7.414	4.368
166.2	7.412	4.368
166.3	7.413	4.368
166.4	7.416	4.368
166.5	7.417	4.37
166.6	7.418	4.371
166.7	7.416	4.372
166.8	7.416	4.373
166.9	7.416	4.373
167	7.415	4.372
167.1	7.415	4.37
167.2	7.414	4.368
167.3	7.416	4.367
167.4	7.418	4.368
167.5	7.416	4.368
167.6	7.416	4.368
167.7	7.416	4.369
167.8	7.415	4.369
167.9	7.415	4.37
168	7.414	4.37
168.1	7.414	4.369
168.2	7.415	4.369
168.3	7.412	4.368
168.4	7.41	4.367
168.5	7.41	4.366
168.6	7.409	4.364
168.7	7.409	4.364
168.8	7.411	4.363
168.9	7.41	4.364
169	7.408	4.367
169.1	7.406	4.367
169.2	7.404	4.368
169.3	7.402	4.368
169.4	7.4	4.367
169.5	7.4	4.367
169.6	7.401	4.366
169.7	7.403	4.366
169.8	7.405	4.366
169.9	7.406	4.367
170	7.406	4.368
170.1	7.409	4.37
170.2	7.413	4.372
170.3	7.415	4.374
170.4	7.416	4.375
170.5	7.417	4.375
170.6	7.418	4.375
170.7	7.419	4.376
170.8	7.419	4.376
170.9	7.42	4.376
171	7.421	4.376
171.1	7.422	4.376
171.2	7.423	4.376
171.3	7.422	4.376
171.4	7.422	4.376
171.5	7.42	4.376
171.6	7.416	4.375
171.7	7.415	4.374
171.8	7.414	4.374
171.9	7.414	4.374
172	7.413	4.374
172.1	7.412	4.374
172.2	7.41	4.373
172.3	7.407	4.372
172.4	7.405	4.371
172.5	7.401	4.37
172.6	7.396	4.369
172.7	7.395	4.368
172.8	7.395	4.368
172.9	7.395	4.369
173	7.395	4.37
173.1	7.396	4.37
173.2	7.396	4.372
173.3	7.397	4.376
173.4	7.395	4.378
173.5	7.394	4.38
173.6	7.392	4.38
173.7	7.39	4.379
173.8	7.388	4.38
173.9	7.387	4.38
174	7.387	4.381
174.1	7.388	4.382
174.2	7.389	4.383
174.3	7.387	4.382
174.4	7.384	4.381
174.5	7.378	4.381
174.6	7.375	4.381
174.7	7.375	4.382
174.8	7.376	4.384
174.9	7.377	4.387
175	7.378	4.389
175.1	7.377	4.387
175.2	7.375	4.381
175.3	7.375	4.373
175.4	7.377	4.365
175.5	7.385	4.351
175.6	7.4	4.329
175.7	7.426	4.303
175.8	7.453	4.287
175.9	7.461	4.281
176	7.448	4.28
176.1	7.426	4.286
176.2	7.397	4.307
176.3	7.377	4.338
176.4	7.37	4.373
176.5	7.375	4.406
176.6	7.389	4.436
176.7	7.408	4.458
176.8	7.429	4.474
176.9	7.443	4.483
177	7.442	4.487
177.1	7.429	4.485
177.2	7.411	4.477
177.3	7.385	4.456
177.4	7.368	4.428
177.5	7.362	4.398
177.6	7.363	4.372
177.7	7.367	4.36
177.8	7.369	4.358
177.9	7.37	4.36
178	7.371	4.361
178.1	7.37	4.363
178.2	7.37	4.367
178.3	7.374	4.373
178.4	7.372	4.375
178.5	7.369	4.375
178.6	7.365	4.373
178.7	7.356	4.369
178.8	7.347	4.364
178.9	7.337	4.358
179	7.329	4.351
179.1	7.323	4.343
179.2	7.319	4.337
179.3	7.316	4.336
179.4	7.313	4.338
179.5	7.31	4.344
179.6	7.305	4.352
179.7	7.3	4.362
179.8	7.295	4.373
179.9	7.289	4.384
180	7.285	4.391
180.1	7.282	4.393
180.2	7.277	4.387
180.3	7.274	4.373
180.4	7.273	4.35
180.5	7.274	4.324
180.6	7.276	4.302
180.7	7.284	4.287
180.8	7.297	4.277
180.9	7.315	4.275
181	7.335	4.279
181.1	7.348	4.289
181.2	7.355	4.306
181.3	7.358	4.325
181.4	7.361	4.344
181.5	7.365	4.363
181.6	7.368	4.381
181.7	7.369	4.396
181.8	7.372	4.408
181.9	7.375	4.417
182	7.377	4.422
182.1	7.375	4.419
182.2	7.374	4.409
182.3	7.373	4.394
182.4	7.372	4.377
182.5	7.373	4.358
182.6	7.376	4.337
182.7	7.384	4.316
182.8	7.397	4.299
182.9	7.408	4.286
183	7.412	4.278
183.1	7.409	4.275
183.2	7.397	4.276
183.3	7.381	4.282
183.4	7.363	4.294
183.5	7.349	4.31
183.6	7.339	4.326
183.7	7.336	4.341
183.8	7.334	4.353
183.9	7.337	4.365
184	7.341	4.376
184.1	7.343	4.383
184.2	7.344	4.386
184.3	7.343	4.382
184.4	7.341	4.375
184.5	7.34	4.369
184.6	7.339	4.366
184.7	7.341	4.365
184.8	7.342	4.368
184.9	7.343	4.371
185	7.343	4.374
185.1	7.343	4.376
185.2	7.343	4.377
185.3	7.342	4.377
185.4	7.341	4.377
185.5	7.34	4.376
185.6	7.339	4.37
185.7	7.339	4.363
185.8	7.338	4.358
185.9	7.336	4.357
186	7.334	4.36
186.1	7.331	4.366
186.2	7.331	4.373
186.3	7.33	4.38
186.4	7.329	4.385
186.5	7.328	4.388
186.6	7.327	4.389
186.7	7.326	4.386
186.8	7.326	4.383
186.9	7.326	4.38
187	7.326	4.379
187.1	7.324	4.377
187.2	7.321	4.376
187.3	7.319	4.376
187.4	7.317	4.377
187.5	7.317	4.377
187.6	7.317	4.376
187.7	7.317	4.376
187.8	7.316	4.375
187.9	7.316	4.375
188	7.317	4.376
188.1	7.318	4.377
188.2	7.318	4.378
188.3	7.318	4.378
188.4	7.316	4.377
188.5	7.314	4.375
188.6	7.311	4.373
188.7	7.309	4.372
188.8	7.308	4.373
188.9	7.307	4.373
189	7.307	4.375
189.1	7.306	4.376
189.2	7.305	4.377
189.3	7.304	4.378
189.4	7.304	4.379
189.5	7.302	4.383
189.6	7.301	4.387
189.7	7.3	4.389
189.8	7.3	4.39
189.9	7.299	4.392
190	7.298	4.392
190.1	7.297	4.391
190.2	7.297	4.388
190.3	7.297	4.384
190.4	7.297	4.38
190.5	7.298	4.374
190.6	7.3	4.369
190.7	7.301	4.365
190.8	7.302	4.363
190.9	7.303	4.361
191	7.304	4.359
191.1	7.305	4.358
191.2	7.305	4.36
191.3	7.305	4.363
191.4	7.305	4.366
191.5	7.306	4.37
191.6	7.307	4.374
191.7	7.311	4.381
191.8	7.317	4.39
191.9	7.321	4.396
192	7.325	4.399
192.1	7.326	4.395
192.2	7.325	4.384
192.3	7.326	4.367
192.4	7.336	4.345
192.5	7.352	4.322
192.6	7.373	4.303
192.7	7.388	4.29
192.8	7.39	4.282
192.9	7.388	4.276
193	7.376	4.275
193.1	7.363	4.282
193.2	7.354	4.294
193.3	7.347	4.306
193.4	7.341	4.32
193.5	7.339	4.333
193.6	7.338	4.339
193.7	7.342	4.346
193.8	7.35	4.352
193.9	7.359	4.356
194	7.366	4.358
194.1	7.369	4.362
194.2	7.368	4.367
194.3	7.367	4.369
194.4	7.366	4.369
194.5	7.365	4.369
194.6	7.364	4.368
194.7	7.362	4.367
194.8	7.36	4.366
194.9	7.358	4.365
195	7.355	4.363
195.1	7.352	4.365
195.2	7.349	4.366
195.3	7.348	4.365
195.4	7.347	4.365
195.5	7.347	4.362
195.6	7.346	4.363
195.7	7.346	4.364
195.8	7.346	4.365
195.9	7.344	4.367
196	7.344	4.368
196.1	7.344	4.368
196.2	7.345	4.368
196.3	7.346	4.368
196.4	7.347	4.369
196.5	7.349	4.37
196.6	7.351	4.37
196.7	7.353	4.37
196.8	7.356	4.37
196.9	7.358	4.369
197	7.36	4.371
197.1	7.363	4.375
197.2	7.365	4.378
197.3	7.366	4.379
197.4	7.368	4.38
197.5	7.368	4.379
197.6	7.369	4.379
197.7	7.367	4.379
197.8	7.366	4.381
197.9	7.364	4.383
198	7.359	4.387
198.1	7.35	4.389
198.2	7.341	4.392
198.3	7.333	4.394
198.4	7.328	4.393
198.5	7.326	4.388
198.6	7.325	4.38
198.7	7.326	4.373
198.8	7.324	4.366
198.9	7.322	4.357
199	7.318	4.342
199.1	7.317	4.321
199.2	7.318	4.295
199.3	7.315	4.27
199.4	7.305	4.251
199.5	7.287	4.241
199.6	7.261	4.242
199.7	7.227	4.251
199.8	7.184	4.269
199.9	7.135	4.293
200	7.083	4.315
200.1	7.035	4.333
200.2	6.992	4.348
200.3	6.95	4.356
200.4	6.905	4.355
200.5	6.857	4.345
200.6	6.812	4.321
200.7	6.767	4.291
200.8	6.721	4.265
200.9	6.672	4.248
201	6.626	4.24
201.1	6.578	4.238
201.2	6.531	4.245
201.3	6.49	4.264
201.4	6.453	4.291
201.5	6.418	4.316
201.6	6.393	4.334
201.7	6.381	4.342
201.8	6.377	4.339
201.9	6.383	4.327
202	6.398	4.309
202.1	6.413	4.281
202.2	6.433	4.253
202.3	6.454	4.229
202.4	6.481	4.216
202.5	6.518	4.217
202.6	6.562	4.233
202.7	6.607	4.261
202.8	6.648	4.296
202.9	6.689	4.331
203	6.73	4.354
203.1	6.772	4.365
203.2	6.81	4.363
203.3	6.847	4.349
203.4	6.886	4.326
203.5	6.922	4.295
203.6	6.957	4.266
203.7	6.99	4.245
203.8	7.021	4.234
203.9	7.057	4.236
204	7.094	4.248
204.1	7.133	4.269
204.2	7.168	4.298
204.3	7.197	4.33
204.4	7.221	4.358
204.5	7.241	4.377
204.6	7.257	4.385
204.7	7.269	4.385
204.8	7.278	4.38
204.9	7.283	4.369
205	7.285	4.348
205.1	7.286	4.311
205.2	7.29	4.262
205.3	7.3	4.21
205.4	7.314	4.166
205.5	7.332	4.142
205.6	7.342	4.134
205.7	7.343	4.142
205.8	7.338	4.164
205.9	7.331	4.19
206	7.325	4.216
206.1	7.322	4.24
206.2	7.324	4.26
206.3	7.329	4.277
206.4	7.338	4.289
206.5	7.346	4.296
206.6	7.354	4.297
206.7	7.361	4.295
206.8	7.367	4.291
206.9	7.373	4.284
207	7.378	4.278
207.1	7.38	4.275
207.2	7.381	4.276
207.3	7.382	4.28
207.4	7.38	4.287
207.5	7.373	4.293
207.6	7.358	4.297
207.7	7.341	4.299
207.8	7.324	4.301
207.9	7.311	4.299
208	7.305	4.295
208.1	7.303	4.288
208.2	7.306	4.28
208.3	7.31	4.274
208.4	7.313	4.27
208.5	7.315	4.269
208.6	7.315	4.268
208.7	7.313	4.268
208.8	7.31	4.269
208.9	7.305	4.269
209	7.302	4.267
209.1	7.301	4.264
209.2	7.3	4.263
209.3	7.302	4.265
209.4	7.305	4.267
209.5	7.308	4.269
209.6	7.309	4.27
209.7	7.31	4.272
209.8	7.31	4.271
209.9	7.307	4.269
210	7.298	4.266
210.1	7.292	4.257
210.2	7.292	4.245
210.3	7.296	4.231
210.4	7.289	4.22
210.5	7.264	4.219
210.6	7.215	4.221
210.7	7.143	4.226
210.8	7.057	4.234
210.9	6.98	4.244
211	6.92	4.256
211.1	6.877	4.268
211.2	6.846	4.278
211.3	6.826	4.284
211.4	6.818	4.29
211.5	6.814	4.294
211.6	6.81	4.298
211.7	6.806	4.302
211.8	6.808	4.305
211.9	6.809	4.308
212	6.805	4.31
212.1	6.798	4.308
212.2	6.789	4.306
212.3	6.781	4.302
212.4	6.777	4.298
212.5	6.775	4.294
212.6	6.775	4.29
212.7	6.78	4.284
212.8	6.788	4.275
212.9	6.796	4.267
213	6.807	4.263
213.1	6.819	4.26
213.2	6.831	4.259
213.3	6.844	4.259
213.4	6.86	4.259
213.5	6.879	4.258
213.6	6.9	4.255
213.7	6.919	4.251
213.8	6.934	4.251
213.9	6.947	4.255
214	6.962	4.261
214.1	6.984	4.267
214.2	7.012	4.274
214.3	7.044	4.28
214.4	7.083	4.278
214.5	7.12	4.262
214.6	7.157	4.231
214.7	7.194	4.19
214.8	7.245	4.133
214.9	7.289	4.094
215	7.328	4.072
215.1	7.381	4.06
215.2	7.436	4.061
215.3	7.499	4.072
215.4	7.56	4.089
215.5	7.637	4.118
215.6	7.687	4.141
215.7	7.738	4.161
215.8	7.765	4.172
215.9	7.78	4.176
216	7.783	4.173
216.1	7.777	4.167
216.2	7.767	4.158
216.3	7.756	4.146
216.4	7.744	4.135
216.5	7.734	4.131
216.6	7.728	4.132
216.7	7.728	4.131
216.8	7.73	4.13
216.9	7.727	4.129
217	7.719	4.129
217.1	7.712	4.13
217.2	7.707	4.131
217.3	7.705	4.131
217.4	7.704	4.132
217.5	7.708	4.131
217.6	7.712	4.13
217.7	7.715	4.129
217.8	7.717	4.128
217.9	7.724	4.13
218	7.734	4.132
218.1	7.749	4.134
218.2	7.769	4.135
218.3	7.791	4.136
218.4	7.814	4.136
218.5	7.837	4.134
218.6	7.859	4.134
218.7	7.879	4.135
218.8	7.894	4.136
218.9	7.898	4.136
219	7.891	4.136
219.1	7.874	4.133
219.2	7.848	4.13
219.3	7.817	4.124
219.4	7.785	4.113
219.5	7.752	4.1
219.6	7.724	4.084
219.7	7.702	4.067
219.8	7.682	4.055
219.9	7.662	4.055
220	7.647	4.065
220.1	7.636	4.078
220.2	7.624	4.09
220.3	7.61	4.099
220.4	7.591	4.105
220.5	7.565	4.107
220.6	7.53	4.108
220.7	7.486	4.112
220.8	7.434	4.12
220.9	7.377	4.132
221	7.323	4.149
221.1	7.272	4.169
221.2	7.23	4.19
221.3	7.196	4.204
221.4	7.17	4.207
221.5	7.148	4.201
221.6	7.133	4.186
221.7	7.126	4.167
221.8	7.119	4.149
221.9	7.114	4.141
222	7.11	4.144
222.1	7.106	4.158
222.2	7.103	4.179
222.3	7.103	4.207
222.4	7.106	4.241
222.5	7.108	4.276
222.6	7.109	4.313
222.7	7.104	4.348
222.8	7.091	4.382
222.9	7.069	4.416
223	7.043	4.448
223.1	7.014	4.477
223.2	6.987	4.505
223.3	6.967	4.537
223.4	6.955	4.572
223.5	6.95	4.608
223.6	6.95	4.646
223.7	6.955	4.682
223.8	6.961	4.71
223.9	6.964	4.729
224	6.965	4.741
224.1	6.963	4.749
224.2	6.958	4.752
224.3	6.952	4.751
224.4	6.939	4.744
224.5	6.922	4.73
224.6	6.899	4.708
224.7	6.876	4.675
224.8	6.858	4.631
224.9	6.845	4.579
225	6.838	4.523
225.1	6.833	4.466
225.2	6.831	4.41
225.3	6.833	4.359
225.4	6.844	4.315
225.5	6.847	4.283
225.6	6.838	4.262
225.7	6.813	4.253
225.8	6.778	4.256
225.9	6.73	4.269
226	6.682	4.282
226.1	6.642	4.295
226.2	6.611	4.307
226.3	6.589	4.316
226.4	6.573	4.319
226.5	6.566	4.313
226.6	6.568	4.295
226.7	6.579	4.263
226.8	6.598	4.217
226.9	6.618	4.165
227	6.637	4.119
227.1	6.655	4.088
227.2	6.667	4.067
227.3	6.675	4.059
227.4	6.683	4.059
227.5	6.687	4.063
227.6	6.687	4.063
227.7	6.686	4.054
227.8	6.694	4.035
227.9	6.712	4.018
228	6.734	4.009
228.1	6.756	4.014
228.2	6.775	4.033
228.3	6.793	4.062
228.4	6.807	4.094
228.5	6.823	4.123
228.6	6.842	4.151
228.7	6.862	4.173
228.8	6.884	4.195
228.9	6.906	4.215
229	6.925	4.227
229.1	6.94	4.23
229.2	6.953	4.226
229.3	6.964	4.216
229.4	6.969	4.201
229.5	6.97	4.183
229.6	6.96	4.166
229.7	6.94	4.15
229.8	6.909	4.136
229.9	6.87	4.129
230	6.827	4.13
230.1	6.784	4.134
230.2	6.748	4.137
230.3	6.718	4.138
230.4	6.698	4.139
230.5	6.693	4.135
230.6	6.706	4.124
230.7	6.729	4.108
230.8	6.751	4.09
230.9	6.772	4.078
231	6.792	4.075
231.1	6.812	4.08
231.2	6.828	4.089
231.3	6.836	4.101
231.4	6.836	4.115
231.5	6.835	4.131
231.6	6.833	4.149
231.7	6.833	4.168
231.8	6.835	4.185
231.9	6.838	4.197
232	6.84	4.204
232.1	6.84	4.207
232.2	6.833	4.208
232.3	6.823	4.207
232.4	6.814	4.205
232.5	6.806	4.202
232.6	6.801	4.197
232.7	6.8	4.189
232.8	6.801	4.178
232.9	6.804	4.165
233	6.81	4.15
233.1	6.818	4.135
233.2	6.825	4.12
233.3	6.831	4.105
233.4	6.835	4.091
233.5	6.84	4.078
233.6	6.844	4.069
233.7	6.85	4.067
233.8	6.859	4.072
233.9	6.868	4.084
234	6.875	4.103
234.1	6.882	4.124
234.2	6.896	4.143
234.3	6.907	4.157
234.4	6.913	4.169
234.5	6.916	4.181
234.6	6.919	4.191
234.7	6.923	4.2
234.8	6.93	4.208
234.9	6.937	4.215
235	6.94	4.218
235.1	6.938	4.218
235.2	6.932	4.216
235.3	6.924	4.208
235.4	6.916	4.199
235.5	6.909	4.19
235.6	6.903	4.184
235.7	6.899	4.179
235.8	6.898	4.177
235.9	6.896	4.178
236	6.894	4.182
236.1	6.891	4.186
236.2	6.888	4.19
236.3	6.884	4.196
236.4	6.873	4.204
236.5	6.862	4.212
236.6	6.855	4.221
236.7	6.85	4.229
236.8	6.848	4.234
236.9	6.847	4.239
237	6.848	4.241
237.1	6.849	4.24
237.2	6.85	4.237
237.3	6.851	4.231
237.4	6.853	4.224
237.5	6.854	4.216
237.6	6.858	4.208
237.7	6.859	4.201
237.8	6.863	4.194
237.9	6.874	4.185
238	6.893	4.172
238.1	6.909	4.152
238.2	6.92	4.137
238.3	6.93	4.122
238.4	6.942	4.113
238.5	6.947	4.105
238.6	6.949	4.101
238.7	6.941	4.107
238.8	6.93	4.12
238.9	6.921	4.137
239	6.916	4.152
239.1	6.913	4.162
239.2	6.912	4.17
239.3	6.914	4.176
239.4	6.914	4.182
239.5	6.914	4.185
239.6	6.912	4.189
239.7	6.91	4.193
239.8	6.908	4.197
239.9	6.904	4.2
240	6.901	4.204
240.1	6.898	4.213
240.2	6.887	4.225
240.3	6.873	4.237
240.4	6.854	4.251
240.5	6.831	4.258
240.6	6.796	4.256
240.7	6.751	4.243
240.8	6.699	4.221
240.9	6.641	4.189
241	6.58	4.156
241.1	6.526	4.133
241.2	6.475	4.123
241.3	6.423	4.121
241.4	6.368	4.131
241.5	6.31	4.154
241.6	6.25	4.186
241.7	6.189	4.222
241.8	6.133	4.251
241.9	6.081	4.269
242	6.031	4.278
242.1	5.982	4.277
242.2	5.934	4.268
242.3	5.884	4.25
242.4	5.832	4.226
242.5	5.783	4.205
242.6	5.742	4.191
242.7	5.706	4.185
242.8	5.674	4.186
242.9	5.647	4.193
243	5.624	4.204
243.1	5.6	4.216
243.2	5.576	4.228
243.3	5.553	4.238
243.4	5.532	4.245
243.5	5.512	4.249
243.6	5.493	4.244
243.7	5.472	4.232
243.8	5.451	4.211
243.9	5.433	4.184
244	5.416	4.151
244.1	5.402	4.121
244.2	5.387	4.098
244.3	5.371	4.087
244.4	5.356	4.089
244.5	5.341	4.104
244.6	5.323	4.123
244.7	5.308	4.146
244.8	5.298	4.169
244.9	5.293	4.192
245	5.29	4.216
245.1	5.29	4.236
245.2	5.29	4.249
245.3	5.286	4.253
245.4	5.281	4.261
245.5	5.282	4.276
245.6	5.288	4.296
245.7	5.295	4.313
245.8	5.3	4.328
245.9	5.3	4.34
246	5.294	4.351
246.1	5.283	4.365
246.2	5.27	4.38
246.3	5.258	4.397
246.4	5.245	4.414
246.5	5.229	4.429
246.6	5.207	4.441
246.7	5.181	4.446
246.8	5.152	4.448
246.9	5.123	4.447
247	5.099	4.448
247.1	5.086	4.453
247.2	5.086	4.464
247.3	5.092	4.477
247.4	5.1	4.496
247.5	5.11	4.517
247.6	5.122	4.541
247.7	5.132	4.564
247.8	5.137	4.588
247.9	5.134	4.611
248	5.119	4.635
248.1	5.092	4.662
248.2	5.052	4.691
248.3	5.003	4.722
248.4	4.96	4.75
248.5	4.929	4.773
248.6	4.909	4.796
248.7	4.896	4.822
248.8	4.89	4.847
248.9	4.889	4.869
249	4.89	4.886
249.1	4.886	4.898
249.2	4.875	4.9
249.3	4.861	4.884
249.4	4.855	4.848
249.5	4.866	4.8
249.6	4.89	4.746
249.7	4.927	4.69
249.8	4.97	4.634
249.9	5.013	4.575
250	5.053	4.516
250.1	5.086	4.46
250.2	5.112	4.406
250.3	5.128	4.351
250.4	5.131	4.292
250.5	5.119	4.235
250.6	5.097	4.184
250.7	5.079	4.136
250.8	5.073	4.091
250.9	5.077	4.043
251	5.086	3.987
251.1	5.099	3.926
251.2	5.113	3.863
251.3	5.121	3.807
251.4	5.12	3.76
251.5	5.112	3.719
251.6	5.095	3.678
251.7	5.071	3.631
251.8	5.041	3.578
251.9	5.008	3.52
252	4.984	3.469
252.1	4.97	3.424
252.2	4.965	3.383
252.3	4.966	3.341
252.4	4.976	3.299
252.5	4.988	3.256
252.6	4.999	3.217
252.7	5.005	3.185
252.8	5.008	3.154
252.9	5.006	3.123
253	4.998	3.09
253.1	4.985	3.053
253.2	4.965	3.013
253.3	4.944	2.973
253.4	4.927	2.936
253.5	4.916	2.91
253.6	4.909	2.893
253.7	4.908	2.883
253.8	4.911	2.882
253.9	4.913	2.88
254	4.915	2.871
254.1	4.91	2.855
254.2	4.897	2.841
254.3	4.876	2.832
254.4	4.851	2.83
254.5	4.833	2.831
254.6	4.821	2.829
254.7	4.811	2.832
254.8	4.804	2.838
254.9	4.8	2.844
255	4.796	2.846
255.1	4.79	2.845
255.2	4.775	2.84
255.3	4.748	2.829
255.4	4.709	2.818
255.5	4.673	2.809
255.6	4.648	2.796
255.7	4.635	2.773
255.8	4.632	2.738
255.9	4.638	2.695
256	4.655	2.642
256.1	4.679	2.574
256.2	4.705	2.502
256.3	4.725	2.439
256.4	4.737	2.388
256.5	4.745	2.35
256.6	4.748	2.32
256.7	4.75	2.297
256.8	4.749	2.28
256.9	4.748	2.269
257	4.744	2.264
257.1	4.741	2.262
257.2	4.739	2.264
257.3	4.738	2.268
257.4	4.737	2.272
257.5	4.739	2.277
257.6	4.742	2.283
257.7	4.743	2.291
257.8	4.741	2.301
257.9	4.733	2.314
258	4.721	2.329
258.1	4.711	2.342
258.2	4.71	2.361
258.3	4.719	2.387
258.4	4.736	2.422
258.5	4.754	2.461
258.6	4.768	2.493
258.7	4.785	2.526
258.8	4.804	2.555
258.9	4.826	2.589
259	4.841	2.612
259.1	4.861	2.625
259.2	4.889	2.634
259.3	4.911	2.632
259.4	4.933	2.627
259.5	4.94	2.634
259.6	4.934	2.659
259.7	4.923	2.695
259.8	4.918	2.735
259.9	4.917	2.777
260	4.909	2.836
260.1	4.894	2.893
260.2	4.881	2.945
260.3	4.873	2.997
260.4	4.871	3.055
260.5	4.874	3.117
260.6	4.883	3.181
260.7	4.891	3.248
260.8	4.89	3.306
260.9	4.883	3.35
261	4.869	3.388
261.1	4.848	3.422
261.2	4.823	3.45
261.3	4.798	3.472
261.4	4.78	3.49
261.5	4.77	3.506
261.6	4.764	3.523
261.7	4.763	3.543
261.8	4.768	3.567
261.9	4.782	3.602
262	4.806	3.649
262.1	4.831	3.702
262.2	4.857	3.739
262.3	4.874	3.764
262.4	4.888	3.784
262.5	4.898	3.799
262.6	4.901	3.808
262.7	4.897	3.809
262.8	4.885	3.804
262.9	4.863	3.796
263	4.827	3.782
263.1	4.775	3.761
263.2	4.709	3.735
263.3	4.638	3.709
263.4	4.581	3.69
263.5	4.535	3.678
263.6	4.498	3.67
263.7	4.465	3.664
263.8	4.435	3.663
263.9	4.407	3.666
264	4.375	3.678
264.1	4.335	3.7
264.2	4.283	3.736
264.3	4.223	3.784
264.4	4.163	3.838
264.5	4.115	3.882
264.6	4.075	3.911
264.7	4.035	3.929
264.8	3.992	3.941
264.9	3.945	3.946
265	3.896	3.945
265.1	3.844	3.941
265.2	3.799	3.943
265.3	3.76	3.951
265.4	3.727	3.963
265.5	3.701	3.974
265.6	3.687	3.99
265.7	3.685	4.006
265.8	3.694	4.022
265.9	3.711	4.038
266	3.724	4.045
266.1	3.734	4.037
266.2	3.749	4.009
266.3	3.781	3.966
266.4	3.833	3.922
266.5	3.898	3.881
266.6	3.965	3.849
266.7	4.029	3.817
266.8	4.085	3.788
266.9	4.133	3.763
267	4.17	3.741
267.1	4.198	3.719
267.2	4.215	3.698
267.3	4.221	3.679
267.4	4.231	3.658
267.5	4.238	3.635
267.6	4.246	3.609
267.7	4.248	3.59
267.8	4.24	3.583
267.9	4.228	3.59
268	4.211	3.601
268.1	4.192	3.614
268.2	4.179	3.627
268.3	4.173	3.634
268.4	4.171	3.636
268.5	4.168	3.636
268.6	4.169	3.634
268.7	4.175	3.629
268.8	4.187	3.621
268.9	4.203	3.613
269	4.223	3.607
269.1	4.246	3.605
269.2	4.267	3.605
269.3	4.287	3.606
269.4	4.31	3.606
269.5	4.336	3.602
269.6	4.366	3.594
269.7	4.399	3.579
269.8	4.433	3.557
269.9	4.466	3.529
270	4.5	3.506
270.1	4.531	3.497
270.2	4.562	3.5
270.3	4.594	3.506
270.4	4.632	3.515
270.5	4.674	3.528
270.6	4.72	3.548
270.7	4.77	3.575
270.8	4.82	3.599
270.9	4.87	3.62
271	4.925	3.639
271.1	4.988	3.657
271.2	5.062	3.673
271.3	5.145	3.683
271.4	5.234	3.689
271.5	5.314	3.691
271.6	5.383	3.693
271.7	5.446	3.694
271.8	5.505	3.695
271.9	5.56	3.702
272	5.61	3.716
272.1	5.649	3.729
272.2	5.664	3.741
272.3	5.658	3.755
272.4	5.64	3.779
272.5	5.62	3.817
272.6	5.611	3.871
272.7	5.617	3.933
272.8	5.634	3.988
272.9	5.667	4.031
273	5.718	4.059
273.1	5.78	4.068
273.2	5.852	4.061
273.3	5.922	4.045
273.4	5.988	4.03
273.5	6.052	4.026
273.6	6.123	4.034
273.7	6.198	4.049
273.8	6.274	4.067
273.9	6.348	4.09
274	6.414	4.115
274.1	6.475	4.132
274.2	6.532	4.137
274.3	6.59	4.132
274.4	6.641	4.113
274.5	6.693	4.093
274.6	6.75	4.068
274.7	6.802	4.039
274.8	6.85	4.013
274.9	6.894	3.994
275	6.93	3.983
275.1	6.964	3.978
275.2	6.992	3.969
275.3	7.019	3.953
275.4	7.053	3.935
275.5	7.099	3.929
275.6	7.155	3.943
275.7	7.207	3.973
275.8	7.248	4.009
275.9	7.28	4.043
276	7.309	4.072
276.1	7.336	4.094
276.2	7.368	4.106
276.3	7.404	4.104
276.4	7.443	4.089
276.5	7.478	4.063
276.6	7.496	4.028
276.7	7.485	4
276.8	7.455	3.996
276.9	7.416	4.016
277	7.375	4.057
277.1	7.345	4.103
277.2	7.322	4.146
277.3	7.308	4.181
277.4	7.297	4.207
277.5	7.289	4.222
277.6	7.284	4.225
277.7	7.284	4.218
277.8	7.286	4.199
277.9	7.29	4.173
278	7.296	4.153
278.1	7.3	4.144
278.2	7.305	4.14
278.3	7.315	4.142
278.4	7.322	4.142
278.5	7.326	4.142
278.6	7.329	4.144
278.7	7.328	4.146
278.8	7.325	4.148
278.9	7.321	4.15
279	7.315	4.151
279.1	7.309	4.152
279.2	7.306	4.153
279.3	7.304	4.153
279.4	7.304	4.154
279.5	7.305	4.157
279.6	7.305	4.16
279.7	7.303	4.164
279.8	7.301	4.168
279.9	7.298	4.172
280	7.296	4.175
280.1	7.294	4.178
280.2	7.293	4.179
280.3	7.292	4.179
280.4	7.291	4.178
280.5	7.29	4.178
280.6	7.289	4.177
280.7	7.288	4.176
280.8	7.288	4.175
280.9	7.288	4.175
281	7.288	4.174
281.1	7.288	4.172
281.2	7.288	4.172
281.3	7.287	4.172
281.4	7.287	4.173
281.5	7.286	4.178
281.6	7.285	4.182
281.7	7.283	4.187
281.8	7.282	4.193
281.9	7.279	4.202
282	7.277	4.21
282.1	7.276	4.216
282.2	7.275	4.219
282.3	7.275	4.218
282.4	7.276	4.212
282.5	7.278	4.205
282.6	7.28	4.198
282.7	7.282	4.192
282.8	7.284	4.186
282.9	7.287	4.182
283	7.289	4.183
283.1	7.29	4.185
283.2	7.287	4.188
283.3	7.284	4.193
283.4	7.283	4.198
283.5	7.283	4.202
283.6	7.285	4.204
283.7	7.287	4.205
283.8	7.288	4.201
283.9	7.287	4.197
284	7.286	4.193
284.1	7.285	4.19
284.2	7.282	4.188
284.3	7.281	4.188
284.4	7.281	4.19
284.5	7.282	4.191
284.6	7.285	4.193
284.7	7.286	4.195
284.8	7.292	4.198
284.9	7.297	4.202
285	7.303	4.205
285.1	7.306	4.207
285.2	7.307	4.208
285.3	7.307	4.209
285.4	7.305	4.21
285.5	7.305	4.21
285.6	7.305	4.211
285.7	7.304	4.21
285.8	7.303	4.211
285.9	7.303	4.211
286	7.303	4.21
286.1	7.304	4.21
286.2	7.303	4.21
286.3	7.304	4.21
286.4	7.305	4.21
286.5	7.305	4.21
286.6	7.305	4.21
286.7	7.305	4.211
286.8	7.306	4.211
286.9	7.306	4.212
287	7.308	4.213
287.1	7.307	4.213
287.2	7.307	4.213
287.3	7.308	4.213
287.4	7.309	4.213
287.5	7.31	4.213
287.6	7.311	4.212
287.7	7.312	4.211
287.8	7.312	4.208
287.9	7.312	4.206
288	7.313	4.206
288.1	7.314	4.207
288.2	7.315	4.209
288.3	7.317	4.211
288.4	7.319	4.213
288.5	7.319	4.214
288.6	7.319	4.215
288.7	7.319	4.216
288.8	7.317	4.216
288.9	7.316	4.216
289	7.314	4.216
289.1	7.312	4.215
289.2	7.31	4.214
289.3	7.309	4.215
289.4	7.309	4.214
289.5	7.309	4.214
289.6	7.309	4.216
289.7	7.312	4.216
289.8	7.312	4.216
289.9	7.313	4.216
290	7.313	4.218
290.1	7.313	4.218
290.2	7.313	4.219
290.3	7.312	4.22
290.4	7.312	4.221
290.5	7.311	4.222
290.6	7.31	4.222
290.7	7.309	4.222
290.8	7.308	4.222
290.9	7.307	4.222
291	7.306	4.221
291.1	7.308	4.221
291.2	7.31	4.221
291.3	7.313	4.221
291.4	7.312	4.222
291.5	7.312	4.222
291.6	7.312	4.223
291.7	7.311	4.223
291.8	7.31	4.222
291.9	7.31	4.224
292	7.31	4.225
292.1	7.307	4.226
292.2	7.301	4.228
292.3	7.294	4.229
292.4	7.288	4.229
292.5	7.283	4.228
292.6	7.278	4.226
292.7	7.276	4.224
292.8	7.276	4.22
292.9	7.275	4.213
293	7.273	4.203
293.1	7.272	4.195
293.2	7.269	4.193
293.3	7.268	4.196
293.4	7.267	4.201
293.5	7.268	4.207
293.6	7.27	4.212
293.7	7.272	4.218
293.8	7.276	4.223
293.9	7.281	4.227
294	7.285	4.227
294.1	7.289	4.224
294.2	7.291	4.218
294.3	7.292	4.211
294.4	7.293	4.205
294.5	7.292	4.2
294.6	7.292	4.197
294.7	7.292	4.197
294.8	7.293	4.198
294.9	7.293	4.2
295	7.292	4.203
295.1	7.291	4.207
295.2	7.29	4.213
295.3	7.288	4.219
295.4	7.288	4.223
295.5	7.288	4.226
295.6	7.287	4.226
295.7	7.287	4.225
295.8	7.287	4.221
295.9	7.288	4.217
296	7.289	4.214
296.1	7.289	4.214
296.2	7.289	4.214
296.3	7.289	4.214
296.4	7.289	4.214
296.5	7.288	4.214
296.6	7.286	4.214
296.7	7.282	4.214
296.8	7.278	4.216
296.9	7.276	4.218
297	7.273	4.218
297.1	7.27	4.219
297.2	7.269	4.221
297.3	7.269	4.222
297.4	7.272	4.225
297.5	7.275	4.227
297.6	7.277	4.228
297.7	7.279	4.229
297.8	7.28	4.229
297.9	7.281	4.23
298	7.281	4.231
298.1	7.281	4.235
298.2	7.281	4.241
298.3	7.282	4.25
298.4	7.282	4.264
298.5	7.28	4.279
298.6	7.275	4.293
298.7	7.271	4.306
298.8	7.269	4.312
298.9	7.268	4.312
299	7.264	4.305
299.1	7.255	4.291
299.2	7.243	4.273
299.3	7.231	4.255
299.4	7.219	4.235
299.5	7.209	4.211
299.6	7.198	4.184
299.7	7.189	4.154
299.8	7.183	4.126
299.9	7.18	4.107
300	7.182	4.095
300.1	7.186	4.09
300.2	7.19	4.088
300.3	7.195	4.087
300.4	7.201	4.087
300.5	7.208	4.089
300.6	7.215	4.095
300.7	7.221	4.105
300.8	7.228	4.124
300.9	7.236	4.152
301	7.245	4.187
301.1	7.256	4.224
301.2	7.265	4.258
301.3	7.275	4.279
301.4	7.283	4.295
301.5	7.288	4.304
301.6	7.291	4.307
301.7	7.291	4.304
301.8	7.289	4.295
301.9	7.287	4.279
302	7.282	4.255
302.1	7.28	4.229
302.2	7.279	4.205
302.3	7.28	4.184
302.4	7.282	4.17
302.5	7.284	4.164
302.6	7.286	4.167
302.7	7.289	4.176
302.8	7.291	4.192
302.9	7.293	4.211
303	7.296	4.228
303.1	7.295	4.24
303.2	7.294	4.249
303.3	7.292	4.255
303.4	7.29	4.26
303.5	7.287	4.264
303.6	7.283	4.27
303.7	7.28	4.276
303.8	7.277	4.279
303.9	7.273	4.279
304	7.271	4.279
304.1	7.268	4.275
304.2	7.264	4.269
304.3	7.259	4.264
304.4	7.254	4.259
304.5	7.249	4.256
304.6	7.243	4.256
304.7	7.239	4.258
304.8	7.235	4.259
304.9	7.232	4.26
305	7.229	4.262
305.1	7.226	4.263
305.2	7.222	4.264
305.3	7.22	4.264
305.4	7.22	4.263
305.5	7.218	4.263
305.6	7.214	4.263
305.7	7.211	4.263
305.8	7.21	4.263
305.9	7.211	4.263
306	7.214	4.263
306.1	7.215	4.265
306.2	7.215	4.266
306.3	7.215	4.267
306.4	7.218	4.269
306.5	7.219	4.27
306.6	7.22	4.269
306.7	7.221	4.268
306.8	7.224	4.265
306.9	7.227	4.264
307	7.23	4.264
307.1	7.232	4.263
307.2	7.232	4.262
307.3	7.231	4.261
307.4	7.229	4.258
307.5	7.227	4.257
307.6	7.227	4.256
307.7	7.228	4.255
307.8	7.229	4.255
307.9	7.231	4.255
308	7.233	4.256
308.1	7.235	4.257
308.2	7.237	4.258
308.3	7.239	4.259
308.4	7.24	4.259
308.5	7.24	4.26
308.6	7.24	4.26
308.7	7.24	4.26
308.8	7.24	4.26
308.9	7.239	4.26
309	7.238	4.26
309.1	7.236	4.26
309.2	7.236	4.262
309.3	7.236	4.264
309.4	7.237	4.266
309.5	7.237	4.267
309.6	7.236	4.268
309.7	7.236	4.269
309.8	7.236	4.269
309.9	7.235	4.269
310	7.236	4.269
310.1	7.236	4.269
310.2	7.237	4.269
310.3	7.237	4.269
310.4	7.238	4.269
310.5	7.24	4.269
310.6	7.241	4.269
310.7	7.243	4.268
310.8	7.245	4.268
310.9	7.246	4.267
311	7.248	4.267
311.1	7.249	4.267
311.2	7.25	4.269
311.3	7.247	4.279
311.4	7.239	4.299
311.5	7.231	4.328
311.6	7.216	4.358
311.7	7.191	4.381
311.8	7.154	4.393
311.9	7.105	4.395
312	7.044	4.386
312.1	6.965	4.359
312.2	6.881	4.325
312.3	6.797	4.289
312.4	6.724	4.267
312.5	6.652	4.258
312.6	6.572	4.26
312.7	6.484	4.27
312.8	6.39	4.29
312.9	6.294	4.317
313	6.203	4.337
313.1	6.119	4.341
313.2	6.037	4.33
313.3	5.955	4.307
313.4	5.871	4.277
313.5	5.785	4.246
313.6	5.705	4.222
313.7	5.632	4.211
313.8	5.565	4.208
313.9	5.5	4.211
314	5.436	4.219
314.1	5.375	4.234
314.2	5.322	4.248
314.3	5.281	4.256
314.4	5.248	4.256
314.5	5.223	4.249
314.6	5.204	4.236
314.7	5.192	4.219
314.8	5.182	4.2
314.9	5.176	4.184
315	5.173	4.17
315.1	5.174	4.16
315.2	5.176	4.153
315.3	5.179	4.15
315.4	5.183	4.15
315.5	5.186	4.151
315.6	5.188	4.153
315.7	5.19	4.155
315.8	5.191	4.158
315.9	5.191	4.159
316	5.192	4.159
316.1	5.194	4.158
316.2	5.196	4.158
316.3	5.197	4.158
316.4	5.197	4.158
316.5	5.196	4.157
316.6	5.196	4.152
316.7	5.195	4.145
316.8	5.192	4.135
316.9	5.185	4.129
317	5.168	4.128
317.1	5.141	4.134
317.2	5.103	4.145
317.3	5.055	4.162
317.4	4.997	4.185
317.5	4.936	4.211
317.6	4.883	4.232
317.7	4.843	4.245
317.8	4.812	4.249
317.9	4.789	4.245
318	4.774	4.234
318.1	4.763	4.219
318.2	4.756	4.201
318.3	4.754	4.185
318.4	4.754	4.169
318.5	4.755	4.157
318.6	4.756	4.15
318.7	4.757	4.146
318.8	4.759	4.145
318.9	4.763	4.145
319	4.769	4.146
319.1	4.777	4.145
319.2	4.784	4.143
319.3	4.79	4.143
319.4	4.793	4.143
319.5	4.796	4.143
319.6	4.797	4.142
319.7	4.799	4.141
319.8	4.799	4.141
319.9	4.799	4.139
320	4.799	4.137
320.1	4.8	4.136
320.2	4.8	4.135
320.3	4.8	4.135
320.4	4.8	4.135
320.5	4.798	4.136
320.6	4.796	4.136
320.7	4.793	4.135
320.8	4.791	4.136
320.9	4.788	4.135
321	4.786	4.135
321.1	4.786	4.135
321.2	4.786	4.134
321.3	4.786	4.133
321.4	4.787	4.133
321.5	4.788	4.132
321.6	4.789	4.132
321.7	4.791	4.131
321.8	4.792	4.13
321.9	4.793	4.128
322	4.8	4.134
322.1	4.801	4.134
322.2	4.802	4.134
322.3	4.803	4.134
322.4	4.803	4.134
322.5	4.802	4.135
322.6	4.803	4.137
322.7	4.807	4.139
322.8	4.813	4.141
322.9	4.818	4.141
323	4.822	4.141
323.1	4.826	4.141
323.2	4.828	4.138
323.3	4.828	4.134
323.4	4.827	4.132
323.5	4.826	4.129
323.6	4.825	4.125
323.7	4.825	4.12
323.8	4.825	4.117
323.9	4.824	4.115
324	4.823	4.113
324.1	4.823	4.111
324.2	4.823	4.109
324.3	4.823	4.107
324.4	4.823	4.105
324.5	4.823	4.103
324.6	4.823	4.1
324.7	4.823	4.098
324.8	4.822	4.097
324.9	4.821	4.096
325	4.821	4.096
325.1	4.819	4.097
325.2	4.818	4.098
325.3	4.816	4.099
325.4	4.814	4.101
325.5	4.813	4.102
325.6	4.812	4.103
325.7	4.811	4.106
325.8	4.81	4.109
325.9	4.809	4.113
326	4.809	4.117
326.1	4.807	4.12
326.2	4.807	4.123
326.3	4.807	4.123
326.4	4.807	4.124
326.5	4.808	4.125
326.6	4.81	4.126
326.7	4.811	4.128
326.8	4.816	4.134
326.9	4.819	4.142
327	4.822	4.152
327.1	4.822	4.162
327.2	4.821	4.167
327.3	4.82	4.169
327.4	4.819	4.168
327.5	4.817	4.164
327.6	4.814	4.159
327.7	4.808	4.155
327.8	4.798	4.143
327.9	4.792	4.114
328	4.793	4.069
328.1	4.804	4.009
328.2	4.82	3.943
328.3	4.836	3.871
328.4	4.85	3.797
328.5	4.856	3.739
328.6	4.853	3.687
328.7	4.847	3.628
328.8	4.84	3.558
328.9	4.829	3.482
329	4.807	3.413
329.1	4.794	3.355
329.2	4.794	3.306
329.3	4.797	3.259
329.4	4.804	3.208
329.5	4.819	3.153
329.6	4.84	3.1
329.7	4.861	3.052
329.8	4.88	3.007
329.9	4.889	2.967
330	4.89	2.932
330.1	4.889	2.902
330.2	4.888	2.877
330.3	4.889	2.858
330.4	4.89	2.846
330.5	4.892	2.839
330.6	4.896	2.836
330.7	4.899	2.833
330.8	4.905	2.83
330.9	4.909	2.829
331	4.913	2.829
331.1	4.916	2.83
331.2	4.918	2.828
331.3	4.919	2.827
331.4	4.92	2.826
331.5	4.919	2.823
331.6	4.916	2.816
331.7	4.913	2.809
331.8	4.909	2.802
331.9	4.904	2.797
332	4.9	2.794
332.1	4.896	2.792
332.2	4.894	2.792
332.3	4.893	2.793
332.4	4.894	2.794
332.5	4.896	2.796
332.6	4.898	2.799
332.7	4.9	2.801
332.8	4.902	2.802
332.9	4.903	2.804
333	4.906	2.806
333.1	4.911	2.811
333.2	4.915	2.816
333.3	4.92	2.822
333.4	4.923	2.828
333.5	4.927	2.833
333.6	4.929	2.834
333.7	4.932	2.834
333.8	4.935	2.834
333.9	4.932	2.827
334	4.919	2.814
334.1	4.897	2.808
334.2	4.877	2.812
334.3	4.867	2.817
334.4	4.864	2.817
334.5	4.87	2.811
334.6	4.887	2.797
334.7	4.92	2.776
334.8	4.967	2.755
334.9	5.019	2.74
335	5.06	2.728
335.1	5.084	2.712
335.2	5.094	2.688
335.3	5.09	2.661
335.4	5.075	2.632
335.5	5.051	2.609
335.6	5.025	2.592
335.7	4.997	2.579
335.8	4.965	2.569
335.9	4.936	2.559
336	4.912	2.548
336.1	4.893	2.536
336.2	4.884	2.524
336.3	4.882	2.511
336.4	4.885	2.497
336.5	4.889	2.48
336.6	4.893	2.465
336.7	4.896	2.453
336.8	4.896	2.443
336.9	4.895	2.436
337	4.894	2.43
337.1	4.895	2.429
337.2	4.895	2.436
337.3	4.891	2.454
337.4	4.884	2.488
337.5	4.873	2.533
337.6	4.859	2.59
337.7	4.839	2.654
337.8	4.82	2.719
337.9	4.808	2.778
338	4.806	2.834
338.1	4.817	2.891
338.2	4.839	2.949
338.3	4.872	3.012
338.4	4.917	3.083
338.5	4.963	3.158
338.6	4.997	3.228
338.7	5.027	3.297
338.8	5.055	3.371
338.9	5.086	3.453
339	5.119	3.539
339.1	5.156	3.625
339.2	5.198	3.691
339.3	5.244	3.738
339.4	5.295	3.775
339.5	5.352	3.801
339.6	5.419	3.818
339.7	5.493	3.828
339.8	5.555	3.839
339.9	5.608	3.846
340	5.656	3.845
340.1	5.704	3.844
340.2	5.754	3.849
340.3	5.805	3.862
340.4	5.857	3.88
340.5	5.898	3.908
340.6	5.93	3.946
340.7	5.96	3.992
340.8	5.994	4.045
340.9	6.037	4.103
341	6.087	4.154
341.1	6.139	4.192
341.2	6.197	4.215
341.3	6.257	4.223
341.4	6.324	4.216
341.5	6.393	4.192
341.6	6.449	4.164
341.7	6.492	4.14
341.8	6.525	4.126
341.9	6.558	4.119
342	6.588	4.117
342.1	6.615	4.12
342.2	6.637	4.128
342.3	6.655	4.14
342.4	6.67	4.154
342.5	6.683	4.17
342.6	6.694	4.184
342.7	6.703	4.194
342.8	6.712	4.203
342.9	6.723	4.207
343	6.737	4.207
343.1	6.753	4.203
343.2	6.767	4.196
343.3	6.777	4.19
343.4	6.786	4.184
343.5	6.796	4.178
343.6	6.805	4.173
343.7	6.811	4.169
343.8	6.817	4.166
343.9	6.823	4.166
344	6.828	4.168
344.1	6.832	4.17
344.2	6.834	4.174
344.3	6.835	4.178
344.4	6.833	4.183
344.5	6.83	4.187
344.6	6.826	4.19
344.7	6.822	4.194
344.8	6.819	4.199
344.9	6.816	4.201
345	6.813	4.2
345.1	6.809	4.197
345.2	6.806	4.191
345.3	6.804	4.178
345.4	6.805	4.159
345.5	6.809	4.139
345.6	6.817	4.119
345.7	6.825	4.102
345.8	6.827	4.094
345.9	6.82	4.094
346	6.81	4.102
346.1	6.798	4.116
346.2	6.789	4.132
346.3	6.783	4.147
346.4	6.78	4.159
346.5	6.779	4.164
346.6	6.778	4.165
346.7	6.778	4.159
346.8	6.78	4.149
346.9	6.782	4.137
347	6.786	4.128
347.1	6.789	4.119
347.2	6.793	4.108
347.3	6.798	4.098
347.4	6.803	4.091
