Time	Velocity
0	0
0.1	0.03
0.2	0.13
0.3	0.28
0.4	0.48
0.5	0.7
0.6	0.91
0.7	1.11
0.8	1.26
0.9	1.36
1	1.4
1.1	1.4
1.2	1.4
1.3	1.4
1.4	1.4
1.5	1.39
1.6	1.33
1.7	1.2
1.8	1.03
1.9	0.82
2	0.6
2.1	0.39
2.2	0.21
2.3	0.08
2.4	0.01
0	0
0.1	-0.18
0.2	-0.63
0.3	-1.11
0.4	-1.38
0.5	-1.32
0.6	-0.94
0.7	-0.49
0	0
0.1	-0.14
0.2	-0.57
0.3	-1.07
0.4	-1.37
0.5	-1.29
0.6	-0.89
0.7	-0.39
0	0
0.1	-0.12
0.2	-0.49
0.3	-0.95
0.4	-1.19
0.5	-1.2
0.6	-1.05
0.7	-0.66
0	0
0.1	-0.12
0.2	-0.54
0.3	-0.95
0.4	-1.19
0.5	-1.2
0.6	-1.05
0.7	-0.71
0	0
0.1	-0.11
0.2	-0.49
0.3	-0.84
0.4	-1.08
0.5	-1.1
0.6	-1.06
0.7	-0.82
0.8	-0.39
0	0
0.1	-0.1
0.2	-0.41
0.3	-0.76
0.4	-0.98
0.5	-1
0.6	-1
0.7	-0.9
0.8	-0.55
0	0
0.1	-0.13
0.2	-0.45
0.3	-0.79
0.4	-0.99
0.5	-1
0.6	-1
0.7	-0.87
0.8	-0.55
0	0
0.1	-0.1
0.2	-0.45
0.3	-0.79
0.4	-0.99
0.5	-1
0.6	-1
0.7	-0.9
0.8	-0.59
0.9	-0.24
1	-0.02
