Time	Velocity
0	0
0.1	0.03
0.2	0.13
0.3	0.29
0.4	0.48
0.5	0.7
0.6	0.91
0.7	1.11
0.8	1.26
0.9	1.36
1	1.4
1.1	1.4
1.2	1.4
1.3	1.4
1.4	1.4
1.5	1.36
1.6	1.25
1.7	1.09
1.8	0.89
1.9	0.68
2	0.46
2.1	0.27
2.2	0.12
2.3	0.03
0	0
0.1	-0.09
0.2	-0.43
0.3	-0.84
0.4	-1.2
0.5	-1.39
0.6	-1.35
0.7	-1.09
0.8	-0.69
0	0
0.1	-0.09
0.2	-0.44
0.3	-0.8
0.4	-1.2
0.5	-1.39
0.6	-1.35
0.7	-1.12
0.8	-0.7
0	0
0.1	-0.09
0.2	-0.41
0.3	-0.78
0.4	-1.08
0.5	-1.29
0.6	-1.29
0.7	-1.11
0.8	-0.77
0.9	-0.4
0	0
0.1	-0.17
0.2	-0.74
0.3	-1.32
0.4	-1.67
0.5	-1.6
0.6	-1.16
0.7	-0.56
0	0
0.1	-0.16
0.2	-0.63
0.3	-1.24
0.4	-1.55
0.5	-1.59
0.6	-1.26
0.7	-0.78
0	0
0.1	-0.18
0.2	-0.65
0.3	-1.16
0.4	-1.47
0.5	-1.5
0.6	-1.31
0.7	-0.85
0	0
0.1	-0.19
0.2	-0.65
0.3	-1.17
0.4	-1.46
0.5	-1.5
0.6	-1.28
0.7	-0.85
0.8	-0.33
0.9	-0.03
