Time	X	Z
0	7.63	2.112
0.1	7.63	2.112
0.2	7.63	2.111
0.3	7.63	2.111
0.4	7.63	2.111
0.5	7.63	2.111
0.6	7.63	2.111
0.7	7.63	2.111
0.8	7.63	2.111
0.9	7.63	2.111
1	7.63	2.111
1.1	7.63	2.111
1.2	7.63	2.111
1.3	7.63	2.111
1.4	7.63	2.111
1.5	7.63	2.111
1.6	7.63	2.111
1.7	7.63	2.111
1.8	7.63	2.111
1.9	7.63	2.111
2	7.63	2.111
2.1	7.63	2.111
2.2	7.63	2.111
2.3	7.63	2.111
2.4	7.63	2.111
2.5	7.63	2.111
2.6	7.63	2.111
2.7	7.63	2.111
2.8	7.63	2.111
2.9	7.63	2.111
3	7.63	2.111
3.1	7.63	2.111
3.2	7.63	2.111
3.3	7.63	2.111
3.4	7.63	2.111
3.5	7.63	2.111
3.6	7.63	2.111
3.7	7.63	2.111
3.8	7.63	2.111
3.9	7.63	2.111
4	7.63	2.111
4.1	7.63	2.111
4.2	7.63	2.111
4.3	7.63	2.111
4.4	7.63	2.111
4.5	7.63	2.111
4.6	7.63	2.111
4.7	7.63	2.111
4.8	7.63	2.111
4.9	7.63	2.111
5	7.63	2.111
5.1	7.63	2.111
5.2	7.63	2.111
5.3	7.63	2.11
5.4	7.63	2.111
5.5	7.63	2.11
5.6	7.63	2.11
5.7	7.63	2.111
5.8	7.63	2.11
5.9	7.63	2.111
6	7.63	2.111
6.1	7.63	2.111
6.2	7.63	2.111
6.3	7.63	2.111
6.4	7.63	2.111
6.5	7.63	2.111
6.6	7.63	2.111
6.7	7.63	2.111
6.8	7.63	2.111
6.9	7.63	2.111
7	7.63	2.111
7.1	7.63	2.111
7.2	7.63	2.11
7.3	7.63	2.11
7.4	7.63	2.11
7.5	7.63	2.111
7.6	7.63	2.11
7.7	7.63	2.11
7.8	7.63	2.11
7.9	7.63	2.11
8	7.63	2.11
8.1	7.63	2.11
8.2	7.63	2.111
8.3	7.63	2.111
8.4	7.63	2.111
8.5	7.63	2.111
8.6	7.63	2.111
8.7	7.63	2.11
8.8	7.63	2.111
8.9	7.63	2.111
9	7.63	2.111
9.1	7.63	2.111
9.2	7.63	2.111
9.3	7.63	2.11
9.4	7.63	2.111
9.5	7.63	2.111
9.6	7.63	2.111
9.7	7.63	2.111
9.8	7.63	2.11
9.9	7.63	2.11
10	7.63	2.11
10.1	7.63	2.11
10.2	7.63	2.111
10.3	7.63	2.11
10.4	7.63	2.11
10.5	7.63	2.11
10.6	7.63	2.111
10.7	7.63	2.111
10.8	7.63	2.111
10.9	7.63	2.111
11	7.63	2.111
11.1	7.63	2.111
11.2	7.63	2.11
11.3	7.63	2.111
11.4	7.63	2.111
11.5	7.63	2.111
11.6	7.63	2.111
11.7	7.63	2.11
11.8	7.63	2.111
11.9	7.63	2.11
12	7.63	2.111
12.1	7.63	2.11
12.2	7.63	2.111
12.3	7.63	2.111
12.4	7.63	2.11
12.5	7.63	2.111
12.6	7.63	2.111
12.7	7.63	2.11
12.8	7.63	2.111
12.9	7.63	2.111
13	7.63	2.111
13.1	7.63	2.11
13.2	7.63	2.111
13.3	7.63	2.11
13.4	7.63	2.111
13.5	7.63	2.111
13.6	7.63	2.111
13.7	7.63	2.111
13.8	7.63	2.111
13.9	7.63	2.111
14	7.63	2.111
14.1	7.63	2.111
14.2	7.63	2.111
14.3	7.63	2.111
14.4	7.63	2.111
14.5	7.63	2.111
14.6	7.63	2.111
14.7	7.63	2.111
14.8	7.63	2.111
14.9	7.63	2.111
15	7.63	2.11
15.1	7.63	2.111
15.2	7.63	2.111
15.3	7.63	2.111
15.4	7.63	2.11
15.5	7.63	2.111
15.6	7.63	2.111
15.7	7.63	2.111
15.8	7.63	2.111
15.9	7.63	2.11
16	7.63	2.111
16.1	7.63	2.11
16.2	7.63	2.111
16.3	7.63	2.111
16.4	7.63	2.111
16.5	7.63	2.111
16.6	7.63	2.111
16.7	7.63	2.111
16.8	7.631	2.113
16.9	7.631	2.112
17	7.631	2.112
17.1	7.631	2.112
17.2	7.631	2.112
17.3	7.631	2.112
17.4	7.631	2.112
17.5	7.631	2.112
17.6	7.631	2.112
17.7	7.631	2.112
17.8	7.631	2.112
17.9	7.631	2.112
18	7.631	2.112
18.1	7.63	2.112
18.2	7.631	2.112
18.3	7.631	2.112
18.4	7.631	2.112
18.5	7.631	2.111
18.6	7.631	2.112
18.7	7.631	2.111
18.8	7.63	2.112
18.9	7.631	2.111
19	7.63	2.111
19.1	7.63	2.111
19.2	7.63	2.111
19.3	7.631	2.111
19.4	7.63	2.111
19.5	7.63	2.111
19.6	7.63	2.112
19.7	7.63	2.111
19.8	7.63	2.111
19.9	7.63	2.111
20	7.63	2.111
20.1	7.63	2.112
20.2	7.63	2.112
20.3	7.63	2.112
20.4	7.63	2.112
20.5	7.63	2.112
20.6	7.63	2.112
20.7	7.63	2.112
20.8	7.63	2.112
20.9	7.63	2.111
21	7.63	2.112
21.1	7.63	2.111
21.2	7.63	2.111
21.3	7.63	2.111
21.4	7.63	2.111
21.5	7.63	2.111
21.6	7.63	2.111
21.7	7.63	2.111
21.8	7.63	2.111
21.9	7.63	2.112
22	7.63	2.111
22.1	7.63	2.111
22.2	7.63	2.111
22.3	7.63	2.111
22.4	7.63	2.111
22.5	7.63	2.111
22.6	7.63	2.111
22.7	7.63	2.111
22.8	7.63	2.111
22.9	7.63	2.111
23	7.63	2.111
23.1	7.63	2.111
23.2	7.63	2.111
23.3	7.63	2.111
23.4	7.63	2.111
23.5	7.63	2.111
23.6	7.63	2.111
23.7	7.63	2.111
23.8	7.63	2.111
23.9	7.63	2.111
24	7.63	2.111
24.1	7.63	2.111
24.2	7.63	2.111
24.3	7.63	2.111
24.4	7.63	2.111
24.5	7.63	2.111
24.6	7.63	2.111
24.7	7.63	2.111
24.8	7.63	2.111
24.9	7.63	2.111
25	7.63	2.111
25.1	7.63	2.111
25.2	7.63	2.111
25.3	7.63	2.111
25.4	7.63	2.111
25.5	7.63	2.111
25.6	7.63	2.111
25.7	7.63	2.111
25.8	7.63	2.111
25.9	7.63	2.111
26	7.63	2.111
26.1	7.63	2.111
26.2	7.63	2.111
26.3	7.63	2.111
26.4	7.63	2.111
26.5	7.63	2.111
26.6	7.63	2.111
26.7	7.63	2.111
26.8	7.63	2.111
26.9	7.63	2.112
27	7.63	2.111
27.1	7.63	2.111
27.2	7.63	2.111
27.3	7.63	2.111
27.4	7.63	2.111
27.5	7.63	2.112
27.6	7.63	2.111
27.7	7.63	2.112
27.8	7.63	2.111
27.9	7.63	2.112
28	7.63	2.111
28.1	7.63	2.111
28.2	7.63	2.111
28.3	7.63	2.111
28.4	7.63	2.111
28.5	7.63	2.111
28.6	7.63	2.111
28.7	7.63	2.111
28.8	7.63	2.111
28.9	7.63	2.111
29	7.63	2.111
29.1	7.63	2.111
29.2	7.63	2.111
29.3	7.63	2.111
29.4	7.63	2.111
29.5	7.63	2.111
29.6	7.63	2.111
29.7	7.63	2.111
29.8	7.63	2.111
29.9	7.63	2.111
30	7.63	2.111
30.1	7.63	2.111
30.2	7.63	2.111
30.3	7.63	2.111
30.4	7.63	2.111
30.5	7.63	2.111
30.6	7.63	2.111
30.7	7.63	2.111
30.8	7.63	2.111
30.9	7.63	2.111
31	7.63	2.111
31.1	7.63	2.111
31.2	7.63	2.111
31.3	7.63	2.111
31.4	7.63	2.111
31.5	7.63	2.111
31.6	7.63	2.111
31.7	7.63	2.111
31.8	7.63	2.111
31.9	7.63	2.111
32	7.63	2.111
32.1	7.63	2.111
32.2	7.63	2.111
32.3	7.63	2.111
32.4	7.63	2.111
32.5	7.63	2.111
32.6	7.63	2.111
32.7	7.63	2.111
32.8	7.63	2.111
32.9	7.63	2.111
33	7.63	2.111
33.1	7.63	2.111
33.2	7.63	2.111
33.3	7.63	2.111
33.4	7.63	2.111
33.5	7.63	2.111
33.6	7.63	2.111
33.7	7.63	2.111
33.8	7.63	2.111
33.9	7.63	2.111
34	7.63	2.111
34.1	7.63	2.111
34.2	7.63	2.111
34.3	7.63	2.111
34.4	7.63	2.111
34.5	7.63	2.111
34.6	7.63	2.111
34.7	7.63	2.111
34.8	7.63	2.111
34.9	7.63	2.111
35	7.63	2.111
35.1	7.63	2.111
35.2	7.63	2.111
35.3	7.63	2.111
35.4	7.63	2.111
35.5	7.63	2.111
35.6	7.63	2.111
35.7	7.63	2.111
35.8	7.63	2.111
35.9	7.63	2.111
36	7.63	2.111
36.1	7.63	2.111
36.2	7.63	2.111
36.3	7.63	2.111
36.4	7.63	2.111
36.5	7.63	2.111
36.6	7.63	2.111
36.7	7.63	2.111
36.8	7.63	2.111
36.9	7.63	2.111
37	7.63	2.111
37.1	7.63	2.111
37.2	7.63	2.111
37.3	7.63	2.111
37.4	7.63	2.111
37.5	7.63	2.111
37.6	7.63	2.111
37.7	7.63	2.111
37.8	7.63	2.111
37.9	7.63	2.111
38	7.63	2.111
38.1	7.63	2.111
38.2	7.63	2.111
38.3	7.63	2.111
38.4	7.63	2.111
38.5	7.63	2.111
38.6	7.63	2.111
38.7	7.63	2.111
38.8	7.63	2.111
38.9	7.63	2.111
39	7.63	2.111
39.1	7.63	2.111
39.2	7.63	2.111
39.3	7.63	2.111
39.4	7.63	2.111
39.5	7.63	2.111
39.6	7.63	2.111
39.7	7.63	2.111
39.8	7.63	2.111
39.9	7.63	2.111
40	7.63	2.111
40.1	7.63	2.111
40.2	7.63	2.111
40.3	7.63	2.111
40.4	7.63	2.111
40.5	7.63	2.111
40.6	7.63	2.111
40.7	7.63	2.111
40.8	7.63	2.111
40.9	7.63	2.111
41	7.63	2.111
41.1	7.63	2.111
41.2	7.63	2.111
41.3	7.63	2.111
41.4	7.63	2.111
41.5	7.63	2.111
41.6	7.63	2.111
41.7	7.63	2.111
41.8	7.63	2.111
41.9	7.63	2.111
42	7.63	2.111
42.1	7.63	2.111
42.2	7.63	2.111
42.3	7.63	2.111
42.4	7.63	2.111
42.5	7.63	2.111
42.6	7.63	2.111
42.7	7.63	2.111
42.8	7.63	2.111
42.9	7.63	2.111
43	7.63	2.111
43.1	7.63	2.111
43.2	7.63	2.111
43.3	7.63	2.111
43.4	7.63	2.111
43.5	7.63	2.111
43.6	7.63	2.111
43.7	7.63	2.111
43.8	7.63	2.111
43.9	7.63	2.111
44	7.63	2.111
44.1	7.63	2.111
44.2	7.63	2.111
44.3	7.63	2.111
44.4	7.63	2.111
44.5	7.63	2.111
44.6	7.63	2.111
44.7	7.63	2.111
44.8	7.63	2.111
44.9	7.63	2.111
45	7.63	2.111
45.1	7.63	2.111
45.2	7.63	2.111
45.3	7.63	2.111
45.4	7.63	2.111
45.5	7.63	2.111
45.6	7.63	2.111
45.7	7.63	2.111
45.8	7.63	2.111
45.9	7.63	2.111
46	7.63	2.111
46.1	7.63	2.111
46.2	7.63	2.111
46.3	7.63	2.111
46.4	7.63	2.111
46.5	7.63	2.111
46.6	7.63	2.111
46.7	7.63	2.111
46.8	7.63	2.111
46.9	7.63	2.111
47	7.63	2.111
47.1	7.63	2.111
47.2	7.63	2.111
47.3	7.63	2.111
47.4	7.63	2.111
47.5	7.63	2.111
47.6	7.63	2.111
47.7	7.63	2.111
47.8	7.63	2.111
47.9	7.63	2.111
48	7.63	2.111
48.1	7.63	2.111
48.2	7.63	2.111
48.3	7.63	2.111
48.4	7.63	2.111
48.5	7.63	2.111
48.6	7.63	2.111
48.7	7.63	2.111
48.8	7.63	2.111
48.9	7.63	2.111
49	7.63	2.111
49.1	7.63	2.111
49.2	7.63	2.111
49.3	7.63	2.111
49.4	7.63	2.111
49.5	7.63	2.111
49.6	7.63	2.111
49.7	7.63	2.111
49.8	7.63	2.111
49.9	7.63	2.111
50	7.63	2.111
50.1	7.63	2.111
50.2	7.63	2.111
50.3	7.63	2.111
50.4	7.63	2.111
50.5	7.63	2.111
50.6	7.63	2.111
50.7	7.63	2.111
50.8	7.63	2.111
50.9	7.63	2.111
51	7.63	2.111
51.1	7.63	2.111
51.2	7.63	2.111
51.3	7.63	2.111
51.4	7.63	2.111
51.5	7.63	2.111
51.6	7.63	2.111
51.7	7.63	2.111
51.8	7.63	2.111
51.9	7.63	2.111
52	7.63	2.111
52.1	7.63	2.111
52.2	7.63	2.111
52.3	7.63	2.111
52.4	7.63	2.111
52.5	7.63	2.111
52.6	7.63	2.111
52.7	7.63	2.111
52.8	7.63	2.111
52.9	7.63	2.111
53	7.63	2.111
53.1	7.63	2.111
53.2	7.63	2.111
53.3	7.63	2.111
53.4	7.63	2.111
53.5	7.63	2.111
53.6	7.63	2.111
53.7	7.63	2.111
53.8	7.63	2.111
53.9	7.63	2.111
54	7.63	2.111
54.1	7.63	2.111
54.2	7.63	2.111
54.3	7.63	2.111
54.4	7.63	2.111
54.5	7.63	2.111
54.6	7.63	2.111
54.7	7.63	2.111
54.8	7.63	2.111
54.9	7.63	2.111
55	7.63	2.111
55.1	7.63	2.111
55.2	7.63	2.111
55.3	7.63	2.111
55.4	7.63	2.111
55.5	7.63	2.111
55.6	7.63	2.111
55.7	7.63	2.111
55.8	7.63	2.111
55.9	7.63	2.111
56	7.63	2.111
56.1	7.63	2.111
56.2	7.63	2.111
56.3	7.63	2.111
56.4	7.63	2.111
56.5	7.63	2.111
56.6	7.63	2.111
56.7	7.63	2.111
56.8	7.63	2.111
56.9	7.63	2.111
57	7.63	2.111
57.1	7.63	2.111
57.2	7.63	2.111
57.3	7.63	2.111
57.4	7.63	2.111
57.5	7.63	2.111
57.6	7.63	2.111
57.7	7.63	2.111
57.8	7.63	2.111
57.9	7.63	2.111
58	7.63	2.111
58.1	7.63	2.111
58.2	7.63	2.111
58.3	7.63	2.111
58.4	7.63	2.111
58.5	7.63	2.111
58.6	7.63	2.111
58.7	7.63	2.111
58.8	7.63	2.111
58.9	7.63	2.111
59	7.63	2.111
59.1	7.63	2.111
59.2	7.63	2.111
59.3	7.63	2.111
59.4	7.63	2.111
59.5	7.63	2.111
59.6	7.63	2.111
59.7	7.63	2.111
59.8	7.63	2.111
59.9	7.63	2.111
60	7.63	2.111
60.1	7.63	2.111
60.2	7.63	2.111
60.3	7.63	2.111
60.4	7.63	2.111
60.5	7.63	2.111
60.6	7.63	2.111
60.7	7.63	2.111
60.8	7.63	2.111
60.9	7.63	2.111
61	7.63	2.111
61.1	7.63	2.111
61.2	7.63	2.111
61.3	7.63	2.111
61.4	7.63	2.111
61.5	7.63	2.111
61.6	7.63	2.111
61.7	7.63	2.111
61.8	7.63	2.111
61.9	7.63	2.111
62	7.63	2.111
62.1	7.63	2.111
62.2	7.63	2.111
62.3	7.63	2.111
62.4	7.63	2.111
62.5	7.63	2.111
62.6	7.63	2.111
62.7	7.63	2.111
62.8	7.63	2.111
62.9	7.63	2.111
63	7.63	2.111
63.1	7.63	2.111
63.2	7.63	2.111
63.3	7.63	2.111
63.4	7.63	2.111
63.5	7.63	2.111
63.6	7.63	2.111
63.7	7.63	2.111
63.8	7.63	2.111
63.9	7.63	2.111
64	7.63	2.111
64.1	7.63	2.111
64.2	7.63	2.111
64.3	7.63	2.111
64.4	7.63	2.111
64.5	7.63	2.111
64.6	7.63	2.111
64.7	7.63	2.111
64.8	7.63	2.111
64.9	7.63	2.111
65	7.63	2.111
65.1	7.63	2.111
65.2	7.63	2.111
65.3	7.63	2.111
65.4	7.63	2.111
65.5	7.63	2.111
65.6	7.63	2.111
65.7	7.63	2.111
65.8	7.63	2.111
65.9	7.63	2.111
66	7.63	2.111
66.1	7.63	2.111
66.2	7.63	2.111
66.3	7.63	2.111
66.4	7.63	2.111
66.5	7.63	2.111
66.6	7.63	2.111
66.7	7.63	2.111
66.8	7.63	2.111
66.9	7.63	2.111
67	7.63	2.111
67.1	7.63	2.111
67.2	7.63	2.111
67.3	7.63	2.111
67.4	7.63	2.111
67.5	7.63	2.111
67.6	7.63	2.111
67.7	7.63	2.111
67.8	7.63	2.111
67.9	7.63	2.111
68	7.63	2.111
68.1	7.63	2.111
68.2	7.63	2.111
68.3	7.63	2.111
68.4	7.63	2.111
68.5	7.63	2.111
68.6	7.63	2.111
68.7	7.63	2.111
68.8	7.63	2.111
68.9	7.63	2.111
69	7.63	2.111
69.1	7.63	2.111
69.2	7.63	2.111
69.3	7.63	2.111
69.4	7.63	2.111
69.5	7.63	2.111
69.6	7.63	2.111
69.7	7.63	2.111
69.8	7.63	2.111
69.9	7.63	2.111
70	7.63	2.111
70.1	7.63	2.111
70.2	7.63	2.111
70.3	7.63	2.111
70.4	7.63	2.111
70.5	7.63	2.111
70.6	7.63	2.111
70.7	7.63	2.111
70.8	7.63	2.111
70.9	7.63	2.111
71	7.63	2.111
71.1	7.63	2.111
71.2	7.63	2.111
71.3	7.63	2.111
71.4	7.63	2.111
71.5	7.63	2.111
71.6	7.63	2.111
71.7	7.63	2.111
71.8	7.63	2.11
71.9	7.63	2.111
72	7.63	2.111
72.1	7.63	2.111
72.2	7.63	2.111
72.3	7.63	2.111
72.4	7.63	2.111
72.5	7.63	2.111
72.6	7.63	2.111
72.7	7.63	2.111
72.8	7.63	2.111
72.9	7.63	2.111
73	7.63	2.111
73.1	7.63	2.111
73.2	7.63	2.111
73.3	7.63	2.111
73.4	7.63	2.111
73.5	7.63	2.111
73.6	7.63	2.111
73.7	7.63	2.111
73.8	7.63	2.111
73.9	7.63	2.111
74	7.63	2.111
74.1	7.63	2.111
74.2	7.63	2.111
74.3	7.63	2.111
74.4	7.63	2.111
74.5	7.63	2.111
74.6	7.63	2.111
74.7	7.63	2.111
74.8	7.63	2.111
74.9	7.63	2.111
75	7.63	2.111
75.1	7.63	2.111
75.2	7.63	2.111
75.3	7.63	2.111
75.4	7.63	2.111
75.5	7.63	2.111
75.6	7.63	2.111
75.7	7.63	2.111
75.8	7.63	2.111
75.9	7.63	2.111
76	7.63	2.111
76.1	7.63	2.111
76.2	7.63	2.111
76.3	7.63	2.111
76.4	7.63	2.111
76.5	7.63	2.111
76.6	7.63	2.111
76.7	7.63	2.111
76.8	7.63	2.111
76.9	7.63	2.111
77	7.63	2.111
77.1	7.63	2.111
77.2	7.63	2.111
77.3	7.63	2.111
77.4	7.63	2.111
77.5	7.63	2.111
77.6	7.63	2.111
77.7	7.63	2.111
77.8	7.63	2.111
77.9	7.63	2.111
78	7.63	2.111
78.1	7.629	2.111
78.2	7.63	2.111
78.3	7.63	2.111
78.4	7.63	2.111
78.5	7.63	2.111
78.6	7.63	2.111
78.7	7.63	2.111
78.8	7.63	2.111
78.9	7.63	2.111
79	7.63	2.111
79.1	7.63	2.111
79.2	7.63	2.111
79.3	7.63	2.111
79.4	7.63	2.111
79.5	7.63	2.111
79.6	7.63	2.11
79.7	7.631	2.109
79.8	7.63	2.109
79.9	7.63	2.109
80	7.63	2.109
80.1	7.631	2.11
80.2	7.63	2.11
80.3	7.618	2.111
80.4	7.612	2.117
80.5	7.599	2.128
80.6	7.596	2.142
80.7	7.592	2.163
80.8	7.584	2.183
80.9	7.577	2.213
81	7.573	2.238
81.1	7.569	2.25
81.2	7.578	2.252
81.3	7.605	2.251
81.4	7.637	2.25
81.5	7.647	2.259
81.6	7.633	2.265
81.7	7.612	2.266
81.8	7.6	2.258
81.9	7.595	2.247
82	7.592	2.234
82.1	7.591	2.225
82.2	7.588	2.222
82.3	7.581	2.221
82.4	7.577	2.224
82.5	7.575	2.229
82.6	7.57	2.236
82.7	7.556	2.247
82.8	7.547	2.256
82.9	7.542	2.265
83	7.548	2.273
83.1	7.552	2.278
83.2	7.55	2.281
83.3	7.549	2.283
83.4	7.55	2.287
83.5	7.554	2.294
83.6	7.554	2.302
83.7	7.551	2.313
83.8	7.546	2.325
83.9	7.528	2.344
84	7.481	2.358
84.1	7.449	2.377
84.2	7.43	2.392
84.3	7.416	2.409
84.4	7.416	2.413
84.5	7.424	2.406
84.6	7.432	2.396
84.7	7.443	2.383
84.8	7.453	2.368
84.9	7.458	2.357
85	7.461	2.346
85.1	7.463	2.338
85.2	7.463	2.333
85.3	7.46	2.332
85.4	7.456	2.334
85.5	7.453	2.337
85.6	7.451	2.339
85.7	7.449	2.339
85.8	7.448	2.34
85.9	7.449	2.341
86	7.449	2.342
86.1	7.449	2.342
86.2	7.448	2.343
86.3	7.447	2.345
86.4	7.445	2.346
86.5	7.444	2.347
86.6	7.443	2.348
86.7	7.443	2.347
86.8	7.445	2.343
86.9	7.445	2.335
87	7.451	2.322
87.1	7.467	2.303
87.2	7.489	2.278
87.3	7.503	2.257
87.4	7.519	2.232
87.5	7.531	2.213
87.6	7.534	2.206
87.7	7.527	2.207
87.8	7.514	2.213
87.9	7.499	2.23
88	7.492	2.248
88.1	7.486	2.272
88.2	7.477	2.301
88.3	7.461	2.344
88.4	7.445	2.382
88.5	7.425	2.416
88.6	7.404	2.44
88.7	7.398	2.446
88.8	7.329	2.451
88.9	7.325	2.461
89	7.332	2.476
89.1	7.339	2.494
89.2	7.351	2.512
89.3	7.378	2.532
89.4	7.392	2.556
89.5	7.395	2.578
89.6	7.408	2.587
89.7	7.422	2.599
89.8	7.449	2.609
89.9	7.48	2.62
90	7.494	2.629
90.1	7.486	2.642
90.2	7.462	2.658
90.3	7.437	2.682
90.4	7.429	2.707
90.5	7.425	2.727
90.6	7.424	2.748
90.7	7.426	2.78
90.8	7.436	2.82
90.9	7.446	2.871
91	7.454	2.925
91.1	7.448	2.999
91.2	7.434	3.075
91.3	7.427	3.146
91.4	7.416	3.233
91.5	7.399	3.297
91.6	7.367	3.382
91.7	7.336	3.481
91.8	7.301	3.586
91.9	7.276	3.692
92	7.264	3.796
92.1	7.268	3.893
92.2	7.274	3.978
92.3	7.286	4.05
92.4	7.301	4.109
92.5	7.323	4.164
92.6	7.34	4.222
92.7	7.354	4.275
92.8	7.361	4.318
92.9	7.36	4.348
93	7.359	4.375
93.1	7.365	4.397
93.2	7.368	4.437
93.3	7.374	4.463
93.4	7.374	4.489
93.5	7.377	4.51
93.6	7.381	4.528
93.7	7.382	4.539
93.8	7.387	4.548
93.9	7.407	4.556
94	7.423	4.568
94.1	7.423	4.576
94.2	7.43	4.578
94.3	7.444	4.582
94.4	7.449	4.588
94.5	7.444	4.595
94.6	7.443	4.603
94.7	7.444	4.612
94.8	7.448	4.618
94.9	7.447	4.626
95	7.453	4.634
95.1	7.456	4.642
95.2	7.461	4.651
95.3	7.466	4.655
95.4	7.467	4.656
95.5	7.457	4.653
95.6	7.457	4.659
95.7	7.454	4.665
95.8	7.45	4.664
95.9	7.451	4.664
96	7.45	4.666
96.1	7.448	4.665
96.2	7.447	4.665
96.3	7.448	4.665
96.4	7.449	4.664
96.5	7.449	4.662
96.6	7.451	4.662
96.7	7.453	4.661
96.8	7.453	4.66
96.9	7.453	4.659
97	7.451	4.661
97.1	7.45	4.663
97.2	7.449	4.663
97.3	7.447	4.663
97.4	7.446	4.663
97.5	7.444	4.662
97.6	7.444	4.66
97.7	7.445	4.661
97.8	7.45	4.66
97.9	7.455	4.659
98	7.46	4.66
98.1	7.463	4.663
98.2	7.465	4.667
98.3	7.468	4.67
98.4	7.469	4.672
98.5	7.468	4.672
98.6	7.467	4.673
98.7	7.467	4.673
98.8	7.467	4.672
98.9	7.465	4.671
99	7.468	4.675
99.1	7.472	4.68
99.2	7.474	4.683
99.3	7.475	4.687
99.4	7.45	4.672
99.5	7.446	4.67
99.6	7.446	4.671
99.7	7.448	4.672
99.8	7.45	4.677
99.9	7.451	4.679
100	7.453	4.678
100.1	7.455	4.674
100.2	7.457	4.672
100.3	7.457	4.668
100.4	7.456	4.666
100.5	7.456	4.666
100.6	7.456	4.667
100.7	7.453	4.664
100.8	7.454	4.663
100.9	7.458	4.665
101	7.46	4.665
101.1	7.46	4.665
101.2	7.459	4.662
101.3	7.452	4.66
101.4	7.448	4.662
101.5	7.445	4.666
101.6	7.445	4.668
101.7	7.448	4.669
101.8	7.451	4.671
101.9	7.452	4.672
102	7.454	4.671
102.1	7.456	4.669
102.2	7.459	4.668
102.3	7.464	4.666
102.4	7.469	4.666
102.5	7.473	4.667
102.6	7.479	4.668
102.7	7.485	4.666
102.8	7.488	4.665
102.9	7.491	4.662
103	7.495	4.667
103.1	7.498	4.667
103.2	7.501	4.668
103.3	7.501	4.669
103.4	7.502	4.671
103.5	7.503	4.673
103.6	7.501	4.677
103.7	7.473	4.662
103.8	7.464	4.66
103.9	7.455	4.655
104	7.447	4.646
104.1	7.444	4.635
104.2	7.441	4.63
104.3	7.439	4.632
104.4	7.436	4.644
104.5	7.434	4.664
104.6	7.435	4.67
104.7	7.435	4.663
104.8	7.436	4.65
104.9	7.438	4.642
105	7.44	4.639
105.1	7.442	4.642
105.2	7.444	4.646
105.3	7.449	4.648
105.4	7.454	4.649
105.5	7.457	4.65
105.6	7.457	4.65
105.7	7.456	4.652
105.8	7.453	4.655
105.9	7.449	4.658
106	7.446	4.66
106.1	7.444	4.662
106.2	7.442	4.665
106.3	7.44	4.666
106.4	7.438	4.665
106.5	7.437	4.664
106.6	7.437	4.664
106.7	7.437	4.665
106.8	7.437	4.667
106.9	7.438	4.67
107	7.44	4.674
107.1	7.441	4.677
107.2	7.443	4.679
107.3	7.446	4.68
107.4	7.447	4.68
107.5	7.449	4.678
107.6	7.45	4.676
107.7	7.448	4.675
107.8	7.447	4.673
107.9	7.448	4.67
108	7.449	4.665
108.1	7.45	4.656
108.2	7.449	4.642
108.3	7.449	4.633
108.4	7.456	4.629
108.5	7.464	4.632
108.6	7.47	4.641
108.7	7.471	4.653
108.8	7.469	4.662
108.9	7.467	4.673
109	7.466	4.68
109.1	7.464	4.689
109.2	7.463	4.695
109.3	7.462	4.7
109.4	7.462	4.702
109.5	7.461	4.703
109.6	7.459	4.702
109.7	7.457	4.7
109.8	7.455	4.697
109.9	7.455	4.692
110	7.457	4.687
110.1	7.459	4.684
110.2	7.461	4.682
110.3	7.462	4.682
110.4	7.462	4.682
110.5	7.461	4.683
110.6	7.46	4.683
110.7	7.459	4.684
110.8	7.459	4.684
110.9	7.46	4.682
111	7.462	4.681
111.1	7.464	4.68
111.2	7.464	4.678
111.3	7.465	4.677
111.4	7.466	4.676
111.5	7.467	4.675
111.6	7.467	4.675
111.7	7.467	4.675
111.8	7.466	4.675
111.9	7.466	4.675
112	7.466	4.676
112.1	7.466	4.677
112.2	7.466	4.677
112.3	7.467	4.677
112.4	7.467	4.678
112.5	7.467	4.678
112.6	7.466	4.677
112.7	7.466	4.677
112.8	7.465	4.677
112.9	7.463	4.677
113	7.455	4.677
113.1	7.455	4.678
113.2	7.453	4.679
113.3	7.453	4.678
113.4	7.453	4.678
113.5	7.452	4.678
113.6	7.452	4.678
113.7	7.451	4.677
113.8	7.451	4.678
113.9	7.451	4.678
114	7.45	4.678
114.1	7.45	4.677
114.2	7.449	4.677
114.3	7.449	4.677
114.4	7.449	4.677
114.5	7.449	4.677
114.6	7.449	4.677
114.7	7.449	4.677
114.8	7.448	4.678
114.9	7.448	4.678
115	7.448	4.679
115.1	7.448	4.679
115.2	7.448	4.679
115.3	7.449	4.679
115.4	7.45	4.68
115.5	7.451	4.68
115.6	7.451	4.68
115.7	7.451	4.68
115.8	7.45	4.68
115.9	7.45	4.68
116	7.451	4.679
116.1	7.451	4.679
116.2	7.452	4.679
116.3	7.452	4.679
116.4	7.452	4.679
116.5	7.453	4.679
116.6	7.453	4.679
116.7	7.455	4.679
116.8	7.456	4.679
116.9	7.457	4.68
117	7.459	4.68
117.1	7.46	4.681
117.2	7.459	4.681
117.3	7.458	4.681
117.4	7.457	4.681
117.5	7.456	4.68
117.6	7.456	4.679
117.7	7.456	4.678
117.8	7.455	4.677
117.9	7.453	4.676
118	7.452	4.675
118.1	7.451	4.675
118.2	7.45	4.675
118.3	7.449	4.675
118.4	7.448	4.676
118.5	7.447	4.679
118.6	7.446	4.682
118.7	7.444	4.685
118.8	7.442	4.686
118.9	7.441	4.687
119	7.439	4.69
119.1	7.437	4.693
119.2	7.436	4.698
119.3	7.435	4.703
119.4	7.435	4.707
119.5	7.434	4.708
119.6	7.433	4.705
119.7	7.431	4.699
119.8	7.43	4.689
119.9	7.432	4.674
120	7.433	4.67
120.1	7.438	4.66
120.2	7.441	4.656
120.3	7.443	4.654
120.4	7.445	4.652
120.5	7.445	4.653
120.6	7.444	4.654
120.7	7.443	4.657
120.8	7.443	4.66
120.9	7.443	4.662
121	7.443	4.664
121.1	7.443	4.666
121.2	7.443	4.667
121.3	7.443	4.667
121.4	7.442	4.668
121.5	7.441	4.669
121.6	7.44	4.669
121.7	7.438	4.67
121.8	7.436	4.67
121.9	7.434	4.67
122	7.432	4.67
122.1	7.431	4.671
122.2	7.431	4.671
122.3	7.431	4.672
122.4	7.431	4.673
122.5	7.431	4.673
122.6	7.431	4.673
122.7	7.43	4.673
122.8	7.429	4.673
122.9	7.428	4.673
123	7.428	4.673
123.1	7.428	4.674
123.2	7.428	4.674
123.3	7.429	4.674
123.4	7.429	4.673
123.5	7.43	4.672
123.6	7.429	4.672
123.7	7.429	4.672
123.8	7.429	4.672
123.9	7.428	4.672
124	7.428	4.673
124.1	7.427	4.673
124.2	7.427	4.672
124.3	7.427	4.672
124.4	7.428	4.671
124.5	7.428	4.671
124.6	7.428	4.67
124.7	7.428	4.67
124.8	7.429	4.671
124.9	7.429	4.67
125	7.43	4.671
125.1	7.43	4.671
125.2	7.431	4.672
125.3	7.431	4.673
125.4	7.43	4.673
125.5	7.43	4.674
125.6	7.429	4.674
125.7	7.428	4.674
125.8	7.428	4.674
125.9	7.428	4.674
126	7.428	4.674
126.1	7.429	4.674
126.2	7.43	4.674
126.3	7.431	4.673
126.4	7.432	4.672
126.5	7.434	4.671
126.6	7.435	4.67
126.7	7.436	4.67
126.8	7.437	4.67
126.9	7.437	4.669
127	7.438	4.669
127.1	7.438	4.669
127.2	7.438	4.669
127.3	7.437	4.669
127.4	7.437	4.669
127.5	7.438	4.669
127.6	7.439	4.668
127.7	7.439	4.668
127.8	7.439	4.668
127.9	7.439	4.667
128	7.438	4.667
128.1	7.437	4.667
128.2	7.437	4.667
128.3	7.437	4.668
128.4	7.437	4.668
128.5	7.437	4.668
128.6	7.437	4.668
128.7	7.437	4.668
128.8	7.436	4.667
128.9	7.435	4.666
129	7.435	4.665
129.1	7.434	4.664
129.2	7.433	4.662
129.3	7.431	4.659
129.4	7.429	4.655
129.5	7.429	4.644
129.6	7.434	4.625
129.7	7.448	4.595
129.8	7.462	4.578
129.9	7.467	4.571
130	7.461	4.569
130.1	7.444	4.574
130.2	7.428	4.583
130.3	7.416	4.586
130.4	7.406	4.579
130.5	7.393	4.569
130.6	7.38	4.558
130.7	7.362	4.546
130.8	7.337	4.535
130.9	7.304	4.525
131	7.259	4.522
131.1	7.2	4.529
131.2	7.141	4.543
131.3	7.083	4.559
131.4	7.03	4.572
131.5	6.976	4.577
131.6	6.921	4.575
131.7	6.86	4.565
131.8	6.797	4.544
131.9	6.733	4.515
132	6.66	4.478
132.1	6.589	4.449
132.2	6.515	4.426
132.3	6.441	4.408
132.4	6.363	4.392
132.5	6.278	4.38
132.6	6.197	4.373
132.7	6.086	4.346
132.8	6.017	4.332
132.9	5.937	4.305
133	5.874	4.276
133.1	5.798	4.231
133.2	5.74	4.187
133.3	5.668	4.129
133.4	5.608	4.089
133.5	5.549	4.055
133.6	5.489	4.025
133.7	5.427	3.998
133.8	5.369	3.981
133.9	5.308	3.964
134	5.26	3.943
134.1	5.222	3.916
134.2	5.202	3.897
134.3	5.193	3.877
134.4	5.188	3.863
134.5	5.189	3.855
134.6	5.196	3.852
134.7	5.203	3.851
134.8	5.209	3.85
134.9	5.212	3.849
135	5.212	3.849
135.1	5.211	3.849
135.2	5.209	3.849
135.3	5.207	3.848
135.4	5.204	3.847
135.5	5.201	3.848
135.6	5.199	3.85
135.7	5.198	3.852
135.8	5.196	3.852
135.9	5.194	3.853
136	5.191	3.851
136.1	5.188	3.848
136.2	5.187	3.846
136.3	5.185	3.845
136.4	5.184	3.844
136.5	5.183	3.844
136.6	5.183	3.847
136.7	5.182	3.854
136.8	5.183	3.859
136.9	5.189	3.861
137	5.197	3.853
137.1	5.215	3.827
137.2	5.233	3.813
137.3	5.239	3.807
137.4	5.239	3.799
137.5	5.236	3.786
137.6	5.229	3.764
137.7	5.214	3.732
137.8	5.19	3.692
137.9	5.157	3.647
138	5.116	3.603
138.1	5.07	3.56
138.2	5.028	3.518
138.3	4.995	3.481
138.4	4.967	3.445
138.5	4.945	3.406
138.6	4.929	3.365
138.7	4.921	3.319
138.8	4.919	3.267
138.9	4.92	3.208
139	4.921	3.15
139.1	4.921	3.093
139.2	4.925	3.038
139.3	4.933	2.985
139.4	4.941	2.933
139.5	4.942	2.877
139.6	4.939	2.817
139.7	4.937	2.761
139.8	4.944	2.711
139.9	4.955	2.666
140	4.971	2.623
140.1	4.99	2.582
140.2	5.015	2.546
140.3	5.041	2.509
140.4	5.06	2.469
140.5	5.072	2.427
140.6	5.077	2.384
140.7	5.074	2.34
140.8	5.062	2.298
140.9	5.045	2.262
141	5.022	2.23
141.1	5.002	2.201
141.2	4.984	2.172
141.3	4.971	2.145
141.4	4.965	2.122
141.5	4.964	2.1
141.6	4.966	2.083
141.7	4.972	2.073
141.8	4.979	2.064
141.9	4.987	2.054
142	4.999	2.046
142.1	5.016	2.037
142.2	5.029	2.027
142.3	5.031	2.019
142.4	5.011	2.018
142.5	4.982	2.021
142.6	4.96	2.025
142.7	4.948	2.026
142.8	4.939	2.026
142.9	4.931	2.026
143	4.923	2.025
143.1	4.916	2.022
143.2	4.921	2.008
143.3	4.943	1.986
143.4	4.979	1.972
143.5	5.017	1.972
143.6	5.051	1.99
143.7	5.071	2.014
143.8	5.078	2.031
143.9	5.08	2.037
144	5.08	2.04
144.1	5.077	2.045
144.2	5.069	2.04
144.3	5.057	2.025
144.4	5.042	2.007
144.5	5.029	1.994
144.6	5.021	1.983
144.7	5.02	1.969
144.8	5.031	1.963
144.9	5.046	1.959
145	5.063	1.959
145.1	5.082	1.957
145.2	5.103	1.952
145.3	5.125	1.947
145.4	5.144	1.94
145.5	5.156	1.931
145.6	5.159	1.922
145.7	5.152	1.914
145.8	5.14	1.906
145.9	5.127	1.902
146	5.117	1.903
146.1	5.108	1.908
146.2	5.103	1.914
146.3	5.101	1.921
146.4	5.102	1.924
146.5	5.102	1.925
146.6	5.097	1.921
146.7	5.086	1.906
146.8	5.07	1.891
146.9	5.048	1.885
147	5.031	1.885
147.1	5.022	1.885
147.2	5.011	1.883
147.3	5.002	1.883
147.4	4.995	1.883
147.5	4.981	1.886
147.6	4.969	1.891
147.7	4.963	1.892
147.8	4.954	1.894
147.9	4.943	1.896
148	4.93	1.899
148.1	4.914	1.904
148.2	4.903	1.91
148.3	4.897	1.914
148.4	4.894	1.915
148.5	4.89	1.918
148.6	4.887	1.919
148.7	4.884	1.918
148.8	4.884	1.913
148.9	4.884	1.907
149	4.885	1.899
149.1	4.89	1.888
149.2	4.898	1.873
149.3	4.914	1.853
149.4	4.949	1.827
149.5	4.976	1.818
149.6	5	1.815
149.7	5.023	1.817
149.8	5.047	1.827
149.9	5.062	1.841
150	5.071	1.851
150.1	5.075	1.859
150.2	5.078	1.863
150.3	5.079	1.864
150.4	5.08	1.864
150.5	5.08	1.864
150.6	5.079	1.862
150.7	5.077	1.861
150.8	5.076	1.859
150.9	5.076	1.858
151	5.076	1.858
151.1	5.076	1.859
151.2	5.077	1.861
151.3	5.078	1.864
151.4	5.078	1.866
151.5	5.078	1.868
151.6	5.078	1.87
151.7	5.076	1.872
151.8	5.075	1.873
151.9	5.074	1.873
152	5.072	1.873
152.1	5.07	1.874
152.2	5.069	1.874
152.3	5.068	1.875
152.4	5.067	1.876
152.5	5.066	1.877
152.6	5.067	1.878
152.7	5.067	1.878
152.8	5.068	1.878
152.9	5.069	1.879
153	5.071	1.88
153.1	5.079	1.888
153.2	5.09	1.901
153.3	5.099	1.916
153.4	5.105	1.926
153.5	5.106	1.927
153.6	5.105	1.921
153.7	5.102	1.913
153.8	5.1	1.908
153.9	5.095	1.899
154	5.083	1.882
154.1	5.049	1.85
154.2	5.014	1.836
154.3	4.992	1.832
154.4	4.981	1.826
154.5	4.971	1.822
154.6	4.962	1.82
154.7	4.953	1.82
154.8	4.943	1.822
154.9	4.922	1.833
155	4.903	1.851
155.1	4.899	1.857
155.2	4.898	1.858
155.3	4.899	1.86
155.4	4.901	1.86
155.5	4.903	1.86
155.6	4.905	1.86
155.7	4.907	1.859
155.8	4.909	1.858
155.9	4.909	1.858
156	4.909	1.858
156.1	4.908	1.858
156.2	4.907	1.859
156.3	4.904	1.862
156.4	4.901	1.867
156.5	4.898	1.871
156.6	4.896	1.873
156.7	4.891	1.878
156.8	4.889	1.881
156.9	4.893	1.87
157	4.901	1.856
157.1	4.909	1.846
157.2	4.933	1.825
157.3	4.977	1.81
157.4	5.017	1.819
157.5	5.036	1.831
157.6	5.046	1.838
157.7	5.055	1.845
157.8	5.062	1.854
157.9	5.068	1.864
158	5.07	1.873
158.1	5.072	1.878
158.2	5.073	1.88
158.3	5.075	1.88
158.4	5.077	1.877
158.5	5.079	1.874
158.6	5.082	1.872
158.7	5.084	1.871
158.8	5.086	1.87
158.9	5.088	1.869
159	5.089	1.869
159.1	5.09	1.869
159.2	5.092	1.871
159.3	5.096	1.877
159.4	5.102	1.888
159.5	5.107	1.901
159.6	5.109	1.91
159.7	5.11	1.916
159.8	5.11	1.918
159.9	5.109	1.918
160	5.107	1.916
160.1	5.102	1.908
160.2	5.088	1.883
160.3	5.064	1.867
160.4	5.046	1.865
160.5	5.03	1.863
160.6	5.006	1.859
160.7	4.977	1.861
160.8	4.949	1.866
160.9	4.926	1.873
161	4.909	1.878
161.1	4.897	1.881
161.2	4.887	1.882
161.3	4.874	1.884
161.4	4.859	1.883
161.5	4.845	1.875
161.6	4.828	1.865
161.7	4.821	1.857
161.8	4.825	1.854
161.9	4.837	1.853
162	4.856	1.855
162.1	4.878	1.855
162.2	4.902	1.852
162.3	4.925	1.842
162.4	4.945	1.834
162.5	4.96	1.834
162.6	4.968	1.844
162.7	4.967	1.856
162.8	4.958	1.869
162.9	4.947	1.883
163	4.935	1.894
163.1	4.923	1.904
163.2	4.912	1.912
163.3	4.902	1.918
163.4	4.894	1.922
163.5	4.89	1.925
163.6	4.888	1.926
163.7	4.887	1.926
163.8	4.887	1.924
163.9	4.888	1.923
164	4.889	1.921
164.1	4.889	1.92
164.2	4.889	1.919
164.3	4.889	1.919
164.4	4.888	1.919
164.5	4.888	1.919
164.6	4.887	1.919
164.7	4.887	1.92
164.8	4.887	1.919
164.9	4.886	1.918
165	4.886	1.916
165.1	4.886	1.915
165.2	4.885	1.913
165.3	4.885	1.911
165.4	4.885	1.909
165.5	4.884	1.907
165.6	4.884	1.905
165.7	4.884	1.903
165.8	4.883	1.9
165.9	4.883	1.896
166	4.883	1.893
166.1	4.884	1.889
166.2	4.887	1.883
166.3	4.892	1.876
166.4	4.898	1.87
166.5	4.902	1.866
166.6	4.904	1.865
166.7	4.905	1.864
166.8	4.907	1.862
166.9	4.908	1.862
167	4.905	1.865
167.1	4.904	1.868
167.2	4.904	1.872
167.3	4.903	1.878
167.4	4.901	1.889
167.5	4.904	1.898
167.6	4.907	1.905
167.7	4.91	1.908
167.8	4.914	1.909
167.9	4.917	1.909
168	4.92	1.909
168.1	4.923	1.909
168.2	4.925	1.909
168.3	4.926	1.909
168.4	4.926	1.909
168.5	4.926	1.908
168.6	4.927	1.908
