Time	Velocity
0	0
0.1	0.03
0.2	0.13
0.3	0.29
0.4	0.48
0.5	0.7
0.6	0.91
0.7	1.11
0.8	1.26
0.9	1.36
1	1.4
1.1	1.4
1.2	1.4
1.3	1.4
1.4	1.4
1.5	1.37
1.6	1.27
1.7	1.11
1.8	0.92
1.9	0.7
2	0.48
2.1	0.29
2.2	0.13
2.3	0.03
0	0
0.1	-0.07
0.2	-0.31
0.3	-0.68
0.4	-1.03
0.5	-1.29
0.6	-1.4
0.7	-1.33
0.8	-1.09
0.9	-0.76
1	-0.4
0	0
0.1	-0.04
0.2	-0.18
0.3	-0.39
0.4	-0.57
0.5	-0.74
0.6	-0.8
0.7	-0.8
0.8	-0.8
0.9	-0.8
1	-0.8
1.1	-0.79
1.2	-0.71
1.3	-0.54
1.4	-0.34
0	0
0.1	-0.05
0.2	-0.19
0.3	-0.39
0.4	-0.59
0.5	-0.74
0.6	-0.8
0.7	-0.8
0.8	-0.8
0.9	-0.8
1	-0.8
1.1	-0.79
1.2	-0.71
1.3	-0.54
1.4	-0.34
0	0
0.1	-0.05
0.2	-0.17
0.3	-0.32
0.4	-0.5
0.5	-0.65
0.6	-0.7
0.7	-0.7
0.8	-0.7
0.9	-0.7
1	-0.7
1.1	-0.7
1.2	-0.7
1.3	-0.67
1.4	-0.56
1.5	-0.4
0	0
0.1	-0.04
0.2	-0.17
0.3	-0.34
0.4	-0.51
0.5	-0.64
0.6	-0.7
0.7	-0.7
0.8	-0.7
0.9	-0.7
1	-0.7
1.1	-0.7
1.2	-0.7
1.3	-0.67
1.4	-0.56
1.5	-0.4
0	0
0.1	-0.05
0.2	-0.17
0.3	-0.34
0.4	-0.52
0.5	-0.65
0.6	-0.7
0.7	-0.7
0.8	-0.7
0.9	-0.7
1	-0.7
1.1	-0.7
1.2	-0.7
1.3	-0.67
1.4	-0.56
1.5	-0.4
1.6	-0.22
1.7	-0.08
