Time	Velocity
0	0
0.1	0.03
0.2	0.12
0.3	0.28
0.4	0.47
0.5	0.69
0.6	0.91
0.7	1.11
0.8	1.26
0.9	1.36
1	1.4
1.1	1.4
1.2	1.4
1.3	1.4
1.4	1.4
1.5	1.36
1.6	1.25
1.7	1.08
1.8	0.88
1.9	0.69
2	0.46
2.1	0.27
2.2	0.12
2.3	0.03
0	0
0.1	-0.06
0.2	-0.27
0.3	-0.57
0.4	-0.9
0.5	-1.18
0.6	-1.37
0.7	-1.39
0.8	-1.25
0.9	-0.98
1	-0.66
1.1	-0.37
0	0
0.1	-0.06
0.2	-0.23
0.3	-0.46
0.4	-0.72
0.5	-0.94
0.6	-1.08
0.7	-1.1
0.8	-1.1
0.9	-1.07
1	-0.94
1.1	-0.72
1.2	-0.46
0	0
0.1	-0.05
0.2	-0.19
0.3	-0.37
0.4	-0.58
0.5	-0.76
0.6	-0.88
0.7	-0.9
0.8	-0.9
0.9	-0.9
1	-0.9
1.1	-0.87
1.2	-0.75
1.3	-0.57
1.4	-0.36
0	0
0.1	-0.04
0.2	-0.17
0.3	-0.37
0.4	-0.58
0.5	-0.76
0.6	-0.88
0.7	-0.9
0.8	-0.9
0.9	-0.9
1	-0.9
1.1	-0.87
1.2	-0.75
1.3	-0.56
1.4	-0.35
0	0
0.1	-0.03
0.2	-0.12
0.3	-0.25
0.4	-0.39
0.5	-0.51
0.6	-0.58
0.7	-0.6
0.8	-0.6
0.9	-0.6
1	-0.6
1.1	-0.6
1.2	-0.6
1.3	-0.6
1.4	-0.6
1.5	-0.6
1.6	-0.58
1.7	-0.52
1.8	-0.39
1.9	-0.25
0	0
0.1	-0.03
0.2	-0.13
0.3	-0.24
0.4	-0.39
0.5	-0.51
0.6	-0.58
0.7	-0.6
0.8	-0.6
0.9	-0.6
1	-0.6
1.1	-0.6
1.2	-0.6
1.3	-0.6
1.4	-0.6
1.5	-0.6
1.6	-0.58
1.7	-0.51
1.8	-0.39
1.9	-0.25
2	-0.12
2.1	-0.03
