Time	Velocity
0	0
0.1	0.03
0.2	0.13
0.3	0.29
0.4	0.48
0.5	0.7
0.6	0.91
0.7	1.11
0.8	1.26
0.9	1.36
1	1.4
1.1	1.4
1.2	1.4
1.3	1.4
1.4	1.38
1.5	1.29
1.6	1.15
1.7	0.96
1.8	0.75
1.9	0.53
2	0.33
2.1	0.16
2.2	0.05
0	0
0.1	-0.03
0.2	-0.11
0.3	-0.24
0.4	-0.42
0.5	-0.61
0.6	-0.8
0.7	-0.97
0.8	-1.1
0.9	-1.18
1	-1.2
1.1	-1.16
1.2	-1.07
1.3	-0.93
1.4	-0.76
1.5	-0.57
1.6	-0.38
0	0
0.1	-0.02
0.2	-0.07
0.3	-0.17
0.4	-0.27
0.5	-0.41
0.6	-0.53
0.7	-0.64
0.8	-0.73
0.9	-0.78
1	-0.8
1.1	-0.8
1.2	-0.8
1.3	-0.8
1.4	-0.8
1.5	-0.8
1.6	-0.77
1.7	-0.71
1.8	-0.61
1.9	-0.49
2	-0.36
2.1	-0.24
0	0
0.1	-0.02
0.2	-0.08
0.3	-0.17
0.4	-0.28
0.5	-0.41
0.6	-0.53
0.7	-0.64
0.8	-0.73
0.9	-0.78
1	-0.8
1.1	-0.8
1.2	-0.8
1.3	-0.8
1.4	-0.8
1.5	-0.8
1.6	-0.77
1.7	-0.7
1.8	-0.61
1.9	-0.49
2	-0.36
2.1	-0.24
0	0
0.1	-0.02
0.2	-0.09
0.3	-0.19
0.4	-0.32
0.5	-0.46
0.6	-0.6
0.7	-0.72
0.8	-0.82
0.9	-0.88
1	-0.9
1.1	-0.9
1.2	-0.9
1.3	-0.9
1.4	-0.89
1.5	-0.84
1.6	-0.74
1.7	-0.62
1.8	-0.48
1.9	-0.34
0	0
0.1	-0.02
0.2	-0.09
0.3	-0.18
0.4	-0.32
0.5	-0.44
0.6	-0.58
0.7	-0.71
0.8	-0.81
0.9	-0.88
1	-0.9
1.1	-0.9
1.2	-0.9
1.3	-0.9
1.4	-0.88
1.5	-0.82
1.6	-0.72
1.7	-0.6
1.8	-0.46
1.9	-0.32
2	-0.19
