Time	Velocity
0	0
0.1	0.03
0.2	0.13
0.3	0.29
0.4	0.48
0.5	0.7
0.6	0.91
0.7	1.11
0.8	1.26
0.9	1.36
1	1.4
1.1	1.4
1.2	1.4
1.3	1.4
1.4	1.37
1.5	1.28
1.6	1.13
1.7	0.94
1.8	0.72
1.9	0.51
2	0.31
2.1	0.15
2.2	0.04
0	0
0.1	-0.05
0.2	-0.18
0.3	-0.38
0.4	-0.63
0.5	-0.88
0.6	-1.09
0.7	-1.29
0.8	-1.38
0.9	-1.39
1	-1.3
1.1	-1.14
1.2	-0.91
1.3	-0.66
1.4	-0.41
0	0
0.1	-0.03
0.2	-0.13
0.3	-0.3
0.4	-0.49
0.5	-0.69
0.6	-0.87
0.7	-1.01
0.8	-1.09
0.9	-1.1
1	-1.1
1.1	-1.1
1.2	-1.05
1.3	-0.94
1.4	-0.78
1.5	-0.58
1.6	-0.39
0	0
0.1	-0.03
0.2	-0.12
0.3	-0.26
0.4	-0.43
0.5	-0.61
0.6	-0.78
0.7	-0.91
0.8	-0.99
0.9	-1
1	-1
1.1	-1
1.2	-1
1.3	-0.97
1.4	-0.88
1.5	-0.74
1.6	-0.57
1.7	-0.37
0	0
0.1	-0.03
0.2	-0.11
0.3	-0.24
0.4	-0.4
0.5	-0.57
0.6	-0.71
0.7	-0.83
0.8	-0.89
0.9	-0.9
1	-0.9
1.1	-0.9
1.2	-0.9
1.3	-0.9
1.4	-0.89
1.5	-0.82
1.6	-0.7
1.7	-0.55
1.8	-0.39
1.9	-0.25
0	0
0.1	-0.02
0.2	-0.09
0.3	-0.21
0.4	-0.34
0.5	-0.49
0.6	-0.62
0.7	-0.73
0.8	-0.79
0.9	-0.8
1	-0.8
1.1	-0.8
1.2	-0.8
1.3	-0.8
1.4	-0.8
1.5	-0.8
1.6	-0.77
1.7	-0.7
1.8	-0.6
1.9	-0.46
2	-0.3
0	0
0.1	-0.03
0.2	-0.09
0.3	-0.2
0.4	-0.34
0.5	-0.49
0.6	-0.64
0.7	-0.73
0.8	-0.79
0.9	-0.8
1	-0.8
1.1	-0.8
1.2	-0.8
1.3	-0.8
1.4	-0.8
1.5	-0.8
1.6	-0.77
1.7	-0.7
1.8	-0.58
1.9	-0.44
2	-0.3
0	0
0.1	-0.03
0.2	-0.09
0.3	-0.22
0.4	-0.36
0.5	-0.5
0.6	-0.64
0.7	-0.74
0.8	-0.79
0.9	-0.8
1	-0.77
1.1	-0.69
1.2	-0.57
1.3	-0.43
1.4	-0.28
0	0
0.1	-0.02
0.2	-0.09
0.3	-0.2
0.4	-0.34
0.5	-0.49
0.6	-0.62
0.7	-0.73
0.8	-0.79
0.9	-0.8
1	-0.77
1.1	-0.69
1.2	-0.57
1.3	-0.43
1.4	-0.28
