Time	Velocity
0	0
0.1	0.03
0.2	0.13
0.3	0.29
0.4	0.48
0.5	0.67
0.6	0.91
0.7	1.11
0.8	1.25
0.9	1.37
1	1.4
1.1	1.4
1.2	1.4
1.3	1.4
1.4	1.38
1.5	1.29
1.6	1.15
1.7	0.96
1.8	0.75
1.9	0.53
2	0.33
2.1	0.16
2.2	0.05
0	0
0.1	-0.02
0.2	-0.08
0.3	-0.16
0.4	-0.28
0.5	-0.4
0.6	-0.52
0.7	-0.63
0.8	-0.72
0.9	-0.78
1	-0.8
1.1	-0.79
1.2	-0.75
1.3	-0.67
1.4	-0.56
1.5	-0.44
1.6	-0.32
1.7	-0.2
0	0
0.1	-0.02
0.2	-0.07
0.3	-0.15
0.4	-0.28
0.5	-0.4
0.6	-0.52
0.7	-0.63
0.8	-0.72
0.9	-0.78
1	-0.8
1.1	-0.79
1.2	-0.75
1.3	-0.67
1.4	-0.56
1.5	-0.44
1.6	-0.32
1.7	-0.2
0	0
0.1	-0.01
0.2	-0.06
0.3	-0.14
0.4	-0.23
0.5	-0.34
0.6	-0.45
0.7	-0.55
0.8	-0.63
0.9	-0.68
1	-0.7
1.1	-0.7
1.2	-0.7
1.3	-0.68
1.4	-0.63
1.5	-0.56
1.6	-0.46
1.7	-0.35
1.8	-0.24
