Time	X	Z
0	7.855	2.268
0.1	7.855	2.268
0.2	7.856	2.27
0.3	7.856	2.27
0.4	7.856	2.27
0.5	7.856	2.27
0.6	7.856	2.27
0.7	7.856	2.27
0.8	7.856	2.27
0.9	7.856	2.27
1	7.856	2.27
1.1	7.856	2.27
1.2	7.856	2.27
1.3	7.856	2.27
1.4	7.856	2.27
1.5	7.856	2.27
1.6	7.856	2.27
1.7	7.856	2.27
1.8	7.856	2.27
1.9	7.856	2.271
2	7.856	2.271
2.1	7.856	2.271
2.2	7.856	2.271
2.3	7.856	2.271
2.4	7.856	2.271
2.5	7.856	2.271
2.6	7.856	2.271
2.7	7.856	2.271
2.8	7.856	2.271
2.9	7.856	2.271
3	7.856	2.271
3.1	7.856	2.271
3.2	7.856	2.271
3.3	7.856	2.271
3.4	7.856	2.271
3.5	7.856	2.271
3.6	7.856	2.271
3.7	7.856	2.271
3.8	7.856	2.271
3.9	7.856	2.271
4	7.856	2.271
4.1	7.856	2.271
4.2	7.856	2.271
4.3	7.856	2.271
4.4	7.856	2.271
4.5	7.856	2.271
4.6	7.856	2.271
4.7	7.856	2.271
4.8	7.856	2.271
4.9	7.856	2.271
5	7.856	2.271
5.1	7.856	2.271
5.2	7.856	2.271
5.3	7.856	2.271
5.4	7.856	2.271
5.5	7.856	2.271
5.6	7.856	2.271
5.7	7.856	2.271
5.8	7.856	2.271
5.9	7.856	2.271
6	7.856	2.271
6.1	7.856	2.271
6.2	7.856	2.271
6.3	7.856	2.271
6.4	7.856	2.271
6.5	7.856	2.271
6.6	7.856	2.271
6.7	7.856	2.271
6.8	7.856	2.272
6.9	7.856	2.271
7	7.856	2.272
7.1	7.856	2.272
7.2	7.856	2.271
7.3	7.856	2.272
7.4	7.856	2.272
7.5	7.856	2.272
7.6	7.856	2.272
7.7	7.856	2.272
7.8	7.856	2.272
7.9	7.856	2.272
8	7.856	2.272
8.1	7.856	2.272
8.2	7.856	2.272
8.3	7.856	2.272
8.4	7.856	2.272
8.5	7.856	2.272
8.6	7.856	2.272
8.7	7.856	2.272
8.8	7.856	2.272
8.9	7.856	2.272
9	7.856	2.272
9.1	7.856	2.272
9.2	7.856	2.272
9.3	7.856	2.272
9.4	7.856	2.272
9.5	7.856	2.272
9.6	7.856	2.272
9.7	7.856	2.272
9.8	7.856	2.272
9.9	7.856	2.272
10	7.856	2.272
10.1	7.856	2.272
10.2	7.856	2.272
10.3	7.856	2.272
10.4	7.856	2.272
10.5	7.856	2.272
10.6	7.856	2.272
10.7	7.856	2.272
10.8	7.856	2.272
10.9	7.856	2.272
11	7.856	2.272
11.1	7.856	2.272
11.2	7.856	2.272
11.3	7.856	2.272
11.4	7.856	2.272
11.5	7.856	2.272
11.6	7.856	2.272
11.7	7.856	2.272
11.8	7.856	2.272
11.9	7.856	2.272
12	7.856	2.272
12.1	7.856	2.272
12.2	7.856	2.272
12.3	7.856	2.272
12.4	7.856	2.272
12.5	7.856	2.272
12.6	7.856	2.272
12.7	7.856	2.272
12.8	7.856	2.272
12.9	7.856	2.272
13	7.856	2.272
13.1	7.856	2.272
13.2	7.856	2.272
13.3	7.856	2.272
13.4	7.856	2.272
13.5	7.856	2.272
13.6	7.856	2.272
13.7	7.856	2.272
13.8	7.856	2.272
13.9	7.856	2.272
14	7.857	2.272
14.1	7.856	2.272
14.2	7.856	2.272
14.3	7.856	2.273
14.4	7.857	2.273
14.5	7.857	2.273
14.6	7.857	2.273
14.7	7.856	2.272
14.8	7.856	2.272
14.9	7.856	2.272
15	7.856	2.272
15.1	7.856	2.272
15.2	7.856	2.272
15.3	7.856	2.272
15.4	7.856	2.272
15.5	7.856	2.272
15.6	7.856	2.272
15.7	7.856	2.272
15.8	7.857	2.272
15.9	7.856	2.272
16	7.857	2.272
16.1	7.857	2.272
16.2	7.857	2.272
16.3	7.857	2.272
16.4	7.856	2.272
16.5	7.857	2.272
16.6	7.856	2.272
16.7	7.856	2.272
16.8	7.856	2.272
16.9	7.856	2.272
17	7.856	2.272
17.1	7.856	2.272
17.2	7.857	2.272
17.3	7.857	2.272
17.4	7.857	2.272
17.5	7.857	2.272
17.6	7.857	2.272
17.7	7.857	2.272
17.8	7.857	2.272
17.9	7.857	2.272
18	7.856	2.272
18.1	7.856	2.272
18.2	7.856	2.272
18.3	7.856	2.272
18.4	7.856	2.272
18.5	7.856	2.272
18.6	7.857	2.272
18.7	7.857	2.273
18.8	7.857	2.272
18.9	7.857	2.272
19	7.857	2.272
19.1	7.857	2.272
19.2	7.857	2.272
19.3	7.857	2.272
19.4	7.857	2.272
19.5	7.857	2.272
19.6	7.857	2.272
19.7	7.857	2.272
19.8	7.857	2.272
19.9	7.857	2.272
20	7.857	2.273
20.1	7.857	2.273
20.2	7.857	2.273
20.3	7.857	2.273
20.4	7.857	2.273
20.5	7.857	2.273
20.6	7.857	2.273
20.7	7.856	2.273
20.8	7.856	2.272
20.9	7.856	2.272
21	7.857	2.272
21.1	7.857	2.273
21.2	7.857	2.273
21.3	7.857	2.273
21.4	7.856	2.272
21.5	7.857	2.273
21.6	7.856	2.272
21.7	7.857	2.272
21.8	7.857	2.272
21.9	7.857	2.272
22	7.857	2.273
22.1	7.856	2.273
22.2	7.857	2.273
22.3	7.857	2.273
22.4	7.856	2.273
22.5	7.857	2.272
22.6	7.857	2.273
22.7	7.857	2.273
22.8	7.857	2.273
22.9	7.857	2.273
23	7.857	2.273
23.1	7.857	2.273
23.2	7.857	2.273
23.3	7.857	2.273
23.4	7.857	2.273
23.5	7.857	2.273
23.6	7.857	2.273
23.7	7.857	2.273
23.8	7.856	2.273
23.9	7.857	2.273
24	7.857	2.273
24.1	7.857	2.273
24.2	7.856	2.273
24.3	7.857	2.273
24.4	7.857	2.273
24.5	7.856	2.273
24.6	7.857	2.273
24.7	7.857	2.273
24.8	7.857	2.273
24.9	7.856	2.273
25	7.857	2.273
25.1	7.857	2.273
25.2	7.857	2.273
25.3	7.856	2.273
25.4	7.856	2.273
25.5	7.857	2.273
25.6	7.856	2.273
25.7	7.856	2.273
25.8	7.857	2.273
25.9	7.857	2.273
26	7.856	2.273
26.1	7.856	2.273
26.2	7.856	2.273
26.3	7.857	2.273
26.4	7.857	2.273
26.5	7.856	2.273
26.6	7.856	2.273
26.7	7.857	2.273
26.8	7.856	2.273
26.9	7.856	2.273
27	7.856	2.273
27.1	7.856	2.273
27.2	7.856	2.273
27.3	7.857	2.273
27.4	7.857	2.273
27.5	7.856	2.273
27.6	7.856	2.273
27.7	7.856	2.273
27.8	7.856	2.273
27.9	7.856	2.273
28	7.856	2.273
28.1	7.856	2.273
28.2	7.856	2.273
28.3	7.856	2.273
28.4	7.857	2.273
28.5	7.856	2.273
28.6	7.856	2.273
28.7	7.856	2.273
28.8	7.856	2.273
28.9	7.856	2.273
29	7.856	2.273
29.1	7.856	2.273
29.2	7.857	2.273
29.3	7.857	2.273
29.4	7.856	2.273
29.5	7.857	2.273
29.6	7.856	2.273
29.7	7.856	2.273
29.8	7.856	2.273
29.9	7.857	2.273
30	7.857	2.273
30.1	7.856	2.273
30.2	7.856	2.273
30.3	7.856	2.273
30.4	7.856	2.273
30.5	7.856	2.273
30.6	7.857	2.273
30.7	7.856	2.273
30.8	7.856	2.273
30.9	7.856	2.273
31	7.856	2.273
31.1	7.856	2.273
31.2	7.856	2.273
31.3	7.856	2.273
31.4	7.857	2.273
31.5	7.857	2.273
31.6	7.857	2.273
31.7	7.857	2.273
31.8	7.856	2.273
31.9	7.857	2.273
32	7.857	2.273
32.1	7.857	2.273
32.2	7.857	2.273
32.3	7.857	2.273
32.4	7.857	2.273
32.5	7.856	2.273
32.6	7.856	2.273
32.7	7.857	2.273
32.8	7.856	2.273
32.9	7.856	2.273
33	7.856	2.273
33.1	7.856	2.273
33.2	7.857	2.273
33.3	7.857	2.273
33.4	7.856	2.273
33.5	7.856	2.273
33.6	7.856	2.273
33.7	7.856	2.273
33.8	7.857	2.273
33.9	7.857	2.273
34	7.857	2.273
34.1	7.857	2.273
34.2	7.857	2.273
34.3	7.857	2.273
34.4	7.857	2.273
34.5	7.857	2.274
34.6	7.856	2.273
34.7	7.856	2.273
34.8	7.857	2.273
34.9	7.857	2.273
35	7.857	2.273
35.1	7.857	2.273
35.2	7.857	2.273
35.3	7.857	2.273
35.4	7.857	2.273
35.5	7.857	2.273
35.6	7.857	2.273
35.7	7.857	2.273
35.8	7.857	2.273
35.9	7.857	2.273
36	7.857	2.273
36.1	7.857	2.273
36.2	7.857	2.273
36.3	7.857	2.273
36.4	7.857	2.273
36.5	7.857	2.273
36.6	7.857	2.273
36.7	7.857	2.273
36.8	7.857	2.274
36.9	7.857	2.274
37	7.857	2.274
37.1	7.857	2.274
37.2	7.857	2.274
37.3	7.857	2.274
37.4	7.857	2.274
37.5	7.857	2.273
37.6	7.856	2.273
37.7	7.857	2.274
37.8	7.857	2.274
37.9	7.857	2.273
38	7.857	2.273
38.1	7.857	2.273
38.2	7.857	2.273
38.3	7.857	2.274
38.4	7.857	2.273
38.5	7.857	2.274
38.6	7.857	2.273
38.7	7.857	2.273
38.8	7.856	2.273
38.9	7.856	2.273
39	7.857	2.273
39.1	7.857	2.273
39.2	7.857	2.273
39.3	7.857	2.273
39.4	7.857	2.273
39.5	7.857	2.273
39.6	7.857	2.273
39.7	7.857	2.273
39.8	7.857	2.273
39.9	7.857	2.273
40	7.856	2.273
40.1	7.856	2.273
40.2	7.857	2.273
40.3	7.857	2.273
40.4	7.857	2.273
40.5	7.857	2.273
40.6	7.857	2.273
40.7	7.856	2.273
40.8	7.857	2.273
40.9	7.857	2.273
41	7.857	2.273
41.1	7.857	2.273
41.2	7.857	2.273
41.3	7.856	2.273
41.4	7.856	2.273
41.5	7.856	2.273
41.6	7.856	2.273
41.7	7.856	2.273
41.8	7.856	2.273
41.9	7.857	2.273
42	7.857	2.273
42.1	7.857	2.273
42.2	7.856	2.273
42.3	7.856	2.273
42.4	7.857	2.273
42.5	7.856	2.273
42.6	7.857	2.273
42.7	7.857	2.273
42.8	7.857	2.273
42.9	7.856	2.273
43	7.856	2.273
43.1	7.856	2.273
43.2	7.856	2.273
43.3	7.856	2.273
43.4	7.857	2.273
43.5	7.856	2.273
43.6	7.856	2.273
43.7	7.856	2.273
43.8	7.857	2.273
43.9	7.857	2.273
44	7.856	2.273
44.1	7.857	2.273
44.2	7.856	2.273
44.3	7.857	2.273
44.4	7.857	2.273
44.5	7.857	2.273
44.6	7.857	2.273
44.7	7.856	2.273
44.8	7.856	2.273
44.9	7.856	2.273
45	7.856	2.273
45.1	7.856	2.273
45.2	7.856	2.273
45.3	7.857	2.272
45.4	7.856	2.272
45.5	7.856	2.272
45.6	7.856	2.272
45.7	7.856	2.272
45.8	7.856	2.273
45.9	7.856	2.272
46	7.856	2.272
46.1	7.856	2.273
46.2	7.856	2.272
46.3	7.856	2.272
46.4	7.856	2.272
46.5	7.856	2.272
46.6	7.856	2.272
46.7	7.856	2.272
46.8	7.857	2.272
46.9	7.857	2.272
47	7.857	2.272
47.1	7.856	2.272
47.2	7.856	2.272
47.3	7.857	2.272
47.4	7.856	2.272
47.5	7.857	2.272
47.6	7.857	2.272
47.7	7.857	2.272
47.8	7.856	2.272
47.9	7.856	2.272
48	7.857	2.273
48.1	7.856	2.273
48.2	7.857	2.272
48.3	7.856	2.272
48.4	7.857	2.272
48.5	7.856	2.272
48.6	7.856	2.272
48.7	7.856	2.272
48.8	7.856	2.272
48.9	7.856	2.272
49	7.856	2.272
49.1	7.856	2.272
49.2	7.856	2.272
49.3	7.856	2.272
49.4	7.856	2.272
49.5	7.856	2.272
49.6	7.856	2.272
49.7	7.856	2.272
49.8	7.856	2.272
49.9	7.856	2.272
50	7.856	2.272
50.1	7.856	2.272
50.2	7.855	2.272
50.3	7.855	2.271
50.4	7.855	2.271
50.5	7.855	2.271
50.6	7.855	2.271
50.7	7.855	2.271
50.8	7.855	2.272
50.9	7.855	2.272
51	7.855	2.272
51.1	7.855	2.272
51.2	7.855	2.271
51.3	7.855	2.272
51.4	7.855	2.271
51.5	7.855	2.272
51.6	7.855	2.272
51.7	7.855	2.272
51.8	7.855	2.272
51.9	7.855	2.272
52	7.855	2.272
52.1	7.855	2.272
52.2	7.855	2.272
52.3	7.855	2.272
52.4	7.855	2.272
52.5	7.855	2.272
52.6	7.855	2.272
52.7	7.855	2.272
52.8	7.855	2.272
52.9	7.855	2.272
53	7.855	2.272
53.1	7.855	2.272
53.2	7.855	2.272
53.3	7.855	2.272
53.4	7.855	2.272
53.5	7.855	2.272
53.6	7.855	2.272
53.7	7.855	2.272
53.8	7.855	2.272
53.9	7.855	2.272
54	7.855	2.272
54.1	7.855	2.272
54.2	7.855	2.272
54.3	7.855	2.272
54.4	7.855	2.272
54.5	7.855	2.272
54.6	7.855	2.272
54.7	7.855	2.273
54.8	7.855	2.273
54.9	7.855	2.272
55	7.855	2.272
55.1	7.855	2.272
55.2	7.855	2.273
55.3	7.855	2.273
55.4	7.855	2.273
55.5	7.855	2.273
55.6	7.855	2.273
55.7	7.855	2.273
55.8	7.855	2.273
55.9	7.855	2.273
56	7.855	2.273
56.1	7.855	2.273
56.2	7.855	2.273
56.3	7.855	2.273
56.4	7.855	2.273
56.5	7.855	2.273
56.6	7.855	2.273
56.7	7.855	2.273
56.8	7.855	2.273
56.9	7.855	2.273
57	7.855	2.273
57.1	7.855	2.273
57.2	7.855	2.273
57.3	7.855	2.273
57.4	7.855	2.274
57.5	7.856	2.274
57.6	7.856	2.274
57.7	7.855	2.273
57.8	7.855	2.274
57.9	7.855	2.274
58	7.855	2.274
58.1	7.855	2.274
58.2	7.855	2.274
58.3	7.855	2.274
58.4	7.855	2.273
58.5	7.855	2.274
58.6	7.855	2.273
58.7	7.855	2.274
58.8	7.855	2.274
58.9	7.855	2.274
59	7.855	2.274
59.1	7.855	2.274
59.2	7.855	2.274
59.3	7.855	2.274
59.4	7.855	2.274
59.5	7.855	2.274
59.6	7.855	2.273
59.7	7.855	2.274
59.8	7.855	2.274
59.9	7.855	2.274
60	7.855	2.274
60.1	7.855	2.273
60.2	7.855	2.274
60.3	7.855	2.274
60.4	7.855	2.274
60.5	7.855	2.274
60.6	7.855	2.274
60.7	7.855	2.274
60.8	7.855	2.274
60.9	7.855	2.274
61	7.855	2.274
61.1	7.855	2.274
61.2	7.855	2.274
61.3	7.855	2.273
61.4	7.855	2.273
61.5	7.855	2.273
61.6	7.855	2.273
61.7	7.855	2.274
61.8	7.855	2.273
61.9	7.855	2.274
62	7.855	2.274
62.1	7.855	2.273
62.2	7.855	2.274
62.3	7.855	2.273
62.4	7.855	2.273
62.5	7.855	2.273
62.6	7.855	2.273
62.7	7.855	2.274
62.8	7.855	2.274
62.9	7.855	2.273
63	7.855	2.273
63.1	7.855	2.273
63.2	7.855	2.273
63.3	7.855	2.273
63.4	7.855	2.273
63.5	7.855	2.273
63.6	7.855	2.273
63.7	7.855	2.273
63.8	7.855	2.273
63.9	7.855	2.273
64	7.855	2.273
64.1	7.855	2.273
64.2	7.855	2.273
64.3	7.855	2.273
64.4	7.855	2.273
64.5	7.855	2.273
64.6	7.855	2.273
64.7	7.855	2.273
64.8	7.855	2.273
64.9	7.855	2.273
65	7.855	2.273
65.1	7.855	2.273
65.2	7.855	2.273
65.3	7.855	2.273
65.4	7.855	2.273
65.5	7.855	2.273
65.6	7.855	2.273
65.7	7.855	2.273
65.8	7.855	2.273
65.9	7.855	2.272
66	7.855	2.272
66.1	7.855	2.272
66.2	7.855	2.272
66.3	7.855	2.272
66.4	7.855	2.272
66.5	7.855	2.272
66.6	7.855	2.272
66.7	7.855	2.272
66.8	7.855	2.272
66.9	7.855	2.272
67	7.855	2.272
67.1	7.855	2.272
67.2	7.855	2.272
67.3	7.855	2.272
67.4	7.855	2.272
67.5	7.855	2.272
67.6	7.855	2.272
67.7	7.855	2.272
67.8	7.855	2.272
67.9	7.855	2.272
68	7.855	2.272
68.1	7.855	2.272
68.2	7.855	2.271
68.3	7.855	2.271
68.4	7.855	2.271
68.5	7.855	2.271
68.6	7.855	2.271
68.7	7.855	2.271
68.8	7.855	2.271
68.9	7.855	2.271
69	7.855	2.271
69.1	7.855	2.271
69.2	7.855	2.271
69.3	7.855	2.271
69.4	7.855	2.271
69.5	7.855	2.271
69.6	7.855	2.271
69.7	7.855	2.271
69.8	7.855	2.271
69.9	7.855	2.271
70	7.855	2.271
70.1	7.855	2.271
70.2	7.855	2.271
70.3	7.855	2.271
70.4	7.855	2.271
70.5	7.855	2.271
70.6	7.855	2.271
70.7	7.855	2.271
70.8	7.855	2.271
70.9	7.855	2.271
71	7.855	2.271
71.1	7.855	2.271
71.2	7.855	2.271
71.3	7.855	2.271
71.4	7.855	2.271
71.5	7.855	2.271
71.6	7.855	2.271
71.7	7.855	2.271
71.8	7.855	2.271
71.9	7.855	2.271
72	7.855	2.271
72.1	7.855	2.271
72.2	7.855	2.271
72.3	7.855	2.271
72.4	7.855	2.271
72.5	7.855	2.271
72.6	7.855	2.271
72.7	7.855	2.271
72.8	7.855	2.271
72.9	7.855	2.271
73	7.855	2.271
73.1	7.855	2.271
73.2	7.855	2.271
73.3	7.855	2.271
73.4	7.855	2.271
73.5	7.855	2.271
73.6	7.855	2.271
73.7	7.855	2.271
73.8	7.855	2.271
73.9	7.855	2.271
74	7.855	2.271
74.1	7.855	2.271
74.2	7.855	2.271
74.3	7.855	2.271
74.4	7.855	2.271
74.5	7.855	2.271
74.6	7.855	2.271
74.7	7.855	2.271
74.8	7.855	2.271
74.9	7.855	2.271
75	7.855	2.271
75.1	7.855	2.271
75.2	7.855	2.271
75.3	7.855	2.271
75.4	7.855	2.271
75.5	7.855	2.271
75.6	7.855	2.271
75.7	7.855	2.271
75.8	7.855	2.271
75.9	7.855	2.271
76	7.855	2.271
76.1	7.855	2.271
76.2	7.855	2.271
76.3	7.855	2.271
76.4	7.855	2.271
76.5	7.855	2.271
76.6	7.855	2.271
76.7	7.855	2.271
76.8	7.855	2.271
76.9	7.855	2.271
77	7.855	2.271
77.1	7.855	2.271
77.2	7.855	2.271
77.3	7.855	2.271
77.4	7.855	2.271
77.5	7.855	2.271
77.6	7.855	2.271
77.7	7.855	2.271
77.8	7.855	2.271
77.9	7.855	2.271
78	7.855	2.271
78.1	7.855	2.271
78.2	7.855	2.271
78.3	7.855	2.271
78.4	7.855	2.271
78.5	7.855	2.271
78.6	7.855	2.271
78.7	7.855	2.271
78.8	7.855	2.272
78.9	7.855	2.271
79	7.855	2.271
79.1	7.855	2.271
79.2	7.855	2.272
79.3	7.855	2.271
79.4	7.855	2.271
79.5	7.855	2.271
79.6	7.855	2.271
79.7	7.855	2.271
79.8	7.855	2.271
79.9	7.855	2.271
80	7.855	2.271
80.1	7.855	2.272
80.2	7.855	2.271
80.3	7.855	2.271
80.4	7.855	2.271
80.5	7.855	2.271
80.6	7.855	2.272
80.7	7.855	2.271
80.8	7.855	2.271
80.9	7.855	2.271
81	7.855	2.271
81.1	7.855	2.271
81.2	7.855	2.272
81.3	7.855	2.271
81.4	7.855	2.272
81.5	7.855	2.271
81.6	7.855	2.271
81.7	7.855	2.272
81.8	7.855	2.272
81.9	7.855	2.272
82	7.855	2.272
82.1	7.855	2.272
82.2	7.855	2.272
82.3	7.855	2.272
82.4	7.855	2.271
82.5	7.855	2.272
82.6	7.855	2.272
82.7	7.855	2.271
82.8	7.855	2.272
82.9	7.855	2.272
83	7.855	2.272
83.1	7.855	2.272
83.2	7.855	2.272
83.3	7.855	2.272
83.4	7.855	2.272
83.5	7.855	2.271
83.6	7.855	2.272
83.7	7.855	2.272
83.8	7.855	2.272
83.9	7.855	2.272
84	7.855	2.272
84.1	7.855	2.272
84.2	7.855	2.272
84.3	7.855	2.272
84.4	7.855	2.272
84.5	7.855	2.272
84.6	7.855	2.272
84.7	7.855	2.272
84.8	7.855	2.272
84.9	7.855	2.272
85	7.855	2.272
85.1	7.855	2.272
85.2	7.855	2.272
85.3	7.855	2.272
85.4	7.855	2.272
85.5	7.855	2.272
85.6	7.855	2.272
85.7	7.855	2.272
85.8	7.855	2.272
85.9	7.855	2.272
86	7.855	2.272
86.1	7.855	2.272
86.2	7.855	2.272
86.3	7.855	2.272
86.4	7.855	2.272
86.5	7.855	2.272
86.6	7.855	2.272
86.7	7.855	2.272
86.8	7.855	2.272
86.9	7.855	2.272
87	7.855	2.271
87.1	7.855	2.272
87.2	7.855	2.272
87.3	7.855	2.272
87.4	7.855	2.272
87.5	7.855	2.272
87.6	7.855	2.272
87.7	7.855	2.272
87.8	7.855	2.272
87.9	7.855	2.272
88	7.855	2.272
88.1	7.855	2.272
88.2	7.855	2.272
88.3	7.855	2.272
88.4	7.855	2.272
88.5	7.855	2.272
88.6	7.855	2.272
88.7	7.855	2.272
88.8	7.855	2.272
88.9	7.855	2.272
89	7.855	2.272
89.1	7.855	2.272
89.2	7.855	2.272
89.3	7.855	2.272
89.4	7.855	2.272
89.5	7.855	2.272
89.6	7.855	2.272
89.7	7.855	2.272
89.8	7.855	2.272
89.9	7.855	2.272
90	7.855	2.272
90.1	7.855	2.271
90.2	7.855	2.272
90.3	7.855	2.272
90.4	7.855	2.272
90.5	7.855	2.272
90.6	7.855	2.272
90.7	7.855	2.272
90.8	7.855	2.271
90.9	7.855	2.272
91	7.855	2.272
91.1	7.855	2.272
91.2	7.855	2.272
91.3	7.855	2.272
91.4	7.855	2.272
91.5	7.855	2.272
91.6	7.855	2.272
91.7	7.855	2.272
91.8	7.855	2.272
91.9	7.855	2.272
92	7.855	2.272
92.1	7.855	2.272
92.2	7.855	2.272
92.3	7.855	2.272
92.4	7.854	2.272
92.5	7.854	2.272
92.6	7.855	2.272
92.7	7.855	2.272
92.8	7.855	2.272
92.9	7.855	2.272
93	7.855	2.272
93.1	7.855	2.272
93.2	7.855	2.272
93.3	7.855	2.272
93.4	7.855	2.272
93.5	7.855	2.272
93.6	7.855	2.272
93.7	7.855	2.272
93.8	7.855	2.272
93.9	7.855	2.272
94	7.855	2.272
94.1	7.855	2.272
94.2	7.855	2.272
94.3	7.855	2.272
94.4	7.855	2.272
94.5	7.855	2.272
94.6	7.855	2.272
94.7	7.855	2.272
94.8	7.855	2.272
94.9	7.855	2.272
95	7.855	2.272
95.1	7.855	2.272
95.2	7.855	2.272
95.3	7.855	2.272
95.4	7.855	2.272
95.5	7.855	2.272
95.6	7.855	2.272
95.7	7.855	2.272
95.8	7.855	2.272
95.9	7.855	2.272
96	7.855	2.272
96.1	7.855	2.272
96.2	7.855	2.272
96.3	7.855	2.272
96.4	7.855	2.272
96.5	7.855	2.272
96.6	7.855	2.272
96.7	7.855	2.272
96.8	7.855	2.272
96.9	7.855	2.272
97	7.855	2.272
97.1	7.855	2.272
97.2	7.855	2.272
97.3	7.855	2.272
97.4	7.855	2.272
97.5	7.855	2.272
97.6	7.855	2.272
97.7	7.855	2.272
97.8	7.855	2.272
97.9	7.855	2.272
98	7.855	2.272
98.1	7.856	2.272
98.2	7.856	2.272
98.3	7.857	2.272
98.4	7.857	2.273
98.5	7.857	2.273
98.6	7.858	2.273
98.7	7.859	2.273
98.8	7.859	2.273
98.9	7.86	2.273
99	7.86	2.273
99.1	7.86	2.273
99.2	7.86	2.273
99.3	7.859	2.273
99.4	7.858	2.273
99.5	7.858	2.273
99.6	7.858	2.273
99.7	7.858	2.273
99.8	7.857	2.273
99.9	7.857	2.273
100	7.857	2.273
100.1	7.856	2.273
100.2	7.856	2.272
100.3	7.855	2.272
100.4	7.854	2.272
100.5	7.854	2.272
100.6	7.854	2.272
100.7	7.854	2.272
100.8	7.853	2.272
100.9	7.854	2.272
101	7.854	2.272
101.1	7.854	2.272
101.2	7.853	2.272
101.3	7.853	2.272
101.4	7.852	2.272
101.5	7.852	2.272
101.6	7.853	2.272
101.7	7.853	2.272
101.8	7.853	2.272
101.9	7.853	2.272
102	7.855	2.272
102.1	7.855	2.272
102.2	7.855	2.272
102.3	7.855	2.272
102.4	7.855	2.272
102.5	7.855	2.272
102.6	7.855	2.272
102.7	7.856	2.272
102.8	7.856	2.273
102.9	7.857	2.272
103	7.857	2.273
103.1	7.858	2.273
103.2	7.858	2.273
103.3	7.858	2.273
103.4	7.859	2.273
103.5	7.859	2.273
103.6	7.859	2.273
103.7	7.859	2.273
103.8	7.859	2.273
103.9	7.859	2.273
104	7.859	2.273
104.1	7.859	2.273
104.2	7.859	2.273
104.3	7.858	2.273
104.4	7.857	2.273
104.5	7.856	2.273
104.6	7.855	2.272
104.7	7.855	2.272
104.8	7.855	2.272
104.9	7.854	2.272
105	7.854	2.272
105.1	7.853	2.272
105.2	7.853	2.272
105.3	7.852	2.272
105.4	7.855	2.272
105.5	7.855	2.272
105.6	7.855	2.272
105.7	7.855	2.272
105.8	7.855	2.272
105.9	7.855	2.272
106	7.855	2.272
106.1	7.855	2.272
106.2	7.855	2.272
106.3	7.855	2.272
106.4	7.855	2.272
106.5	7.855	2.272
106.6	7.855	2.272
106.7	7.855	2.272
106.8	7.855	2.272
106.9	7.855	2.272
107	7.855	2.272
107.1	7.855	2.272
107.2	7.855	2.272
107.3	7.855	2.272
107.4	7.855	2.272
107.5	7.855	2.272
107.6	7.855	2.272
107.7	7.855	2.272
107.8	7.855	2.272
107.9	7.855	2.272
108	7.855	2.272
108.1	7.855	2.272
108.2	7.855	2.272
108.3	7.855	2.272
108.4	7.855	2.272
108.5	7.855	2.272
108.6	7.855	2.272
108.7	7.855	2.272
108.8	7.855	2.272
108.9	7.855	2.272
109	7.855	2.272
109.1	7.854	2.272
109.2	7.854	2.272
109.3	7.854	2.272
109.4	7.854	2.272
109.5	7.854	2.272
109.6	7.854	2.272
109.7	7.854	2.272
109.8	7.855	2.272
109.9	7.855	2.272
110	7.855	2.272
110.1	7.855	2.272
110.2	7.855	2.272
110.3	7.855	2.272
110.4	7.855	2.272
110.5	7.855	2.272
110.6	7.855	2.272
110.7	7.855	2.272
110.8	7.855	2.272
110.9	7.855	2.272
111	7.855	2.272
111.1	7.855	2.272
111.2	7.855	2.272
111.3	7.854	2.272
111.4	7.854	2.272
111.5	7.854	2.272
111.6	7.855	2.272
111.7	7.855	2.272
111.8	7.855	2.272
111.9	7.855	2.272
112	7.855	2.272
112.1	7.855	2.272
112.2	7.855	2.272
112.3	7.855	2.272
112.4	7.855	2.272
112.5	7.855	2.272
112.6	7.855	2.272
112.7	7.855	2.272
112.8	7.855	2.272
112.9	7.855	2.272
113	7.855	2.272
113.1	7.855	2.273
113.2	7.855	2.272
113.3	7.855	2.272
113.4	7.855	2.273
113.5	7.855	2.272
113.6	7.855	2.273
113.7	7.855	2.273
113.8	7.855	2.272
113.9	7.848	2.267
114	7.849	2.267
114.1	7.849	2.267
114.2	7.849	2.267
114.3	7.849	2.268
114.4	7.848	2.267
114.5	7.848	2.267
114.6	7.848	2.267
114.7	7.848	2.267
114.8	7.847	2.267
114.9	7.847	2.267
115	7.846	2.267
115.1	7.846	2.267
115.2	7.845	2.267
115.3	7.844	2.267
115.4	7.843	2.266
115.5	7.843	2.266
115.6	7.841	2.266
115.7	7.84	2.266
115.8	7.839	2.266
115.9	7.839	2.265
116	7.837	2.265
116.1	7.836	2.265
116.2	7.836	2.265
116.3	7.836	2.265
116.4	7.836	2.265
116.5	7.837	2.265
116.6	7.837	2.265
116.7	7.837	2.265
116.8	7.837	2.265
116.9	7.837	2.265
117	7.837	2.265
117.1	7.837	2.265
117.2	7.837	2.265
117.3	7.837	2.265
117.4	7.837	2.265
117.5	7.838	2.265
117.6	7.838	2.265
117.7	7.838	2.265
117.8	7.838	2.265
117.9	7.837	2.265
118	7.838	2.265
118.1	7.839	2.265
118.2	7.839	2.265
118.3	7.839	2.265
118.4	7.839	2.266
118.5	7.839	2.266
118.6	7.84	2.266
118.7	7.84	2.266
118.8	7.84	2.266
118.9	7.839	2.265
119	7.84	2.265
119.1	7.841	2.266
119.2	7.84	2.266
119.3	7.84	2.266
119.4	7.84	2.266
119.5	7.84	2.266
119.6	7.839	2.265
119.7	7.84	2.266
119.8	7.84	2.266
119.9	7.84	2.265
120	7.841	2.266
120.1	7.841	2.266
120.2	7.841	2.266
120.3	7.842	2.266
120.4	7.842	2.266
120.5	7.84	2.266
120.6	7.84	2.266
120.7	7.841	2.266
120.8	7.841	2.266
120.9	7.841	2.266
121	7.841	2.266
121.1	7.841	2.266
121.2	7.84	2.266
121.3	7.84	2.266
121.4	7.84	2.265
121.5	7.839	2.265
121.6	7.839	2.265
121.7	7.84	2.265
121.8	7.839	2.265
121.9	7.839	2.265
122	7.839	2.265
122.1	7.839	2.265
122.2	7.84	2.266
122.3	7.841	2.266
122.4	7.843	2.266
122.5	7.843	2.266
122.6	7.843	2.266
122.7	7.843	2.266
122.8	7.844	2.266
122.9	7.845	2.266
123	7.845	2.266
123.1	7.844	2.266
123.2	7.845	2.266
123.3	7.845	2.266
123.4	7.845	2.267
123.5	7.846	2.267
123.6	7.846	2.267
123.7	7.846	2.267
123.8	7.846	2.267
123.9	7.846	2.267
124	7.845	2.266
124.1	7.844	2.266
124.2	7.844	2.266
124.3	7.842	2.266
124.4	7.841	2.266
124.5	7.848	2.267
124.6	7.848	2.267
124.7	7.848	2.267
124.8	7.848	2.267
124.9	7.848	2.267
125	7.848	2.267
125.1	7.848	2.267
125.2	7.848	2.267
125.3	7.848	2.267
125.4	7.848	2.267
125.5	7.848	2.267
125.6	7.848	2.267
125.7	7.848	2.267
125.8	7.848	2.267
125.9	7.848	2.267
126	7.848	2.267
126.1	7.848	2.267
126.2	7.848	2.267
126.3	7.848	2.267
126.4	7.848	2.267
126.5	7.848	2.267
126.6	7.848	2.267
126.7	7.848	2.267
126.8	7.848	2.267
126.9	7.848	2.267
127	7.848	2.267
127.1	7.848	2.267
127.2	7.848	2.267
127.3	7.848	2.267
127.4	7.848	2.267
127.5	7.848	2.267
127.6	7.848	2.267
127.7	7.848	2.267
127.8	7.848	2.267
127.9	7.848	2.267
128	7.848	2.267
128.1	7.848	2.266
128.2	7.848	2.266
128.3	7.848	2.266
128.4	7.848	2.266
128.5	7.848	2.266
128.6	7.848	2.266
128.7	7.848	2.267
128.8	7.848	2.267
128.9	7.848	2.267
129	7.848	2.267
129.1	7.848	2.267
129.2	7.848	2.266
129.3	7.848	2.267
129.4	7.848	2.267
129.5	7.848	2.267
129.6	7.848	2.267
129.7	7.848	2.267
129.8	7.848	2.267
129.9	7.848	2.267
130	7.848	2.267
130.1	7.848	2.267
130.2	7.848	2.267
130.3	7.848	2.267
130.4	7.848	2.267
130.5	7.848	2.267
130.6	7.848	2.267
130.7	7.848	2.267
130.8	7.848	2.267
130.9	7.848	2.267
131	7.848	2.267
131.1	7.848	2.267
131.2	7.848	2.267
131.3	7.848	2.267
131.4	7.848	2.267
131.5	7.848	2.267
131.6	7.848	2.267
131.7	7.848	2.267
131.8	7.848	2.267
131.9	7.848	2.267
132	7.848	2.267
132.1	7.848	2.267
132.2	7.848	2.267
132.3	7.848	2.267
132.4	7.848	2.267
132.5	7.848	2.267
132.6	7.848	2.267
132.7	7.848	2.267
132.8	7.848	2.267
132.9	7.848	2.267
133	7.848	2.267
133.1	7.848	2.267
133.2	7.848	2.267
133.3	7.848	2.267
133.4	7.848	2.267
133.5	7.848	2.267
133.6	7.848	2.267
133.7	7.848	2.267
133.8	7.848	2.267
133.9	7.848	2.267
134	7.848	2.267
134.1	7.848	2.267
134.2	7.848	2.267
134.3	7.848	2.267
134.4	7.848	2.267
134.5	7.848	2.267
134.6	7.848	2.267
134.7	7.848	2.267
134.8	7.848	2.267
134.9	7.848	2.267
135	7.848	2.267
135.1	7.848	2.267
135.2	7.848	2.267
135.3	7.848	2.267
135.4	7.848	2.267
135.5	7.848	2.267
135.6	7.848	2.267
135.7	7.848	2.267
135.8	7.848	2.267
135.9	7.848	2.267
136	7.848	2.267
136.1	7.848	2.267
136.2	7.848	2.267
136.3	7.848	2.267
136.4	7.848	2.267
136.5	7.848	2.267
136.6	7.848	2.267
136.7	7.848	2.267
136.8	7.848	2.267
136.9	7.848	2.267
137	7.848	2.267
137.1	7.848	2.267
137.2	7.848	2.267
137.3	7.848	2.267
137.4	7.848	2.267
137.5	7.848	2.267
137.6	7.848	2.267
137.7	7.848	2.267
137.8	7.848	2.267
137.9	7.848	2.267
138	7.848	2.267
138.1	7.848	2.267
138.2	7.848	2.267
138.3	7.848	2.267
138.4	7.848	2.267
138.5	7.848	2.267
138.6	7.848	2.267
138.7	7.848	2.267
138.8	7.848	2.267
138.9	7.848	2.267
139	7.848	2.267
139.1	7.848	2.267
139.2	7.848	2.267
139.3	7.848	2.267
139.4	7.848	2.267
139.5	7.848	2.267
139.6	7.848	2.267
139.7	7.848	2.267
139.8	7.848	2.267
139.9	7.848	2.267
140	7.848	2.267
140.1	7.848	2.267
140.2	7.848	2.267
140.3	7.848	2.267
140.4	7.848	2.267
140.5	7.848	2.267
140.6	7.848	2.267
140.7	7.848	2.267
140.8	7.848	2.267
140.9	7.848	2.267
141	7.848	2.267
141.1	7.848	2.267
141.2	7.848	2.267
141.3	7.848	2.267
141.4	7.848	2.267
141.5	7.848	2.267
141.6	7.848	2.267
141.7	7.848	2.267
141.8	7.848	2.267
141.9	7.848	2.267
142	7.848	2.267
142.1	7.848	2.267
142.2	7.848	2.267
142.3	7.848	2.267
142.4	7.848	2.267
142.5	7.848	2.267
142.6	7.848	2.267
142.7	7.848	2.267
142.8	7.848	2.267
142.9	7.848	2.267
143	7.848	2.267
143.1	7.848	2.267
143.2	7.848	2.267
143.3	7.848	2.267
143.4	7.848	2.267
143.5	7.848	2.267
143.6	7.848	2.267
143.7	7.848	2.267
143.8	7.848	2.267
143.9	7.848	2.267
144	7.848	2.267
144.1	7.848	2.267
144.2	7.848	2.267
144.3	7.848	2.267
144.4	7.848	2.267
144.5	7.848	2.267
144.6	7.848	2.267
144.7	7.848	2.267
144.8	7.848	2.267
144.9	7.848	2.267
145	7.848	2.267
145.1	7.848	2.267
145.2	7.848	2.267
145.3	7.848	2.267
145.4	7.848	2.267
145.5	7.848	2.267
145.6	7.848	2.267
145.7	7.848	2.267
145.8	7.848	2.267
145.9	7.848	2.267
146	7.848	2.267
146.1	7.848	2.267
146.2	7.848	2.267
146.3	7.848	2.267
146.4	7.848	2.267
146.5	7.848	2.267
146.6	7.848	2.267
146.7	7.848	2.267
146.8	7.848	2.267
146.9	7.848	2.267
147	7.848	2.267
147.1	7.848	2.267
147.2	7.848	2.267
147.3	7.848	2.267
147.4	7.848	2.267
147.5	7.848	2.267
147.6	7.848	2.267
147.7	7.848	2.267
147.8	7.848	2.267
147.9	7.848	2.267
148	7.848	2.267
148.1	7.848	2.267
148.2	7.848	2.267
148.3	7.848	2.267
148.4	7.848	2.267
148.5	7.848	2.267
148.6	7.848	2.267
148.7	7.848	2.267
148.8	7.848	2.267
148.9	7.848	2.267
149	7.848	2.267
149.1	7.848	2.267
149.2	7.848	2.267
149.3	7.848	2.267
149.4	7.848	2.267
149.5	7.848	2.267
149.6	7.848	2.267
149.7	7.848	2.267
149.8	7.848	2.267
149.9	7.848	2.267
150	7.848	2.267
150.1	7.848	2.267
150.2	7.848	2.267
150.3	7.848	2.267
150.4	7.848	2.267
150.5	7.848	2.267
150.6	7.848	2.267
150.7	7.848	2.267
150.8	7.848	2.267
150.9	7.848	2.267
151	7.848	2.267
151.1	7.848	2.267
151.2	7.848	2.267
151.3	7.848	2.267
151.4	7.848	2.267
151.5	7.848	2.267
151.6	7.848	2.267
151.7	7.848	2.267
151.8	7.848	2.267
151.9	7.848	2.267
152	7.848	2.267
152.1	7.848	2.267
152.2	7.848	2.267
152.3	7.848	2.267
152.4	7.848	2.267
152.5	7.848	2.267
152.6	7.848	2.267
152.7	7.848	2.267
152.8	7.848	2.267
152.9	7.848	2.267
153	7.848	2.267
153.1	7.848	2.267
153.2	7.848	2.267
153.3	7.848	2.267
153.4	7.848	2.267
153.5	7.848	2.267
153.6	7.848	2.267
153.7	7.848	2.267
153.8	7.848	2.267
153.9	7.848	2.267
154	7.848	2.267
154.1	7.848	2.267
154.2	7.848	2.267
154.3	7.848	2.267
154.4	7.848	2.267
154.5	7.848	2.267
154.6	7.848	2.267
154.7	7.848	2.267
154.8	7.848	2.267
154.9	7.848	2.267
155	7.848	2.267
155.1	7.848	2.267
155.2	7.848	2.267
155.3	7.848	2.267
155.4	7.848	2.267
155.5	7.848	2.267
155.6	7.848	2.267
155.7	7.848	2.267
155.8	7.848	2.267
155.9	7.848	2.267
156	7.848	2.267
156.1	7.848	2.267
156.2	7.848	2.267
156.3	7.848	2.267
156.4	7.848	2.267
156.5	7.848	2.267
156.6	7.848	2.267
156.7	7.848	2.267
156.8	7.848	2.267
156.9	7.848	2.267
157	7.848	2.267
157.1	7.848	2.267
157.2	7.848	2.267
157.3	7.848	2.267
157.4	7.848	2.267
157.5	7.848	2.267
157.6	7.848	2.267
157.7	7.848	2.267
157.8	7.848	2.267
157.9	7.848	2.267
158	7.848	2.267
158.1	7.848	2.267
158.2	7.848	2.267
158.3	7.848	2.267
158.4	7.848	2.267
158.5	7.848	2.267
158.6	7.848	2.267
158.7	7.848	2.267
158.8	7.848	2.267
158.9	7.848	2.267
159	7.848	2.267
159.1	7.848	2.267
159.2	7.848	2.267
159.3	7.848	2.267
159.4	7.848	2.267
159.5	7.848	2.267
159.6	7.848	2.267
159.7	7.848	2.267
159.8	7.848	2.267
159.9	7.848	2.267
160	7.848	2.267
160.1	7.848	2.267
160.2	7.848	2.267
160.3	7.848	2.267
160.4	7.848	2.267
160.5	7.848	2.267
160.6	7.848	2.267
160.7	7.848	2.267
160.8	7.848	2.267
160.9	7.848	2.267
161	7.848	2.267
161.1	7.848	2.267
161.2	7.848	2.267
161.3	7.848	2.267
161.4	7.848	2.267
161.5	7.848	2.267
161.6	7.848	2.267
161.7	7.848	2.267
161.8	7.848	2.267
161.9	7.848	2.267
162	7.848	2.267
162.1	7.848	2.267
162.2	7.848	2.267
162.3	7.848	2.267
162.4	7.848	2.267
162.5	7.848	2.267
162.6	7.848	2.267
162.7	7.848	2.267
162.8	7.848	2.267
162.9	7.848	2.267
163	7.848	2.267
163.1	7.848	2.267
163.2	7.848	2.267
163.3	7.848	2.267
163.4	7.848	2.267
163.5	7.848	2.267
163.6	7.848	2.267
163.7	7.848	2.267
163.8	7.848	2.267
163.9	7.848	2.267
164	7.848	2.267
164.1	7.848	2.267
164.2	7.848	2.267
164.3	7.848	2.267
164.4	7.848	2.267
164.5	7.848	2.267
164.6	7.848	2.267
164.7	7.848	2.267
164.8	7.848	2.267
164.9	7.848	2.267
165	7.848	2.267
165.1	7.848	2.267
165.2	7.848	2.267
165.3	7.848	2.267
165.4	7.848	2.267
165.5	7.848	2.267
165.6	7.848	2.267
165.7	7.848	2.267
165.8	7.848	2.267
165.9	7.848	2.267
166	7.848	2.267
166.1	7.848	2.267
166.2	7.848	2.267
166.3	7.848	2.267
166.4	7.848	2.267
166.5	7.848	2.267
166.6	7.848	2.267
166.7	7.848	2.267
166.8	7.848	2.267
166.9	7.848	2.267
167	7.848	2.267
167.1	7.848	2.267
167.2	7.848	2.267
167.3	7.848	2.267
167.4	7.848	2.267
167.5	7.848	2.267
167.6	7.848	2.267
167.7	7.848	2.267
167.8	7.848	2.267
167.9	7.848	2.267
168	7.848	2.267
168.1	7.848	2.267
168.2	7.848	2.267
168.3	7.848	2.267
168.4	7.848	2.267
168.5	7.848	2.267
168.6	7.848	2.267
168.7	7.848	2.268
168.8	7.848	2.268
168.9	7.848	2.268
169	7.848	2.268
169.1	7.848	2.267
169.2	7.848	2.268
169.3	7.848	2.267
169.4	7.848	2.268
169.5	7.848	2.268
169.6	7.848	2.268
169.7	7.848	2.268
169.8	7.848	2.268
169.9	7.848	2.268
170	7.848	2.268
170.1	7.848	2.268
170.2	7.848	2.268
170.3	7.848	2.268
170.4	7.848	2.268
170.5	7.848	2.268
170.6	7.848	2.268
170.7	7.848	2.268
170.8	7.848	2.268
170.9	7.848	2.268
171	7.848	2.268
171.1	7.848	2.268
171.2	7.848	2.268
171.3	7.853	2.266
171.4	7.864	2.264
171.5	7.88	2.266
171.6	7.897	2.264
171.7	7.899	2.263
171.8	7.898	2.263
171.9	7.898	2.264
172	7.898	2.264
172.1	7.898	2.264
172.2	7.897	2.264
172.3	7.898	2.264
172.4	7.897	2.263
172.5	7.898	2.264
172.6	7.898	2.264
172.7	7.898	2.264
172.8	7.897	2.264
172.9	7.897	2.264
173	7.898	2.265
173.1	7.897	2.264
173.2	7.897	2.265
173.3	7.897	2.264
173.4	7.897	2.264
173.5	7.897	2.265
173.6	7.897	2.264
173.7	7.897	2.265
173.8	7.897	2.264
173.9	7.897	2.265
174	7.897	2.265
174.1	7.897	2.264
174.2	7.897	2.265
174.3	7.897	2.265
174.4	7.897	2.265
174.5	7.897	2.265
174.6	7.897	2.265
174.7	7.897	2.265
174.8	7.897	2.265
174.9	7.897	2.265
175	7.897	2.265
175.1	7.897	2.265
175.2	7.897	2.265
175.3	7.897	2.265
175.4	7.898	2.265
175.5	7.898	2.265
175.6	7.898	2.265
175.7	7.898	2.265
175.8	7.899	2.265
175.9	7.899	2.265
176	7.9	2.265
176.1	7.9	2.265
176.2	7.901	2.265
176.3	7.897	2.265
176.4	7.897	2.265
176.5	7.897	2.265
176.6	7.897	2.265
176.7	7.897	2.265
176.8	7.897	2.265
176.9	7.897	2.265
177	7.897	2.265
177.1	7.897	2.265
177.2	7.897	2.265
177.3	7.897	2.265
177.4	7.897	2.265
177.5	7.897	2.265
177.6	7.897	2.265
177.7	7.897	2.265
177.8	7.897	2.265
177.9	7.897	2.265
178	7.897	2.265
178.1	7.897	2.265
178.2	7.897	2.265
178.3	7.897	2.265
178.4	7.897	2.265
178.5	7.897	2.265
178.6	7.897	2.265
178.7	7.897	2.265
178.8	7.897	2.265
178.9	7.897	2.265
179	7.897	2.265
179.1	7.897	2.265
179.2	7.897	2.265
179.3	7.897	2.265
179.4	7.897	2.265
179.5	7.897	2.265
179.6	7.897	2.265
179.7	7.897	2.265
179.8	7.897	2.265
179.9	7.897	2.265
180	7.897	2.265
180.1	7.897	2.265
180.2	7.897	2.265
180.3	7.897	2.265
180.4	7.897	2.265
180.5	7.897	2.265
180.6	7.897	2.265
180.7	7.897	2.266
180.8	7.897	2.265
180.9	7.897	2.265
181	7.897	2.265
181.1	7.897	2.265
181.2	7.897	2.265
181.3	7.897	2.265
181.4	7.897	2.265
181.5	7.897	2.265
181.6	7.897	2.265
181.7	7.897	2.265
181.8	7.897	2.265
181.9	7.897	2.265
182	7.897	2.266
182.1	7.897	2.265
182.2	7.897	2.265
182.3	7.897	2.265
182.4	7.897	2.265
182.5	7.897	2.265
182.6	7.897	2.265
182.7	7.897	2.266
182.8	7.897	2.266
182.9	7.897	2.266
183	7.897	2.266
183.1	7.897	2.266
183.2	7.897	2.266
183.3	7.897	2.266
183.4	7.897	2.266
183.5	7.897	2.266
183.6	7.897	2.266
183.7	7.897	2.266
183.8	7.892	2.269
183.9	7.893	2.268
184	7.891	2.27
184.1	7.888	2.27
184.2	7.886	2.273
184.3	7.888	2.281
184.4	7.895	2.297
184.5	7.904	2.326
184.6	7.918	2.372
184.7	7.939	2.425
184.8	7.964	2.486
184.9	7.977	2.561
185	7.964	2.663
185.1	7.927	2.78
185.2	7.884	2.881
185.3	7.854	2.963
185.4	7.84	3.009
185.5	7.827	3.027
185.6	7.8	3.039
185.7	7.763	3.056
185.8	7.72	3.086
185.9	7.685	3.137
186	7.649	3.212
186.1	7.616	3.311
186.2	7.58	3.431
186.3	7.545	3.561
186.4	7.52	3.695
186.5	7.51	3.818
186.6	7.497	3.924
186.7	7.482	4.013
186.8	7.468	4.092
186.9	7.451	4.173
187	7.432	4.246
187.1	7.42	4.313
187.2	7.42	4.366
187.3	7.426	4.411
187.4	7.436	4.444
187.5	7.434	4.473
187.6	7.438	4.5
187.7	7.459	4.534
187.8	7.462	4.556
187.9	7.461	4.573
188	7.464	4.59
188.1	7.459	4.601
188.2	7.458	4.614
188.3	7.455	4.625
188.4	7.463	4.639
188.5	7.473	4.646
188.6	7.486	4.649
188.7	7.493	4.652
188.8	7.504	4.654
188.9	7.515	4.656
189	7.524	4.659
189.1	7.533	4.664
189.2	7.544	4.668
189.3	7.551	4.67
189.4	7.56	4.673
189.5	7.569	4.677
189.6	7.572	4.68
189.7	7.573	4.684
189.8	7.571	4.687
189.9	7.551	4.67
190	7.551	4.665
190.1	7.555	4.662
190.2	7.56	4.657
190.3	7.56	4.653
190.4	7.558	4.656
190.5	7.557	4.659
190.6	7.559	4.657
190.7	7.558	4.656
190.8	7.556	4.654
190.9	7.552	4.651
191	7.548	4.651
191.1	7.544	4.652
191.2	7.541	4.652
191.3	7.543	4.653
191.4	7.544	4.653
191.5	7.546	4.651
191.6	7.547	4.651
191.7	7.548	4.652
191.8	7.547	4.652
191.9	7.544	4.655
192	7.543	4.656
192.1	7.542	4.656
192.2	7.541	4.656
192.3	7.536	4.659
192.4	7.536	4.66
192.5	7.538	4.661
192.6	7.541	4.666
192.7	7.543	4.668
192.8	7.545	4.669
192.9	7.546	4.669
193	7.542	4.667
193.1	7.542	4.667
193.2	7.543	4.667
193.3	7.542	4.666
193.4	7.544	4.664
193.5	7.542	4.662
193.6	7.535	4.659
193.7	7.527	4.657
193.8	7.521	4.656
193.9	7.515	4.655
194	7.513	4.654
194.1	7.512	4.655
194.2	7.51	4.655
194.3	7.509	4.654
194.4	7.508	4.651
194.5	7.506	4.649
194.6	7.505	4.647
194.7	7.502	4.646
194.8	7.501	4.643
194.9	7.501	4.64
195	7.501	4.639
195.1	7.502	4.641
195.2	7.502	4.644
195.3	7.503	4.646
195.4	7.505	4.647
195.5	7.508	4.64
195.6	7.515	4.628
195.7	7.525	4.611
195.8	7.535	4.597
195.9	7.548	4.585
196	7.562	4.575
196.1	7.58	4.567
196.2	7.594	4.562
196.3	7.608	4.559
196.4	7.623	4.558
196.5	7.634	4.556
196.6	7.641	4.555
196.7	7.642	4.552
196.8	7.638	4.55
196.9	7.626	4.547
197	7.606	4.547
197.1	7.585	4.554
197.2	7.567	4.564
197.3	7.551	4.578
197.4	7.54	4.592
197.5	7.532	4.604
197.6	7.525	4.618
197.7	7.518	4.636
197.8	7.517	4.65
197.9	7.52	4.661
198	7.525	4.671
198.1	7.531	4.68
198.2	7.537	4.692
198.3	7.543	4.709
198.4	7.549	4.729
198.5	7.557	4.751
198.6	7.567	4.771
198.7	7.582	4.784
198.8	7.601	4.791
198.9	7.618	4.792
199	7.64	4.792
199.1	7.669	4.788
199.2	7.695	4.778
199.3	7.71	4.767
199.4	7.717	4.759
199.5	7.715	4.758
199.6	7.708	4.763
199.7	7.705	4.765
199.8	7.702	4.762
199.9	7.696	4.754
200	7.682	4.746
200.1	7.664	4.744
200.2	7.651	4.74
200.3	7.641	4.732
200.4	7.632	4.723
200.5	7.622	4.711
200.6	7.614	4.702
200.7	7.611	4.694
200.8	7.609	4.687
200.9	7.607	4.68
201	7.606	4.673
201.1	7.605	4.666
201.2	7.606	4.659
201.3	7.604	4.653
201.4	7.601	4.649
201.5	7.596	4.645
201.6	7.588	4.641
201.7	7.582	4.634
201.8	7.579	4.63
201.9	7.578	4.629
202	7.577	4.632
202.1	7.577	4.639
202.2	7.577	4.645
202.3	7.576	4.651
202.4	7.571	4.656
202.5	7.568	4.659
202.6	7.567	4.662
202.7	7.562	4.661
202.8	7.557	4.658
202.9	7.552	4.651
203	7.545	4.641
203.1	7.533	4.63
203.2	7.518	4.622
203.3	7.508	4.619
203.4	7.504	4.619
203.5	7.508	4.622
203.6	7.517	4.624
203.7	7.526	4.625
203.8	7.532	4.623
203.9	7.534	4.62
204	7.534	4.618
204.1	7.53	4.619
204.2	7.525	4.621
204.3	7.519	4.624
204.4	7.516	4.629
204.5	7.516	4.636
204.6	7.518	4.644
204.7	7.522	4.651
204.8	7.527	4.656
204.9	7.532	4.66
205	7.534	4.663
205.1	7.536	4.665
205.2	7.536	4.666
205.3	7.535	4.667
205.4	7.534	4.668
205.5	7.532	4.667
205.6	7.532	4.664
205.7	7.532	4.658
205.8	7.534	4.646
205.9	7.539	4.633
206	7.543	4.621
206.1	7.544	4.612
206.2	7.544	4.605
206.3	7.544	4.599
206.4	7.545	4.593
206.5	7.549	4.584
206.6	7.558	4.572
206.7	7.569	4.565
206.8	7.575	4.561
206.9	7.576	4.558
207	7.575	4.557
207.1	7.568	4.559
207.2	7.553	4.566
207.3	7.538	4.581
207.4	7.525	4.6
207.5	7.518	4.621
207.6	7.517	4.638
207.7	7.52	4.65
207.8	7.528	4.659
207.9	7.535	4.664
208	7.54	4.665
208.1	7.542	4.662
208.2	7.541	4.659
208.3	7.541	4.657
208.4	7.541	4.653
208.5	7.538	4.646
208.6	7.535	4.63
208.7	7.534	4.615
208.8	7.535	4.61
208.9	7.535	4.61
209	7.535	4.616
209.1	7.534	4.625
209.2	7.537	4.637
209.3	7.541	4.645
209.4	7.545	4.651
209.5	7.549	4.654
209.6	7.553	4.653
209.7	7.556	4.65
209.8	7.561	4.648
209.9	7.566	4.646
210	7.572	4.645
210.1	7.577	4.643
210.2	7.579	4.637
210.3	7.58	4.632
210.4	7.581	4.626
210.5	7.581	4.62
210.6	7.582	4.612
210.7	7.582	4.602
210.8	7.582	4.594
210.9	7.58	4.587
211	7.578	4.586
211.1	7.575	4.586
211.2	7.573	4.588
211.3	7.571	4.591
211.4	7.569	4.597
211.5	7.567	4.605
211.6	7.565	4.614
211.7	7.563	4.624
211.8	7.561	4.634
211.9	7.561	4.642
212	7.56	4.648
212.1	7.557	4.652
212.2	7.556	4.657
212.3	7.556	4.663
212.4	7.556	4.67
212.5	7.556	4.674
212.6	7.557	4.674
212.7	7.556	4.672
212.8	7.554	4.67
212.9	7.551	4.667
213	7.548	4.665
213.1	7.546	4.662
213.2	7.545	4.658
213.3	7.545	4.653
213.4	7.545	4.65
213.5	7.545	4.649
213.6	7.543	4.646
213.7	7.541	4.644
213.8	7.538	4.642
213.9	7.536	4.64
214	7.537	4.637
214.1	7.538	4.632
214.2	7.539	4.631
214.3	7.537	4.631
214.4	7.532	4.634
214.5	7.527	4.638
214.6	7.522	4.643
214.7	7.52	4.648
214.8	7.52	4.653
214.9	7.524	4.658
215	7.529	4.66
215.1	7.537	4.663
215.2	7.543	4.663
215.3	7.547	4.661
215.4	7.55	4.658
215.5	7.552	4.655
215.6	7.555	4.653
215.7	7.558	4.652
215.8	7.559	4.652
215.9	7.56	4.653
216	7.56	4.653
216.1	7.56	4.653
216.2	7.558	4.653
216.3	7.557	4.653
216.4	7.556	4.653
216.5	7.555	4.652
216.6	7.554	4.651
216.7	7.554	4.649
216.8	7.553	4.649
216.9	7.552	4.649
217	7.552	4.651
217.1	7.552	4.653
217.2	7.553	4.655
217.3	7.553	4.658
217.4	7.553	4.661
217.5	7.554	4.667
217.6	7.554	4.678
217.7	7.557	4.695
217.8	7.561	4.708
217.9	7.562	4.715
218	7.563	4.72
218.1	7.564	4.724
218.2	7.566	4.727
218.3	7.57	4.73
218.4	7.575	4.734
218.5	7.58	4.736
218.6	7.583	4.738
218.7	7.587	4.739
218.8	7.589	4.74
218.9	7.588	4.738
219	7.582	4.732
219.1	7.572	4.721
219.2	7.563	4.707
219.3	7.557	4.693
219.4	7.555	4.673
219.5	7.556	4.655
219.6	7.559	4.644
219.7	7.563	4.634
219.8	7.566	4.628
219.9	7.568	4.624
220	7.569	4.621
220.1	7.567	4.62
220.2	7.564	4.621
220.3	7.559	4.624
220.4	7.558	4.627
220.5	7.549	4.638
220.6	7.545	4.649
220.7	7.541	4.661
220.8	7.538	4.675
220.9	7.536	4.686
221	7.536	4.691
221.1	7.537	4.69
221.2	7.539	4.686
221.3	7.541	4.68
221.4	7.545	4.673
221.5	7.547	4.665
221.6	7.55	4.657
221.7	7.552	4.65
221.8	7.555	4.643
221.9	7.557	4.635
222	7.557	4.63
222.1	7.557	4.627
222.2	7.557	4.626
222.3	7.558	4.627
222.4	7.559	4.627
222.5	7.558	4.627
222.6	7.556	4.628
222.7	7.555	4.629
222.8	7.554	4.629
222.9	7.552	4.632
223	7.547	4.636
223.1	7.542	4.641
223.2	7.538	4.646
223.3	7.534	4.65
223.4	7.533	4.65
223.5	7.533	4.646
223.6	7.535	4.638
223.7	7.536	4.63
223.8	7.537	4.623
223.9	7.538	4.618
224	7.537	4.614
224.1	7.532	4.61
224.2	7.527	4.608
224.3	7.523	4.608
224.4	7.521	4.609
224.5	7.519	4.609
224.6	7.519	4.611
224.7	7.52	4.613
224.8	7.52	4.614
224.9	7.521	4.615
225	7.521	4.616
225.1	7.521	4.617
225.2	7.52	4.617
225.3	7.52	4.618
225.4	7.519	4.619
225.5	7.518	4.62
225.6	7.517	4.62
225.7	7.516	4.62
225.8	7.515	4.621
225.9	7.513	4.621
226	7.511	4.622
226.1	7.509	4.622
226.2	7.506	4.623
226.3	7.504	4.624
226.4	7.503	4.625
226.5	7.502	4.625
226.6	7.502	4.624
226.7	7.503	4.623
226.8	7.503	4.622
226.9	7.504	4.621
227	7.505	4.62
227.1	7.505	4.618
227.2	7.505	4.616
227.3	7.505	4.615
227.4	7.505	4.614
227.5	7.505	4.614
227.6	7.505	4.614
227.7	7.535	4.599
227.8	7.537	4.598
227.9	7.536	4.598
228	7.536	4.6
228.1	7.535	4.603
228.2	7.533	4.606
228.3	7.531	4.61
228.4	7.53	4.615
228.5	7.527	4.62
228.6	7.523	4.628
228.7	7.522	4.642
228.8	7.525	4.65
228.9	7.529	4.658
229	7.532	4.66
229.1	7.534	4.66
229.2	7.535	4.659
229.3	7.537	4.655
229.4	7.54	4.646
229.5	7.542	4.638
229.6	7.544	4.629
229.7	7.545	4.626
229.8	7.545	4.622
229.9	7.547	4.62
230	7.548	4.617
230.1	7.55	4.614
230.2	7.551	4.614
230.3	7.551	4.615
230.4	7.55	4.618
230.5	7.547	4.623
230.6	7.546	4.629
230.7	7.543	4.638
230.8	7.541	4.643
230.9	7.541	4.645
231	7.542	4.645
231.1	7.542	4.645
231.2	7.542	4.644
231.3	7.543	4.644
231.4	7.545	4.636
231.5	7.544	4.634
231.6	7.543	4.633
231.7	7.543	4.631
231.8	7.546	4.622
231.9	7.548	4.616
232	7.549	4.614
232.1	7.548	4.612
232.2	7.548	4.612
232.3	7.548	4.612
232.4	7.549	4.614
232.5	7.551	4.617
232.6	7.558	4.618
232.7	7.564	4.62
232.8	7.57	4.622
232.9	7.574	4.623
233	7.576	4.625
233.1	7.577	4.627
233.2	7.576	4.63
233.3	7.575	4.631
233.4	7.574	4.631
233.5	7.574	4.63
233.6	7.574	4.631
233.7	7.574	4.632
233.8	7.574	4.634
233.9	7.573	4.638
234	7.574	4.642
234.1	7.573	4.644
234.2	7.572	4.644
234.3	7.571	4.643
234.4	7.57	4.641
234.5	7.57	4.639
234.6	7.57	4.634
234.7	7.57	4.626
234.8	7.569	4.618
234.9	7.57	4.611
235	7.57	4.603
235.1	7.571	4.594
235.2	7.573	4.583
235.3	7.576	4.574
235.4	7.578	4.566
235.5	7.576	4.563
235.6	7.572	4.562
235.7	7.568	4.561
235.8	7.56	4.557
235.9	7.554	4.556
236	7.551	4.557
236.1	7.55	4.563
236.2	7.549	4.569
236.3	7.55	4.58
236.4	7.549	4.587
236.5	7.538	4.74
236.6	7.528	4.731
236.7	7.519	4.714
236.8	7.516	4.697
236.9	7.516	4.682
237	7.519	4.671
237.1	7.523	4.659
237.2	7.528	4.647
237.3	7.533	4.638
237.4	7.536	4.631
237.5	7.538	4.625
237.6	7.538	4.622
237.7	7.537	4.621
237.8	7.535	4.624
237.9	7.534	4.627
238	7.532	4.629
238.1	7.533	4.63
238.2	7.533	4.627
238.3	7.537	4.617
238.4	7.544	4.603
238.5	7.553	4.588
238.6	7.563	4.575
238.7	7.573	4.565
238.8	7.583	4.557
238.9	7.591	4.553
239	7.597	4.551
239.1	7.6	4.551
239.2	7.599	4.552
239.3	7.595	4.553
239.4	7.59	4.554
239.5	7.582	4.556
239.6	7.569	4.56
239.7	7.551	4.569
239.8	7.532	4.587
239.9	7.519	4.608
240	7.512	4.627
240.1	7.512	4.644
240.2	7.515	4.656
240.3	7.519	4.662
240.4	7.522	4.665
240.5	7.524	4.666
240.6	7.524	4.665
240.7	7.525	4.662
240.8	7.524	4.656
240.9	7.524	4.651
241	7.523	4.646
241.1	7.521	4.642
241.2	7.519	4.638
241.3	7.519	4.634
241.4	7.516	4.627
241.5	7.514	4.614
241.6	7.514	4.6
241.7	7.512	4.588
241.8	7.511	4.58
241.9	7.507	4.577
242	7.503	4.58
242.1	7.5	4.586
242.2	7.499	4.594
242.3	7.497	4.604
242.4	7.492	4.614
242.5	7.491	4.627
242.6	7.488	4.643
242.7	7.48	4.663
242.8	7.473	4.679
242.9	7.475	4.689
243	7.483	4.69
243.1	7.494	4.686
243.2	7.501	4.681
243.3	7.507	4.675
243.4	7.511	4.67
243.5	7.512	4.666
243.6	7.514	4.663
243.7	7.516	4.66
243.8	7.518	4.659
243.9	7.521	4.659
244	7.524	4.662
244.1	7.528	4.665
244.2	7.535	4.669
244.3	7.537	4.671
244.4	7.538	4.672
244.5	7.541	4.675
244.6	7.545	4.677
244.7	7.547	4.678
244.8	7.55	4.679
244.9	7.553	4.679
245	7.556	4.678
245.1	7.559	4.677
245.2	7.561	4.677
245.3	7.562	4.678
245.4	7.56	4.679
245.5	7.558	4.68
245.6	7.555	4.68
245.7	7.551	4.679
245.8	7.543	4.675
245.9	7.538	4.67
246	7.531	4.665
246.1	7.526	4.662
246.2	7.523	4.66
246.3	7.521	4.656
246.4	7.519	4.653
246.5	7.518	4.651
246.6	7.518	4.649
246.7	7.519	4.647
246.8	7.519	4.644
246.9	7.521	4.642
247	7.523	4.64
247.1	7.525	4.639
247.2	7.529	4.64
247.3	7.533	4.641
247.4	7.535	4.642
247.5	7.536	4.644
247.6	7.536	4.646
247.7	7.536	4.648
247.8	7.536	4.649
247.9	7.534	4.648
248	7.533	4.647
248.1	7.533	4.646
248.2	7.532	4.645
248.3	7.531	4.643
248.4	7.53	4.642
248.5	7.529	4.642
248.6	7.529	4.642
248.7	7.529	4.642
248.8	7.528	4.643
248.9	7.527	4.643
249	7.526	4.643
249.1	7.525	4.643
249.2	7.524	4.644
249.3	7.522	4.643
249.4	7.52	4.643
249.5	7.519	4.644
249.6	7.518	4.644
249.7	7.517	4.645
249.8	7.518	4.646
249.9	7.518	4.647
250	7.518	4.647
250.1	7.517	4.647
250.2	7.518	4.647
250.3	7.518	4.647
250.4	7.517	4.646
250.5	7.518	4.647
250.6	7.517	4.646
250.7	7.517	4.645
250.8	7.516	4.644
250.9	7.516	4.643
251	7.515	4.641
251.1	7.514	4.636
251.2	7.517	4.63
251.3	7.519	4.626
251.4	7.527	4.631
251.5	7.531	4.636
251.6	7.534	4.64
251.7	7.537	4.644
251.8	7.541	4.649
251.9	7.546	4.656
252	7.549	4.664
252.1	7.548	4.674
252.2	7.542	4.685
252.3	7.533	4.696
252.4	7.518	4.703
252.5	7.501	4.704
252.6	7.479	4.701
252.7	7.451	4.694
252.8	7.418	4.681
252.9	7.38	4.663
253	7.335	4.638
253.1	7.286	4.605
253.2	7.243	4.571
253.3	7.206	4.545
253.4	7.171	4.53
253.5	7.132	4.522
253.6	7.088	4.519
253.7	7.04	4.52
253.8	6.987	4.524
253.9	6.928	4.533
254	6.865	4.541
254.1	6.81	4.545
254.2	6.768	4.545
254.3	6.736	4.544
254.4	6.716	4.543
254.5	6.708	4.541
254.6	6.709	4.538
254.7	6.715	4.537
254.8	6.722	4.54
254.9	6.727	4.545
255	6.733	4.553
255.1	6.74	4.56
255.2	6.75	4.567
255.3	6.764	4.571
255.4	6.781	4.568
255.5	6.814	4.569
255.6	6.858	4.566
255.7	6.908	4.556
255.8	6.958	4.541
255.9	7	4.532
256	7.031	4.531
256.1	7.049	4.534
256.2	7.055	4.542
256.3	7.05	4.554
256.4	7.043	4.564
256.5	7.042	4.566
256.6	7.049	4.562
256.7	7.066	4.551
256.8	7.086	4.544
256.9	7.108	4.54
257	7.135	4.537
257.1	7.167	4.539
257.2	7.197	4.544
257.3	7.213	4.553
257.4	7.213	4.565
257.5	7.199	4.578
257.6	7.174	4.586
257.7	7.149	4.588
257.8	7.129	4.591
257.9	7.118	4.598
258	7.111	4.606
258.1	7.107	4.611
258.2	7.104	4.612
258.3	7.1	4.609
258.4	7.097	4.601
258.5	7.094	4.588
258.6	7.088	4.571
258.7	7.076	4.554
258.8	7.062	4.539
258.9	7.048	4.528
259	7.034	4.521
259.1	7.022	4.515
259.2	7.009	4.511
259.3	6.997	4.507
259.4	6.986	4.504
259.5	6.976	4.501
259.6	6.969	4.497
259.7	6.965	4.493
259.8	6.97	4.489
259.9	6.985	4.487
260	7.01	4.488
260.1	7.045	4.489
260.2	7.082	4.485
260.3	7.112	4.483
260.4	7.129	4.49
260.5	7.137	4.499
260.6	7.139	4.512
260.7	7.139	4.525
260.8	7.136	4.536
260.9	7.132	4.546
261	7.127	4.555
261.1	7.123	4.562
261.2	7.119	4.57
261.3	7.116	4.576
261.4	7.115	4.582
261.5	7.114	4.586
261.6	7.115	4.59
261.7	7.117	4.592
261.8	7.118	4.592
261.9	7.119	4.591
262	7.118	4.59
262.1	7.118	4.588
262.2	7.119	4.587
262.3	7.12	4.585
262.4	7.121	4.584
262.5	7.121	4.582
262.6	7.12	4.581
262.7	7.12	4.581
262.8	7.12	4.581
262.9	7.119	4.582
263	7.117	4.582
263.1	7.116	4.583
263.2	7.116	4.584
263.3	7.117	4.586
263.4	7.119	4.587
263.5	7.119	4.588
263.6	7.118	4.588
263.7	7.118	4.588
263.8	7.117	4.587
263.9	7.115	4.587
264	7.113	4.586
264.1	7.111	4.585
264.2	7.109	4.584
264.3	7.108	4.584
264.4	7.106	4.585
264.5	7.104	4.585
264.6	7.103	4.585
264.7	7.101	4.586
264.8	7.099	4.587
264.9	7.095	4.589
265	7.09	4.592
265.1	7.082	4.598
265.2	7.072	4.607
265.3	7.057	4.619
265.4	7.043	4.63
265.5	7.026	4.644
265.6	7.004	4.664
265.7	6.979	4.687
265.8	6.959	4.711
265.9	6.95	4.729
266	6.947	4.737
266.1	6.947	4.736
266.2	6.948	4.731
266.3	6.952	4.723
266.4	6.956	4.713
266.5	6.958	4.704
266.6	6.955	4.695
266.7	6.95	4.683
266.8	6.942	4.665
266.9	6.934	4.646
267	6.927	4.619
267.1	6.922	4.595
267.2	6.92	4.571
267.3	6.919	4.547
267.4	6.918	4.518
267.5	6.914	4.494
267.6	6.907	4.474
267.7	6.896	4.461
267.8	6.875	4.456
267.9	6.851	4.459
268	6.812	4.474
268.1	6.768	4.5
268.2	6.716	4.534
268.3	6.665	4.571
268.4	6.619	4.601
268.5	6.579	4.621
268.6	6.543	4.634
268.7	6.51	4.64
268.8	6.479	4.64
268.9	6.438	4.629
269	6.392	4.616
269.1	6.349	4.591
269.2	6.302	4.563
269.3	6.25	4.533
269.4	6.2	4.508
269.5	6.153	4.492
269.6	6.108	4.484
269.7	6.064	4.47
269.8	6.023	4.458
269.9	5.996	4.451
270	5.98	4.441
270.1	5.985	4.437
270.2	5.996	4.433
270.3	6.01	4.427
270.4	6.026	4.429
270.5	6.039	4.44
270.6	6.042	4.454
270.7	6.039	4.467
270.8	6.041	4.478
270.9	6.047	4.485
271	6.056	4.489
271.1	6.066	4.494
271.2	6.074	4.494
271.3	6.082	4.496
271.4	6.086	4.497
271.5	6.086	4.493
271.6	6.078	4.483
271.7	6.061	4.463
271.8	6.043	4.437
271.9	6.03	4.411
272	6.012	4.383
272.1	5.996	4.366
272.2	5.977	4.358
272.3	5.953	4.356
272.4	5.922	4.36
272.5	5.884	4.37
272.6	5.841	4.388
272.7	5.79	4.415
272.8	5.734	4.448
272.9	5.683	4.483
273	5.641	4.512
273.1	5.601	4.532
273.2	5.562	4.548
273.3	5.522	4.555
273.4	5.484	4.549
273.5	5.446	4.534
273.6	5.405	4.516
273.7	5.366	4.5
273.8	5.318	4.48
273.9	5.267	4.45
274	5.22	4.42
274.1	5.185	4.4
274.2	5.157	4.391
274.3	5.134	4.387
274.4	5.117	4.379
274.5	5.108	4.365
274.6	5.102	4.342
274.7	5.1	4.311
274.8	5.103	4.275
274.9	5.112	4.233
275	5.122	4.19
275.1	5.13	4.149
275.2	5.132	4.106
275.3	5.131	4.062
275.4	5.127	4.018
275.5	5.116	3.969
275.6	5.095	3.923
275.7	5.065	3.877
275.8	5.042	3.836
275.9	5.032	3.797
276	5.036	3.759
276.1	5.046	3.718
276.2	5.061	3.674
276.3	5.079	3.63
276.4	5.096	3.586
276.5	5.101	3.541
276.6	5.095	3.493
276.7	5.081	3.442
276.8	5.061	3.391
276.9	5.035	3.339
277	5.003	3.29
277.1	4.976	3.246
277.2	4.96	3.212
277.3	4.956	3.182
277.4	4.96	3.156
277.5	4.968	3.129
277.6	4.982	3.1
277.7	5.001	3.066
277.8	5.021	3.028
277.9	5.037	2.987
278	5.048	2.944
278.1	5.052	2.9
278.2	5.048	2.852
278.3	5.032	2.798
278.4	5.002	2.741
278.5	4.963	2.687
278.6	4.922	2.645
278.7	4.885	2.614
278.8	4.86	2.591
278.9	4.854	2.568
279	4.863	2.542
279.1	4.88	2.514
279.2	4.894	2.486
279.3	4.904	2.463
279.4	4.91	2.444
279.5	4.924	2.417
279.6	4.956	2.392
279.7	4.983	2.391
279.8	4.994	2.397
279.9	4.998	2.402
280	5	2.407
280.1	5.001	2.412
280.2	5	2.415
280.3	4.999	2.416
280.4	4.998	2.418
280.5	4.996	2.421
280.6	4.991	2.425
280.7	4.986	2.432
280.8	4.985	2.441
280.9	4.989	2.449
281	4.997	2.456
281.1	5.009	2.462
281.2	5.025	2.469
281.3	5.045	2.475
281.4	5.066	2.481
281.5	5.091	2.488
281.6	5.115	2.495
281.7	5.136	2.503
281.8	5.15	2.51
281.9	5.158	2.516
282	5.159	2.523
282.1	5.153	2.53
282.2	5.143	2.538
282.3	5.133	2.544
282.4	5.125	2.548
282.5	5.12	2.55
282.6	5.116	2.551
282.7	5.114	2.549
282.8	5.114	2.546
282.9	5.113	2.543
283	5.112	2.538
283.1	5.108	2.533
283.2	5.097	2.524
283.3	5.084	2.516
283.4	5.061	2.51
283.5	5.03	2.51
283.6	4.996	2.515
283.7	4.968	2.523
283.8	4.95	2.529
283.9	4.938	2.533
284	4.929	2.538
284.1	4.923	2.542
284.2	4.92	2.542
284.3	4.919	2.539
284.4	4.921	2.534
284.5	4.924	2.526
284.6	4.928	2.516
284.7	4.934	2.503
284.8	4.944	2.488
284.9	4.957	2.47
285	4.974	2.45
285.1	4.99	2.429
285.2	4.999	2.41
285.3	5	2.392
285.4	4.993	2.37
285.5	4.98	2.341
285.6	4.964	2.309
285.7	4.943	2.282
285.8	4.913	2.253
285.9	4.884	2.226
286	4.86	2.2
286.1	4.846	2.175
286.2	4.844	2.151
286.3	4.852	2.127
286.4	4.872	2.103
286.5	4.901	2.082
286.6	4.934	2.062
286.7	4.964	2.039
286.8	4.989	2.015
286.9	5.006	1.991
287	5.015	1.965
287.1	5.016	1.939
287.2	5.014	1.913
287.3	5.009	1.889
287.4	4.999	1.866
287.5	4.985	1.841
287.6	4.968	1.816
287.7	4.951	1.79
287.8	4.935	1.764
287.9	4.922	1.74
288	4.913	1.719
288.1	4.91	1.7
288.2	4.914	1.684
288.3	4.925	1.664
288.4	4.941	1.642
288.5	4.958	1.622
288.6	4.973	1.608
288.7	4.993	1.591
288.8	5.008	1.574
288.9	5.016	1.555
289	5.015	1.534
289.1	5.004	1.508
289.2	4.984	1.478
289.3	4.962	1.449
289.4	4.944	1.428
289.5	4.935	1.415
289.6	4.93	1.407
289.7	4.927	1.405
289.8	4.926	1.409
289.9	4.928	1.416
290	4.933	1.422
290.1	4.94	1.426
290.2	4.947	1.427
290.3	4.952	1.427
290.4	4.953	1.424
290.5	4.952	1.42
290.6	4.949	1.415
290.7	4.947	1.41
290.8	4.944	1.407
290.9	4.94	1.405
291	4.936	1.408
291.1	4.932	1.414
291.2	4.926	1.422
291.3	4.921	1.428
291.4	4.919	1.433
291.5	4.916	1.435
291.6	4.913	1.436
291.7	4.909	1.437
291.8	4.901	1.438
291.9	4.892	1.438
292	4.884	1.433
292.1	4.874	1.426
292.2	4.86	1.416
292.3	4.84	1.403
292.4	4.818	1.39
292.5	4.797	1.382
292.6	4.783	1.378
292.7	4.776	1.375
292.8	4.772	1.374
292.9	4.77	1.373
293	4.77	1.373
293.1	4.777	1.372
293.2	4.791	1.372
293.3	4.807	1.376
293.4	4.819	1.382
293.5	4.828	1.389
293.6	4.831	1.398
293.7	4.829	1.406
293.8	4.827	1.414
293.9	4.825	1.422
294	4.824	1.426
294.1	4.823	1.427
294.2	4.82	1.425
294.3	4.819	1.421
294.4	4.826	1.416
294.5	4.844	1.412
294.6	4.87	1.411
294.7	4.901	1.418
294.8	4.932	1.435
294.9	4.957	1.459
295	4.977	1.484
295.1	4.993	1.507
295.2	5.007	1.526
295.3	5.019	1.542
295.4	5.032	1.554
295.5	5.042	1.56
295.6	5.049	1.56
295.7	5.054	1.554
295.8	5.057	1.545
295.9	5.055	1.535
296	5.052	1.519
296.1	5.05	1.505
296.2	5.046	1.5
296.3	5.038	1.509
296.4	5.024	1.526
296.5	5.017	1.55
296.6	5.014	1.584
296.7	5.013	1.624
296.8	5.013	1.664
296.9	5.012	1.7
297	5.011	1.733
297.1	5.006	1.763
297.2	4.996	1.787
297.3	4.986	1.802
297.4	4.979	1.809
297.5	4.977	1.809
297.6	4.979	1.804
297.7	4.986	1.795
297.8	4.993	1.782
297.9	4.998	1.769
298	5.003	1.755
298.1	5.009	1.743
298.2	5.019	1.733
298.3	5.035	1.723
298.4	5.053	1.71
298.5	5.074	1.694
298.6	5.094	1.669
298.7	5.107	1.642
298.8	5.113	1.62
298.9	5.116	1.603
299	5.117	1.591
299.1	5.118	1.582
299.2	5.118	1.575
299.3	5.118	1.571
299.4	5.117	1.569
299.5	5.118	1.571
299.6	5.117	1.573
299.7	5.117	1.576
299.8	5.115	1.577
299.9	5.112	1.577
300	5.11	1.577
300.1	5.108	1.576
300.2	5.106	1.575
300.3	5.106	1.574
300.4	5.106	1.573
300.5	5.108	1.571
300.6	5.11	1.57
300.7	5.113	1.569
300.8	5.115	1.568
300.9	5.117	1.569
301	5.118	1.57
301.1	5.119	1.573
301.2	5.12	1.576
301.3	5.121	1.58
301.4	5.121	1.585
301.5	5.121	1.591
301.6	5.12	1.598
301.7	5.118	1.605
301.8	5.116	1.61
301.9	5.111	1.614
302	5.109	1.619
302.1	5.107	1.624
302.2	5.105	1.63
302.3	5.102	1.638
302.4	5.097	1.644
302.5	5.094	1.648
302.6	5.093	1.65
302.7	5.094	1.649
302.8	5.096	1.649
302.9	5.097	1.647
303	5.098	1.645
303.1	5.098	1.642
303.2	5.098	1.64
303.3	5.097	1.638
303.4	5.097	1.637
303.5	5.096	1.638
303.6	5.096	1.639
303.7	5.097	1.641
303.8	5.098	1.643
303.9	5.102	1.642
304	5.107	1.64
304.1	5.11	1.639
304.2	5.112	1.639
304.3	5.114	1.643
304.4	5.118	1.648
304.5	5.122	1.649
304.6	5.128	1.65
304.7	5.133	1.647
304.8	5.138	1.642
304.9	5.144	1.633
305	5.15	1.622
305.1	5.154	1.61
305.2	5.159	1.598
305.3	5.164	1.586
305.4	5.17	1.578
305.5	5.173	1.576
305.6	5.172	1.583
305.7	5.168	1.596
305.8	5.158	1.621
305.9	5.137	1.66
306	5.107	1.695
306.1	5.082	1.723
306.2	5.057	1.748
306.3	5.031	1.768
306.4	5.007	1.782
306.5	4.988	1.792
306.6	4.973	1.796
306.7	4.963	1.796
306.8	4.955	1.793
306.9	4.95	1.788
307	4.948	1.783
307.1	4.949	1.78
307.2	4.954	1.777
307.3	4.962	1.774
307.4	4.972	1.772
307.5	4.984	1.769
307.6	5.001	1.765
307.7	5.028	1.756
307.8	5.058	1.739
307.9	5.086	1.711
308	5.103	1.684
308.1	5.113	1.664
308.2	5.12	1.651
308.3	5.126	1.64
308.4	5.131	1.633
308.5	5.133	1.626
308.6	5.135	1.622
308.7	5.137	1.62
308.8	5.139	1.619
308.9	5.14	1.62
309	5.141	1.621
309.1	5.142	1.623
309.2	5.142	1.626
309.3	5.141	1.628
309.4	5.141	1.629
309.5	5.141	1.631
309.6	5.141	1.632
309.7	5.142	1.632
309.8	5.144	1.633
309.9	5.146	1.634
310	5.148	1.635
310.1	5.149	1.635
310.2	5.149	1.636
310.3	5.147	1.636
310.4	5.145	1.636
310.5	5.143	1.636
310.6	5.14	1.637
310.7	5.138	1.637
310.8	5.136	1.637
310.9	5.134	1.638
311	5.132	1.638
311.1	5.13	1.638
311.2	5.127	1.637
311.3	5.125	1.636
311.4	5.121	1.635
311.5	5.12	1.634
311.6	5.12	1.634
311.7	5.119	1.632
311.8	5.118	1.63
311.9	5.119	1.63
312	5.119	1.63
312.1	5.12	1.63
312.2	5.12	1.63
312.3	5.12	1.631
312.4	5.12	1.633
312.5	5.121	1.636
312.6	5.12	1.638
312.7	5.121	1.641
312.8	5.12	1.644
312.9	5.119	1.646
313	5.117	1.647
313.1	5.115	1.648
313.2	5.114	1.647
313.3	5.113	1.647
313.4	5.111	1.645
313.5	5.111	1.643
313.6	5.11	1.641
313.7	5.109	1.637
313.8	5.109	1.636
313.9	5.109	1.635
314	5.11	1.634
314.1	5.111	1.633
314.2	5.113	1.633
314.3	5.115	1.633
314.4	5.117	1.635
314.5	5.118	1.635
314.6	5.118	1.636
314.7	5.118	1.636
314.8	5.118	1.637
314.9	5.117	1.638
315	5.117	1.639
315.1	5.118	1.641
315.2	5.117	1.646
315.3	5.115	1.661
315.4	5.107	1.686
315.5	5.097	1.704
315.6	5.085	1.717
315.7	5.075	1.722
315.8	5.069	1.724
315.9	5.065	1.725
316	5.059	1.724
316.1	5.055	1.722
316.2	5.051	1.72
316.3	5.05	1.717
316.4	5.052	1.714
316.5	5.056	1.711
316.6	5.061	1.707
316.7	5.069	1.704
316.8	5.078	1.7
316.9	5.088	1.698
317	5.095	1.696
317.1	5.101	1.695
317.2	5.106	1.694
317.3	5.111	1.692
317.4	5.116	1.69
317.5	5.12	1.687
317.6	5.125	1.684
317.7	5.131	1.68
317.8	5.137	1.677
317.9	5.143	1.674
318	5.148	1.674
318.1	5.153	1.673
318.2	5.159	1.671
318.3	5.169	1.671
318.4	5.18	1.67
318.5	5.19	1.673
318.6	5.193	1.681
318.7	5.192	1.693
318.8	5.19	1.707
318.9	5.187	1.725
319	5.184	1.744
319.1	5.184	1.762
319.2	5.187	1.779
319.3	5.189	1.793
319.4	5.188	1.804
319.5	5.183	1.811
319.6	5.176	1.81
319.7	5.169	1.803
319.8	5.165	1.793
319.9	5.162	1.782
320	5.16	1.772
320.1	5.159	1.762
320.2	5.157	1.752
320.3	5.156	1.743
320.4	5.155	1.735
320.5	5.152	1.727
320.6	5.153	1.722
320.7	5.155	1.718
320.8	5.156	1.714
320.9	5.157	1.711
321	5.158	1.711
321.1	5.158	1.715
321.2	5.157	1.73
321.3	5.151	1.753
321.4	5.136	1.774
321.5	5.123	1.79
321.6	5.114	1.801
321.7	5.107	1.808
321.8	5.1	1.813
321.9	5.093	1.816
322	5.087	1.815
322.1	5.086	1.813
322.2	5.092	1.806
322.3	5.108	1.793
322.4	5.121	1.777
322.5	5.128	1.763
322.6	5.13	1.754
322.7	5.132	1.751
322.8	5.138	1.74
322.9	5.147	1.718
323	5.152	1.696
323.1	5.155	1.69
323.2	5.157	1.694
323.3	5.159	1.701
323.4	5.161	1.702
323.5	5.161	1.7
323.6	5.16	1.703
323.7	5.156	1.715
323.8	5.148	1.729
323.9	5.141	1.731
324	5.141	1.722
324.1	5.143	1.718
324.2	5.139	1.733
324.3	5.123	1.759
324.4	5.105	1.779
324.5	5.086	1.794
324.6	5.078	1.808
324.7	5.078	1.823
324.8	5.074	1.84
324.9	5.07	1.858
325	5.066	1.875
325.1	5.063	1.893
325.2	5.058	1.908
325.3	5.05	1.921
325.4	5.037	1.926
325.5	5.022	1.925
325.6	5.011	1.922
325.7	5.003	1.918
325.8	4.997	1.913
325.9	4.994	1.907
326	4.992	1.901
326.1	4.991	1.899
326.2	4.994	1.9
326.3	4.995	1.9
326.4	4.999	1.901
326.5	5.004	1.903
326.6	5.009	1.903
326.7	5.011	1.903
326.8	5.012	1.903
326.9	5.013	1.902
327	5.015	1.899
327.1	5.02	1.894
327.2	5.03	1.886
327.3	5.049	1.874
327.4	5.075	1.85
327.5	5.097	1.817
327.6	5.114	1.781
327.7	5.128	1.747
327.8	5.142	1.717
327.9	5.157	1.687
328	5.17	1.656
328.1	5.179	1.626
328.2	5.185	1.602
328.3	5.189	1.584
328.4	5.192	1.574
328.5	5.198	1.569
328.6	5.205	1.57
328.7	5.216	1.575
328.8	5.225	1.585
328.9	5.225	1.604
329	5.219	1.627
329.1	5.212	1.652
329.2	5.202	1.684
329.3	5.191	1.724
329.4	5.176	1.768
329.5	5.155	1.808
329.6	5.135	1.843
329.7	5.119	1.874
329.8	5.108	1.896
329.9	5.104	1.909
330	5.106	1.914
330.1	5.115	1.909
330.2	5.128	1.895
330.3	5.143	1.876
330.4	5.159	1.857
330.5	5.174	1.842
330.6	5.185	1.832
330.7	5.196	1.826
330.8	5.207	1.823
330.9	5.223	1.823
331	5.238	1.824
331.1	5.246	1.824
331.2	5.25	1.823
331.3	5.25	1.823
331.4	5.249	1.822
331.5	5.247	1.822
331.6	5.244	1.822
331.7	5.242	1.823
331.8	5.24	1.824
331.9	5.237	1.826
332	5.236	1.827
332.1	5.235	1.829
332.2	5.234	1.83
332.3	5.232	1.832
332.4	5.232	1.833
332.5	5.231	1.833
332.6	5.231	1.834
332.7	5.231	1.833
332.8	5.237	1.831
332.9	5.243	1.828
333	5.247	1.824
333.1	5.248	1.82
333.2	5.248	1.818
333.3	5.248	1.817
333.4	5.247	1.817
333.5	5.246	1.818
333.6	5.245	1.819
333.7	5.243	1.821
333.8	5.242	1.822
333.9	5.243	1.823
334	5.243	1.823
334.1	5.243	1.824
334.2	5.242	1.823
334.3	5.241	1.822
334.4	5.242	1.821
334.5	5.244	1.821
334.6	5.25	1.821
334.7	5.256	1.82
334.8	5.267	1.818
334.9	5.283	1.811
335	5.299	1.8
335.1	5.309	1.788
335.2	5.313	1.781
335.3	5.316	1.775
335.4	5.317	1.769
335.5	5.317	1.762
335.6	5.317	1.755
335.7	5.315	1.749
335.8	5.313	1.747
335.9	5.311	1.746
336	5.309	1.746
336.1	5.31	1.749
336.2	5.309	1.748
336.3	5.308	1.748
336.4	5.306	1.747
336.5	5.305	1.746
336.6	5.305	1.744
336.7	5.306	1.743
336.8	5.308	1.742
336.9	5.312	1.741
337	5.315	1.739
337.1	5.318	1.738
337.2	5.323	1.738
337.3	5.328	1.737
337.4	5.334	1.738
337.5	5.341	1.741
337.6	5.349	1.746
337.7	5.355	1.756
337.8	5.358	1.772
337.9	5.356	1.785
338	5.353	1.793
338.1	5.35	1.799
338.2	5.344	1.802
338.3	5.334	1.806
338.4	5.318	1.811
338.5	5.299	1.818
338.6	5.28	1.819
338.7	5.261	1.823
338.8	5.241	1.829
338.9	5.218	1.837
339	5.192	1.845
339.1	5.165	1.853
339.2	5.137	1.862
339.3	5.111	1.87
339.4	5.088	1.878
339.5	5.066	1.884
339.6	5.045	1.89
339.7	5.028	1.897
339.8	5.016	1.903
339.9	5.011	1.903
340	5.015	1.897
340.1	5.027	1.886
340.2	5.049	1.872
340.3	5.08	1.857
340.4	5.121	1.838
340.5	5.164	1.812
340.6	5.207	1.779
340.7	5.243	1.742
340.8	5.269	1.709
340.9	5.286	1.683
341	5.299	1.665
341.1	5.308	1.658
341.2	5.315	1.664
341.3	5.322	1.684
341.4	5.332	1.714
341.5	5.346	1.748
341.6	5.358	1.776
341.7	5.359	1.798
341.8	5.352	1.812
341.9	5.34	1.822
342	5.324	1.828
342.1	5.308	1.831
342.2	5.288	1.828
342.3	5.264	1.82
342.4	5.235	1.807
342.5	5.205	1.792
342.6	5.174	1.774
342.7	5.144	1.759
342.8	5.118	1.746
342.9	5.098	1.739
343	5.087	1.736
343.1	5.085	1.736
343.2	5.097	1.736
343.3	5.117	1.733
343.4	5.14	1.727
343.5	5.161	1.72
343.6	5.177	1.714
343.7	5.188	1.715
343.8	5.191	1.721
343.9	5.187	1.731
344	5.18	1.746
344.1	5.169	1.762
344.2	5.158	1.776
344.3	5.146	1.787
344.4	5.134	1.795
344.5	5.123	1.803
344.6	5.112	1.808
344.7	5.104	1.812
344.8	5.097	1.817
344.9	5.091	1.822
345	5.087	1.827
345.1	5.085	1.835
345.2	5.084	1.847
345.3	5.086	1.86
345.4	5.088	1.872
345.5	5.092	1.883
345.6	5.097	1.894
345.7	5.101	1.9
345.8	5.106	1.904
345.9	5.11	1.905
346	5.111	1.902
346.1	5.111	1.894
346.2	5.111	1.885
346.3	5.111	1.875
346.4	5.109	1.864
346.5	5.108	1.854
346.6	5.106	1.844
346.7	5.104	1.837
346.8	5.101	1.832
346.9	5.096	1.829
347	5.091	1.827
347.1	5.087	1.827
347.2	5.084	1.829
347.3	5.082	1.831
347.4	5.081	1.828
347.5	5.083	1.816
347.6	5.095	1.796
347.7	5.115	1.778
347.8	5.14	1.766
347.9	5.165	1.759
348	5.187	1.757
348.1	5.204	1.757
348.2	5.221	1.757
348.3	5.236	1.76
348.4	5.246	1.761
