Time	X	Z
0	1.885	3.718
0.1	1.885	3.718
0.2	1.885	3.718
0.3	1.885	3.718
0.4	1.885	3.718
0.5	1.885	3.718
0.6	1.885	3.718
0.7	1.885	3.718
0.8	1.885	3.718
0.9	1.885	3.718
1	1.885	3.718
1.1	1.885	3.718
1.2	1.885	3.718
1.3	1.885	3.718
1.4	1.885	3.718
1.5	1.885	3.718
1.6	1.885	3.718
1.7	1.885	3.718
1.8	1.885	3.718
1.9	1.885	3.718
2	1.885	3.718
2.1	1.885	3.718
2.2	1.885	3.718
2.3	1.885	3.718
2.4	1.885	3.718
2.5	1.885	3.718
2.6	1.885	3.718
2.7	1.885	3.718
2.8	1.885	3.718
2.9	1.885	3.718
3	1.885	3.718
3.1	1.885	3.718
3.2	1.885	3.718
3.3	1.885	3.718
3.4	1.885	3.718
3.5	1.885	3.718
3.6	1.885	3.718
3.7	1.885	3.718
3.8	1.885	3.718
3.9	1.885	3.718
4	1.885	3.718
4.1	1.885	3.718
4.2	1.885	3.718
4.3	1.885	3.718
4.4	1.885	3.718
4.5	1.885	3.718
4.6	1.885	3.718
4.7	1.885	3.718
4.8	1.885	3.718
4.9	1.885	3.718
5	1.885	3.718
5.1	1.885	3.718
5.2	1.885	3.718
5.3	1.885	3.718
5.4	1.885	3.718
5.5	1.885	3.718
5.6	1.885	3.718
5.7	1.885	3.718
5.8	1.885	3.718
5.9	1.885	3.718
6	1.885	3.718
6.1	1.885	3.718
6.2	1.885	3.718
6.3	1.885	3.718
6.4	1.885	3.718
6.5	1.885	3.718
6.6	1.885	3.718
6.7	1.885	3.718
6.8	1.885	3.718
6.9	1.885	3.718
7	1.885	3.718
7.1	1.885	3.718
7.2	1.885	3.718
7.3	1.885	3.718
7.4	1.885	3.718
7.5	1.885	3.718
7.6	1.885	3.718
7.7	1.885	3.718
7.8	1.885	3.718
7.9	1.885	3.718
8	1.885	3.718
8.1	1.885	3.718
8.2	1.885	3.718
8.3	1.885	3.718
8.4	1.885	3.718
8.5	1.885	3.718
8.6	1.885	3.718
8.7	1.885	3.718
8.8	1.885	3.718
8.9	1.885	3.718
9	1.885	3.718
9.1	1.885	3.718
9.2	1.885	3.718
9.3	1.885	3.718
9.4	1.885	3.718
9.5	1.885	3.718
9.6	1.885	3.718
9.7	1.885	3.718
9.8	1.885	3.718
9.9	1.885	3.718
10	1.885	3.718
10.1	1.885	3.718
10.2	1.885	3.718
10.3	1.885	3.718
10.4	1.885	3.718
10.5	1.885	3.718
10.6	1.885	3.718
10.7	1.885	3.718
10.8	1.885	3.718
10.9	1.885	3.718
11	1.885	3.718
11.1	1.885	3.718
11.2	1.885	3.718
11.3	1.885	3.718
11.4	1.885	3.718
11.5	1.885	3.718
11.6	1.885	3.718
11.7	1.885	3.718
11.8	1.885	3.718
11.9	1.885	3.718
12	1.885	3.718
12.1	1.885	3.718
12.2	1.885	3.718
12.3	1.885	3.718
12.4	1.885	3.718
12.5	1.885	3.718
12.6	1.885	3.718
12.7	1.885	3.718
12.8	1.885	3.718
12.9	1.885	3.718
13	1.885	3.718
13.1	1.885	3.718
13.2	1.885	3.718
13.3	1.885	3.718
13.4	1.885	3.718
13.5	1.885	3.718
13.6	1.885	3.718
13.7	1.885	3.718
13.8	1.885	3.718
13.9	1.885	3.718
14	1.885	3.718
14.1	1.885	3.718
14.2	1.885	3.718
14.3	1.885	3.718
14.4	1.885	3.718
14.5	1.885	3.718
14.6	1.885	3.718
14.7	1.885	3.718
14.8	1.885	3.718
14.9	1.885	3.718
15	1.885	3.718
15.1	1.885	3.718
15.2	1.885	3.718
15.3	1.885	3.718
15.4	1.885	3.718
15.5	1.885	3.718
15.6	1.885	3.718
15.7	1.885	3.718
15.8	1.885	3.718
15.9	1.885	3.718
16	1.885	3.718
16.1	1.885	3.718
16.2	1.885	3.718
16.3	1.885	3.718
16.4	1.885	3.718
16.5	1.885	3.718
16.6	1.885	3.718
16.7	1.885	3.718
16.8	1.885	3.718
16.9	1.885	3.718
17	1.885	3.718
17.1	1.885	3.718
17.2	1.885	3.718
17.3	1.885	3.718
17.4	1.885	3.718
17.5	1.885	3.718
17.6	1.885	3.718
17.7	1.885	3.718
17.8	1.885	3.718
17.9	1.885	3.718
18	1.885	3.718
18.1	1.885	3.718
18.2	1.885	3.718
18.3	1.885	3.718
18.4	1.885	3.718
18.5	1.885	3.718
18.6	1.885	3.718
18.7	1.885	3.718
18.8	1.885	3.718
18.9	1.885	3.718
19	1.885	3.718
19.1	1.885	3.718
19.2	1.885	3.718
19.3	1.885	3.718
19.4	1.885	3.718
19.5	1.885	3.718
19.6	1.885	3.718
19.7	1.885	3.718
19.8	1.885	3.718
19.9	1.885	3.718
20	1.885	3.718
20.1	1.885	3.718
20.2	1.885	3.718
20.3	1.885	3.718
20.4	1.885	3.718
20.5	1.885	3.718
20.6	1.885	3.718
20.7	1.885	3.718
20.8	1.885	3.718
20.9	1.885	3.718
21	1.885	3.718
21.1	1.885	3.718
21.2	1.885	3.718
21.3	1.885	3.718
21.4	1.885	3.718
21.5	1.885	3.718
21.6	1.885	3.718
21.7	1.885	3.718
21.8	1.885	3.718
21.9	1.885	3.718
22	1.885	3.718
22.1	1.885	3.718
22.2	1.885	3.718
22.3	1.885	3.718
22.4	1.885	3.718
22.5	1.885	3.718
22.6	1.885	3.718
22.7	1.885	3.718
22.8	1.885	3.718
22.9	1.885	3.718
23	1.885	3.718
23.1	1.885	3.718
23.2	1.885	3.718
23.3	1.885	3.718
23.4	1.885	3.718
23.5	1.885	3.718
23.6	1.885	3.718
23.7	1.885	3.718
23.8	1.885	3.718
23.9	1.885	3.718
24	1.885	3.718
24.1	1.885	3.718
24.2	1.885	3.718
24.3	1.885	3.718
24.4	1.885	3.718
24.5	1.885	3.718
24.6	1.885	3.718
24.7	1.885	3.718
24.8	1.885	3.718
24.9	1.885	3.718
25	1.885	3.718
25.1	1.885	3.718
25.2	1.885	3.718
25.3	1.885	3.718
25.4	1.885	3.718
25.5	1.885	3.718
25.6	1.885	3.718
25.7	1.885	3.718
25.8	1.885	3.718
25.9	1.885	3.718
26	1.885	3.718
26.1	1.885	3.718
26.2	1.885	3.718
26.3	1.885	3.718
26.4	1.885	3.718
26.5	1.885	3.718
26.6	1.885	3.718
26.7	1.885	3.718
26.8	1.885	3.718
26.9	1.885	3.718
27	1.885	3.718
27.1	1.885	3.718
27.2	1.885	3.718
27.3	1.885	3.718
27.4	1.885	3.718
27.5	1.885	3.718
27.6	1.885	3.718
27.7	1.885	3.718
27.8	1.885	3.718
27.9	1.885	3.718
28	1.885	3.718
28.1	1.885	3.718
28.2	1.885	3.718
28.3	1.885	3.718
28.4	1.885	3.718
28.5	1.885	3.718
28.6	1.885	3.718
28.7	1.885	3.718
28.8	1.885	3.718
28.9	1.885	3.718
29	1.885	3.718
29.1	1.885	3.718
29.2	1.885	3.718
29.3	1.885	3.718
29.4	1.885	3.718
29.5	1.885	3.718
29.6	1.885	3.718
29.7	1.885	3.718
29.8	1.885	3.718
29.9	1.885	3.718
30	1.885	3.718
30.1	1.885	3.718
30.2	1.885	3.718
30.3	1.885	3.718
30.4	1.885	3.718
30.5	1.885	3.718
30.6	1.885	3.718
30.7	1.885	3.718
30.8	1.885	3.718
30.9	1.885	3.718
31	1.885	3.718
31.1	1.885	3.718
31.2	1.885	3.718
31.3	1.885	3.718
31.4	1.885	3.718
31.5	1.885	3.718
31.6	1.885	3.718
31.7	1.885	3.718
31.8	1.885	3.718
31.9	1.885	3.718
32	1.885	3.718
32.1	1.885	3.718
32.2	1.885	3.718
32.3	1.885	3.718
32.4	1.885	3.718
32.5	1.885	3.718
32.6	1.885	3.718
32.7	1.885	3.718
32.8	1.885	3.718
32.9	1.885	3.718
33	1.885	3.718
33.1	1.885	3.718
33.2	1.885	3.718
33.3	1.885	3.718
33.4	1.885	3.718
33.5	1.885	3.718
33.6	1.885	3.718
33.7	1.885	3.718
33.8	1.885	3.718
33.9	1.885	3.718
34	1.885	3.718
34.1	1.885	3.718
34.2	1.885	3.718
34.3	1.885	3.718
34.4	1.885	3.718
34.5	1.885	3.718
34.6	1.885	3.718
34.7	1.885	3.718
34.8	1.885	3.718
34.9	1.885	3.718
35	1.885	3.718
35.1	1.885	3.718
35.2	1.885	3.718
35.3	1.885	3.718
35.4	1.885	3.718
35.5	1.885	3.718
35.6	1.885	3.718
35.7	1.885	3.718
35.8	1.885	3.718
35.9	1.885	3.718
36	1.885	3.718
36.1	1.885	3.718
36.2	1.885	3.718
36.3	1.885	3.718
36.4	1.885	3.718
36.5	1.885	3.718
36.6	1.885	3.718
36.7	1.885	3.718
36.8	1.885	3.718
36.9	1.885	3.718
37	1.885	3.718
37.1	1.885	3.718
37.2	1.885	3.718
37.3	1.885	3.718
37.4	1.885	3.718
37.5	1.885	3.718
37.6	1.885	3.718
37.7	1.885	3.718
37.8	1.885	3.718
37.9	1.885	3.718
38	1.885	3.718
38.1	1.885	3.718
38.2	1.885	3.718
38.3	1.885	3.718
38.4	1.885	3.718
38.5	1.885	3.718
38.6	1.885	3.718
38.7	1.885	3.718
38.8	1.885	3.718
38.9	1.885	3.718
39	1.885	3.718
39.1	1.885	3.718
39.2	1.885	3.718
39.3	1.885	3.718
39.4	1.885	3.718
39.5	1.885	3.718
39.6	1.885	3.718
39.7	1.885	3.718
39.8	1.885	3.718
39.9	1.885	3.718
40	1.885	3.718
40.1	1.885	3.718
40.2	1.885	3.718
40.3	1.885	3.718
40.4	1.885	3.718
40.5	1.885	3.718
40.6	1.885	3.718
40.7	1.885	3.718
40.8	1.885	3.718
40.9	1.885	3.718
41	1.885	3.718
41.1	1.885	3.718
41.2	1.885	3.718
41.3	1.885	3.718
41.4	1.885	3.718
41.5	1.885	3.718
41.6	1.885	3.718
41.7	1.885	3.718
41.8	1.885	3.718
41.9	1.885	3.718
42	1.885	3.718
42.1	1.885	3.718
42.2	1.885	3.718
42.3	1.885	3.718
42.4	1.885	3.718
42.5	1.885	3.718
42.6	1.885	3.718
42.7	1.885	3.718
42.8	1.885	3.718
42.9	1.885	3.718
43	1.885	3.718
43.1	1.885	3.718
43.2	1.885	3.718
43.3	1.885	3.718
43.4	1.885	3.718
43.5	1.885	3.718
43.6	1.885	3.718
43.7	1.885	3.718
43.8	1.885	3.718
43.9	1.885	3.718
44	1.885	3.718
44.1	1.885	3.718
44.2	1.885	3.718
44.3	1.885	3.718
44.4	1.885	3.718
44.5	1.885	3.718
44.6	1.885	3.718
44.7	1.885	3.718
44.8	1.885	3.718
44.9	1.885	3.718
45	1.885	3.718
45.1	1.885	3.718
45.2	1.885	3.718
45.3	1.885	3.718
45.4	1.885	3.718
45.5	1.885	3.718
45.6	1.885	3.718
45.7	1.885	3.718
45.8	1.885	3.718
45.9	1.885	3.718
46	1.885	3.718
46.1	1.885	3.718
46.2	1.885	3.718
46.3	1.885	3.718
46.4	1.885	3.718
46.5	1.885	3.718
46.6	1.885	3.718
46.7	1.885	3.718
46.8	1.885	3.718
46.9	1.885	3.718
47	1.885	3.718
47.1	1.885	3.718
47.2	1.885	3.718
47.3	1.885	3.718
47.4	1.885	3.718
47.5	1.885	3.718
47.6	1.885	3.718
47.7	1.885	3.718
47.8	1.885	3.718
47.9	1.885	3.718
48	1.885	3.718
48.1	1.885	3.718
48.2	1.885	3.718
48.3	1.885	3.718
48.4	1.885	3.718
48.5	1.885	3.718
48.6	1.885	3.718
48.7	1.885	3.718
48.8	1.885	3.718
48.9	1.885	3.718
49	1.885	3.718
49.1	1.885	3.718
49.2	1.885	3.718
49.3	1.885	3.718
49.4	1.885	3.718
49.5	1.885	3.718
49.6	1.885	3.718
49.7	1.885	3.718
49.8	1.885	3.718
49.9	1.885	3.718
50	1.885	3.718
50.1	1.885	3.718
50.2	1.885	3.718
50.3	1.885	3.718
50.4	1.885	3.718
50.5	1.885	3.718
50.6	1.885	3.718
50.7	1.885	3.718
50.8	1.885	3.718
50.9	1.885	3.718
51	1.885	3.718
51.1	1.885	3.718
51.2	1.885	3.718
51.3	1.885	3.718
51.4	1.885	3.718
51.5	1.885	3.718
51.6	1.885	3.718
51.7	1.885	3.718
51.8	1.885	3.718
51.9	1.885	3.718
52	1.885	3.718
52.1	1.885	3.718
52.2	1.885	3.718
52.3	1.885	3.718
52.4	1.885	3.718
52.5	1.885	3.718
52.6	1.885	3.718
52.7	1.885	3.718
52.8	1.885	3.718
52.9	1.885	3.718
53	1.885	3.718
53.1	1.885	3.718
53.2	1.885	3.718
53.3	1.885	3.718
53.4	1.885	3.718
53.5	1.885	3.718
53.6	1.885	3.718
53.7	1.885	3.718
53.8	1.885	3.718
53.9	1.885	3.718
54	1.885	3.718
54.1	1.885	3.718
54.2	1.885	3.718
54.3	1.885	3.718
54.4	1.885	3.718
54.5	1.885	3.718
54.6	1.885	3.718
54.7	1.885	3.718
54.8	1.885	3.718
54.9	1.885	3.718
55	1.885	3.718
55.1	1.885	3.718
55.2	1.885	3.718
55.3	1.885	3.718
55.4	1.885	3.718
55.5	1.885	3.718
55.6	1.885	3.718
55.7	1.885	3.718
55.8	1.885	3.718
55.9	1.885	3.718
56	1.885	3.718
56.1	1.885	3.718
56.2	1.885	3.718
56.3	1.885	3.718
56.4	1.885	3.718
56.5	1.885	3.718
56.6	1.885	3.718
56.7	1.885	3.718
56.8	1.885	3.718
56.9	1.885	3.718
57	1.885	3.718
57.1	1.885	3.718
57.2	1.885	3.718
57.3	1.885	3.718
57.4	1.885	3.718
57.5	1.885	3.718
57.6	1.885	3.718
57.7	1.885	3.718
57.8	1.885	3.718
57.9	1.885	3.718
58	1.885	3.718
58.1	1.885	3.718
58.2	1.885	3.718
58.3	1.885	3.718
58.4	1.885	3.718
58.5	1.885	3.718
58.6	1.885	3.718
58.7	1.885	3.718
58.8	1.885	3.718
58.9	1.885	3.718
59	1.885	3.718
59.1	1.885	3.718
59.2	1.885	3.718
59.3	1.885	3.718
59.4	1.885	3.718
59.5	1.885	3.718
59.6	1.885	3.718
59.7	1.885	3.718
59.8	1.885	3.718
59.9	1.885	3.718
60	1.885	3.718
60.1	1.885	3.718
60.2	1.885	3.718
60.3	1.885	3.718
60.4	1.885	3.718
60.5	1.885	3.718
60.6	1.885	3.718
60.7	1.885	3.718
60.8	1.885	3.718
60.9	1.885	3.718
61	1.885	3.718
61.1	1.885	3.718
61.2	1.885	3.718
61.3	1.885	3.718
61.4	1.885	3.718
61.5	1.885	3.718
61.6	1.885	3.718
61.7	1.885	3.718
61.8	1.885	3.718
61.9	1.885	3.718
62	1.885	3.718
62.1	1.885	3.718
62.2	1.885	3.718
62.3	1.885	3.718
62.4	1.885	3.718
62.5	1.885	3.718
62.6	1.885	3.718
62.7	1.885	3.718
62.8	1.885	3.718
62.9	1.885	3.718
63	1.885	3.718
63.1	1.885	3.718
63.2	1.885	3.718
63.3	1.885	3.718
63.4	1.885	3.718
63.5	1.885	3.718
63.6	1.885	3.718
63.7	1.885	3.718
63.8	1.885	3.718
63.9	1.885	3.718
64	1.885	3.718
64.1	1.885	3.718
64.2	1.885	3.718
64.3	1.885	3.718
64.4	1.885	3.718
64.5	1.885	3.718
64.6	1.885	3.718
64.7	1.885	3.718
64.8	1.885	3.718
64.9	1.885	3.718
65	1.885	3.718
65.1	1.885	3.718
65.2	1.885	3.718
65.3	1.885	3.718
65.4	1.885	3.718
65.5	1.885	3.718
65.6	1.885	3.718
65.7	1.885	3.718
65.8	1.885	3.718
65.9	1.885	3.718
66	1.885	3.718
66.1	1.885	3.718
66.2	1.885	3.718
66.3	1.885	3.718
66.4	1.885	3.718
66.5	1.885	3.718
66.6	1.885	3.718
66.7	1.885	3.718
66.8	1.885	3.718
66.9	1.885	3.718
67	1.885	3.718
67.1	1.885	3.718
67.2	1.885	3.718
67.3	1.885	3.718
67.4	1.885	3.718
67.5	1.885	3.718
67.6	1.885	3.718
67.7	1.885	3.718
67.8	1.885	3.718
67.9	1.885	3.718
68	1.885	3.718
68.1	1.885	3.718
68.2	1.885	3.718
68.3	1.885	3.718
68.4	1.885	3.718
68.5	1.885	3.718
68.6	1.885	3.718
68.7	1.885	3.718
68.8	1.885	3.718
68.9	1.885	3.718
69	1.885	3.718
69.1	1.885	3.718
69.2	1.885	3.718
69.3	1.885	3.718
69.4	1.885	3.718
69.5	1.885	3.718
69.6	1.885	3.718
69.7	1.885	3.718
69.8	1.885	3.718
69.9	1.885	3.718
70	1.885	3.718
70.1	1.885	3.718
70.2	1.885	3.718
70.3	1.885	3.718
70.4	1.885	3.718
70.5	1.885	3.718
70.6	1.885	3.718
70.7	1.885	3.718
70.8	1.885	3.718
70.9	1.885	3.718
71	1.885	3.718
71.1	1.885	3.718
71.2	1.885	3.718
71.3	1.885	3.718
71.4	1.885	3.718
71.5	1.885	3.718
71.6	1.885	3.718
71.7	1.885	3.718
71.8	1.885	3.718
71.9	1.885	3.718
72	1.885	3.718
72.1	1.885	3.718
72.2	1.885	3.718
72.3	1.885	3.718
72.4	1.885	3.718
72.5	1.885	3.718
72.6	1.885	3.718
72.7	1.885	3.718
72.8	1.885	3.718
72.9	1.885	3.718
73	1.885	3.718
73.1	1.885	3.718
73.2	1.885	3.718
73.3	1.885	3.718
73.4	1.885	3.718
73.5	1.885	3.718
73.6	1.885	3.718
73.7	1.885	3.718
73.8	1.885	3.718
73.9	1.885	3.718
74	1.885	3.718
74.1	1.885	3.718
74.2	1.885	3.718
74.3	1.885	3.718
74.4	1.885	3.718
74.5	1.885	3.718
74.6	1.885	3.718
74.7	1.885	3.718
74.8	1.885	3.718
74.9	1.885	3.718
75	1.885	3.718
75.1	1.885	3.718
75.2	1.885	3.718
75.3	1.885	3.718
75.4	1.885	3.718
75.5	1.885	3.718
75.6	1.885	3.718
75.7	1.885	3.718
75.8	1.885	3.718
75.9	1.885	3.718
76	1.885	3.718
76.1	1.885	3.718
76.2	1.885	3.718
76.3	1.885	3.718
76.4	1.885	3.718
76.5	1.885	3.718
76.6	1.885	3.718
76.7	1.885	3.718
76.8	1.885	3.718
76.9	1.885	3.718
77	1.885	3.718
77.1	1.885	3.718
77.2	1.885	3.718
77.3	1.885	3.718
77.4	1.885	3.718
77.5	1.885	3.718
77.6	1.885	3.718
77.7	1.885	3.718
77.8	1.885	3.718
77.9	1.885	3.718
78	1.885	3.718
78.1	1.885	3.718
78.2	1.885	3.718
78.3	1.885	3.718
78.4	1.885	3.718
78.5	1.885	3.718
78.6	1.885	3.718
78.7	1.885	3.718
78.8	1.885	3.718
78.9	1.885	3.718
79	1.885	3.718
79.1	1.885	3.718
79.2	1.885	3.718
79.3	1.885	3.718
79.4	1.885	3.718
79.5	1.885	3.718
79.6	1.885	3.718
79.7	1.885	3.718
79.8	1.885	3.718
79.9	1.885	3.718
80	1.885	3.718
80.1	1.885	3.718
80.2	1.885	3.718
80.3	1.885	3.718
80.4	1.885	3.718
80.5	1.885	3.718
80.6	1.885	3.718
80.7	1.885	3.718
80.8	1.885	3.718
80.9	1.885	3.718
81	1.885	3.718
81.1	1.885	3.718
81.2	1.885	3.718
81.3	1.885	3.718
81.4	1.885	3.718
81.5	1.885	3.718
81.6	1.885	3.718
81.7	1.885	3.718
81.8	1.885	3.718
81.9	1.885	3.718
82	1.885	3.718
82.1	1.885	3.718
82.2	1.885	3.718
82.3	1.885	3.718
82.4	1.885	3.718
82.5	1.885	3.718
82.6	1.885	3.718
82.7	1.885	3.718
82.8	1.885	3.718
82.9	1.885	3.718
83	1.885	3.718
83.1	1.885	3.718
83.2	1.885	3.718
83.3	1.885	3.718
83.4	1.885	3.718
83.5	1.885	3.718
83.6	1.885	3.718
83.7	1.885	3.718
83.8	1.885	3.718
83.9	1.885	3.718
84	1.885	3.718
84.1	1.885	3.718
84.2	1.885	3.718
84.3	1.885	3.718
84.4	1.885	3.718
84.5	1.885	3.718
84.6	1.885	3.718
84.7	1.885	3.718
84.8	1.885	3.718
84.9	1.885	3.718
85	1.885	3.718
85.1	1.885	3.718
85.2	1.885	3.718
85.3	1.885	3.718
85.4	1.885	3.718
85.5	1.885	3.718
85.6	1.885	3.718
85.7	1.885	3.718
85.8	1.885	3.718
85.9	1.885	3.718
86	1.885	3.718
86.1	1.885	3.718
86.2	1.885	3.718
86.3	1.885	3.718
86.4	1.885	3.718
86.5	1.885	3.718
86.6	1.885	3.718
86.7	1.885	3.718
86.8	1.885	3.718
86.9	1.885	3.718
87	1.885	3.718
87.1	1.885	3.718
87.2	1.885	3.718
87.3	1.885	3.718
87.4	1.885	3.718
87.5	1.885	3.718
87.6	1.885	3.718
87.7	1.885	3.718
87.8	1.885	3.718
87.9	1.885	3.718
88	1.885	3.718
88.1	1.885	3.718
88.2	1.885	3.718
88.3	1.885	3.718
88.4	1.885	3.718
88.5	1.885	3.718
88.6	1.885	3.718
88.7	1.885	3.718
88.8	1.885	3.718
88.9	1.885	3.718
89	1.885	3.718
89.1	1.885	3.718
89.2	1.885	3.718
89.3	1.885	3.718
89.4	1.885	3.718
89.5	1.885	3.718
89.6	1.885	3.718
89.7	1.885	3.718
89.8	1.885	3.718
89.9	1.885	3.718
90	1.885	3.718
90.1	1.885	3.718
90.2	1.885	3.718
90.3	1.885	3.718
90.4	1.885	3.718
90.5	1.885	3.718
90.6	1.885	3.718
90.7	1.885	3.718
90.8	1.885	3.718
90.9	1.885	3.718
91	1.885	3.718
91.1	1.885	3.718
91.2	1.885	3.718
91.3	1.885	3.718
91.4	1.885	3.718
91.5	1.885	3.718
91.6	1.885	3.718
91.7	1.885	3.718
91.8	1.885	3.718
91.9	1.885	3.718
92	1.885	3.718
92.1	1.885	3.718
92.2	1.885	3.718
92.3	1.885	3.718
92.4	1.885	3.718
92.5	1.885	3.718
92.6	1.885	3.718
92.7	1.885	3.718
92.8	1.885	3.718
92.9	1.885	3.718
93	1.885	3.718
93.1	1.885	3.718
93.2	1.885	3.718
93.3	1.885	3.718
93.4	1.885	3.718
93.5	1.885	3.718
93.6	1.885	3.718
93.7	1.885	3.718
93.8	1.885	3.718
93.9	1.885	3.718
94	1.885	3.718
94.1	1.885	3.718
94.2	1.885	3.718
94.3	1.885	3.718
94.4	1.885	3.718
94.5	1.885	3.718
94.6	1.885	3.718
94.7	1.885	3.718
94.8	1.885	3.718
94.9	1.885	3.718
95	1.885	3.718
95.1	1.885	3.718
95.2	1.885	3.718
95.3	1.885	3.718
95.4	1.885	3.718
95.5	1.885	3.718
95.6	1.885	3.718
95.7	1.885	3.718
95.8	1.885	3.718
95.9	1.885	3.718
96	1.885	3.718
96.1	1.885	3.718
96.2	1.885	3.718
96.3	1.885	3.718
96.4	1.885	3.718
96.5	1.885	3.718
96.6	1.885	3.718
96.7	1.885	3.718
96.8	1.885	3.718
96.9	1.885	3.718
97	1.885	3.718
97.1	1.885	3.718
97.2	1.885	3.718
97.3	1.885	3.718
97.4	1.885	3.718
97.5	1.885	3.718
97.6	1.885	3.718
97.7	1.885	3.718
97.8	1.885	3.718
97.9	1.885	3.718
98	1.885	3.718
98.1	1.885	3.718
98.2	1.885	3.718
98.3	1.885	3.718
98.4	1.885	3.718
98.5	1.885	3.718
98.6	1.885	3.718
98.7	1.885	3.718
98.8	1.885	3.718
98.9	1.885	3.718
99	1.885	3.718
99.1	1.885	3.718
99.2	1.885	3.718
99.3	1.885	3.718
99.4	1.885	3.718
99.5	1.885	3.718
99.6	1.885	3.718
99.7	1.885	3.718
99.8	1.885	3.718
99.9	1.885	3.718
100	1.885	3.718
100.1	1.885	3.718
100.2	1.885	3.718
100.3	1.885	3.718
100.4	1.885	3.718
100.5	1.885	3.718
100.6	1.885	3.718
100.7	1.885	3.718
100.8	1.885	3.718
100.9	1.885	3.718
101	1.885	3.718
101.1	1.885	3.718
101.2	1.885	3.718
101.3	1.885	3.718
101.4	1.885	3.718
101.5	1.885	3.718
101.6	1.885	3.718
101.7	1.885	3.718
101.8	1.885	3.718
101.9	1.885	3.718
102	1.885	3.718
102.1	1.885	3.718
102.2	1.885	3.718
102.3	1.885	3.718
102.4	1.885	3.718
102.5	1.885	3.718
102.6	1.885	3.718
102.7	1.885	3.718
102.8	1.885	3.718
102.9	1.885	3.718
103	1.885	3.718
103.1	1.885	3.718
103.2	1.885	3.718
103.3	1.885	3.718
103.4	1.885	3.718
103.5	1.885	3.718
103.6	1.885	3.718
103.7	1.885	3.718
103.8	1.885	3.718
103.9	1.885	3.718
104	1.885	3.718
104.1	1.885	3.718
104.2	1.885	3.718
104.3	1.885	3.718
104.4	1.885	3.718
104.5	1.885	3.718
104.6	1.885	3.718
104.7	1.885	3.718
104.8	1.885	3.718
104.9	1.885	3.718
105	1.885	3.718
105.1	1.885	3.718
105.2	1.885	3.718
105.3	1.885	3.718
105.4	1.885	3.718
105.5	1.885	3.718
105.6	1.885	3.718
105.7	1.885	3.718
105.8	1.885	3.718
105.9	1.885	3.718
106	1.885	3.718
106.1	1.885	3.718
106.2	1.885	3.718
106.3	1.885	3.718
106.4	1.885	3.718
106.5	1.885	3.718
106.6	1.885	3.718
106.7	1.885	3.718
106.8	1.885	3.718
106.9	1.885	3.718
107	1.885	3.718
107.1	1.885	3.718
107.2	1.885	3.718
107.3	1.885	3.718
107.4	1.885	3.718
107.5	1.885	3.718
107.6	1.885	3.718
107.7	1.885	3.718
107.8	1.885	3.718
107.9	1.885	3.718
108	1.885	3.718
108.1	1.885	3.718
108.2	1.885	3.718
108.3	1.885	3.718
108.4	1.885	3.718
108.5	1.885	3.718
108.6	1.885	3.718
108.7	1.885	3.718
108.8	1.885	3.718
108.9	1.885	3.718
109	1.885	3.718
109.1	1.885	3.718
109.2	1.885	3.718
109.3	1.885	3.718
109.4	1.885	3.718
109.5	1.885	3.718
109.6	1.885	3.718
109.7	1.885	3.718
109.8	1.885	3.718
109.9	1.885	3.718
110	1.885	3.718
110.1	1.885	3.718
110.2	1.885	3.718
110.3	1.885	3.718
110.4	1.885	3.718
110.5	1.885	3.718
110.6	1.885	3.718
110.7	1.885	3.718
110.8	1.885	3.718
110.9	1.885	3.718
111	1.885	3.718
111.1	1.885	3.718
111.2	1.885	3.718
111.3	1.885	3.718
111.4	1.885	3.718
111.5	1.885	3.718
111.6	1.885	3.718
111.7	1.885	3.718
111.8	1.885	3.718
111.9	1.885	3.718
112	1.885	3.718
112.1	1.885	3.718
112.2	1.885	3.718
112.3	1.885	3.718
112.4	1.885	3.718
112.5	1.885	3.718
112.6	1.885	3.718
112.7	1.885	3.718
112.8	1.885	3.718
112.9	1.885	3.718
113	1.885	3.718
113.1	1.885	3.718
113.2	1.885	3.718
113.3	1.885	3.718
113.4	1.885	3.718
113.5	1.885	3.718
113.6	1.885	3.718
113.7	1.885	3.718
113.8	1.885	3.718
113.9	1.885	3.718
114	1.885	3.718
114.1	1.885	3.718
114.2	1.885	3.718
114.3	1.885	3.718
114.4	1.885	3.718
114.5	1.885	3.718
114.6	1.885	3.718
114.7	1.885	3.718
114.8	1.885	3.718
114.9	1.885	3.718
115	1.885	3.718
115.1	1.885	3.718
115.2	1.885	3.718
115.3	1.885	3.718
115.4	1.885	3.718
115.5	1.885	3.718
115.6	1.885	3.718
115.7	1.885	3.718
115.8	1.885	3.718
115.9	1.885	3.718
116	1.885	3.718
116.1	1.885	3.718
116.2	1.885	3.718
116.3	1.885	3.718
116.4	1.885	3.718
116.5	1.885	3.718
116.6	1.885	3.718
116.7	1.885	3.718
116.8	1.885	3.718
116.9	1.885	3.718
117	1.885	3.718
117.1	1.885	3.718
117.2	1.885	3.718
117.3	1.885	3.718
117.4	1.885	3.718
117.5	1.885	3.718
117.6	1.885	3.718
117.7	1.885	3.718
117.8	1.885	3.718
117.9	1.885	3.718
118	1.885	3.718
118.1	1.885	3.718
118.2	1.885	3.718
118.3	1.885	3.718
118.4	1.885	3.718
118.5	1.885	3.718
118.6	1.885	3.718
118.7	1.885	3.718
118.8	1.885	3.718
118.9	1.885	3.718
119	1.885	3.718
119.1	1.885	3.718
119.2	1.885	3.718
119.3	1.885	3.718
119.4	1.885	3.718
119.5	1.885	3.718
119.6	1.885	3.718
119.7	1.885	3.718
119.8	1.885	3.718
119.9	1.885	3.718
120	1.885	3.718
120.1	1.885	3.718
120.2	1.885	3.718
120.3	1.885	3.718
120.4	1.885	3.718
120.5	1.885	3.718
120.6	1.885	3.718
120.7	1.885	3.718
120.8	1.885	3.718
120.9	1.885	3.718
121	1.885	3.718
121.1	1.885	3.718
121.2	1.885	3.718
121.3	1.885	3.718
121.4	1.885	3.718
121.5	1.885	3.718
121.6	1.885	3.718
121.7	1.885	3.718
121.8	1.885	3.718
121.9	1.885	3.718
122	1.885	3.718
122.1	1.885	3.718
122.2	1.885	3.718
122.3	1.885	3.718
122.4	1.885	3.718
122.5	1.885	3.718
122.6	1.885	3.718
122.7	1.885	3.718
122.8	1.885	3.718
122.9	1.885	3.718
123	1.885	3.718
123.1	1.885	3.718
123.2	1.885	3.718
123.3	1.885	3.718
123.4	1.885	3.718
123.5	1.885	3.718
123.6	1.885	3.718
123.7	1.885	3.718
123.8	1.885	3.718
123.9	1.885	3.718
124	1.885	3.718
124.1	1.885	3.718
124.2	1.885	3.718
124.3	1.885	3.718
124.4	1.885	3.718
124.5	1.885	3.718
124.6	1.885	3.718
124.7	1.885	3.718
124.8	1.885	3.718
124.9	1.885	3.718
125	1.885	3.718
125.1	1.885	3.718
125.2	1.885	3.718
125.3	1.885	3.718
125.4	1.885	3.718
125.5	1.885	3.718
125.6	1.885	3.718
125.7	1.885	3.718
125.8	1.885	3.718
125.9	1.885	3.718
126	1.885	3.718
126.1	1.885	3.718
126.2	1.885	3.718
126.3	1.885	3.718
126.4	1.885	3.718
126.5	1.885	3.718
126.6	1.885	3.718
126.7	1.885	3.718
126.8	1.885	3.718
126.9	1.885	3.718
127	1.885	3.718
127.1	1.885	3.718
127.2	1.885	3.718
127.3	1.885	3.718
127.4	1.885	3.718
127.5	1.885	3.718
127.6	1.885	3.718
127.7	1.885	3.718
127.8	1.885	3.718
127.9	1.885	3.718
128	1.885	3.718
128.1	1.885	3.718
128.2	1.885	3.718
128.3	1.885	3.718
128.4	1.885	3.718
128.5	1.885	3.718
128.6	1.885	3.718
128.7	1.885	3.718
128.8	1.885	3.718
128.9	1.885	3.718
129	1.885	3.718
129.1	1.885	3.718
129.2	1.885	3.718
129.3	1.885	3.718
129.4	1.885	3.718
129.5	1.885	3.718
129.6	1.885	3.718
129.7	1.885	3.718
129.8	1.885	3.718
129.9	1.885	3.718
130	1.885	3.718
130.1	1.885	3.718
130.2	1.885	3.718
130.3	1.885	3.718
130.4	1.885	3.718
130.5	1.885	3.718
130.6	1.885	3.718
130.7	1.885	3.718
130.8	1.885	3.718
130.9	1.885	3.718
131	1.885	3.718
131.1	1.885	3.718
131.2	1.885	3.718
131.3	1.885	3.718
131.4	1.885	3.718
131.5	1.885	3.718
131.6	1.885	3.718
131.7	1.885	3.718
131.8	1.885	3.718
131.9	1.885	3.718
132	1.885	3.718
132.1	1.885	3.718
132.2	1.885	3.718
132.3	1.885	3.718
132.4	1.885	3.718
132.5	1.885	3.718
132.6	1.885	3.718
132.7	1.885	3.718
132.8	1.885	3.718
132.9	1.885	3.718
133	1.885	3.718
133.1	1.885	3.718
133.2	1.885	3.718
133.3	1.885	3.718
133.4	1.885	3.718
133.5	1.885	3.718
133.6	1.885	3.718
133.7	1.885	3.718
133.8	1.885	3.718
133.9	1.885	3.718
134	1.885	3.718
134.1	1.885	3.718
134.2	1.885	3.718
134.3	1.885	3.718
134.4	1.885	3.718
134.5	1.885	3.718
134.6	1.885	3.718
134.7	1.885	3.718
134.8	1.885	3.718
134.9	1.885	3.718
135	1.885	3.718
135.1	1.885	3.718
135.2	1.885	3.718
135.3	1.885	3.718
135.4	1.885	3.718
135.5	1.885	3.718
135.6	1.885	3.718
135.7	1.885	3.718
135.8	1.885	3.718
135.9	1.885	3.718
136	1.885	3.718
136.1	1.885	3.718
136.2	1.885	3.718
136.3	1.885	3.718
136.4	1.885	3.718
136.5	1.885	3.718
136.6	1.885	3.718
136.7	1.885	3.718
136.8	1.885	3.718
136.9	1.885	3.718
137	1.885	3.718
137.1	1.885	3.718
137.2	1.885	3.718
137.3	1.885	3.718
137.4	1.885	3.718
137.5	1.885	3.718
137.6	1.885	3.718
137.7	1.885	3.718
137.8	1.885	3.718
137.9	1.885	3.718
138	1.885	3.718
138.1	1.885	3.718
138.2	1.885	3.718
138.3	1.885	3.718
138.4	1.885	3.718
138.5	1.885	3.718
138.6	1.885	3.718
138.7	1.885	3.718
138.8	1.885	3.718
138.9	1.885	3.718
139	1.885	3.718
139.1	1.885	3.718
139.2	1.885	3.718
139.3	1.885	3.718
139.4	1.885	3.718
139.5	1.885	3.718
139.6	1.885	3.718
139.7	1.885	3.718
139.8	1.885	3.718
139.9	1.885	3.718
140	1.885	3.718
140.1	1.885	3.718
140.2	1.885	3.718
140.3	1.885	3.718
140.4	1.885	3.718
140.5	1.885	3.718
140.6	1.885	3.718
140.7	1.885	3.718
140.8	1.885	3.718
140.9	1.885	3.718
141	1.885	3.718
141.1	1.885	3.718
141.2	1.885	3.718
141.3	1.885	3.718
141.4	1.885	3.718
141.5	1.885	3.718
141.6	1.885	3.718
141.7	1.885	3.718
141.8	1.885	3.718
141.9	1.885	3.718
142	1.885	3.718
142.1	1.885	3.718
142.2	1.885	3.718
142.3	1.885	3.718
142.4	1.885	3.718
142.5	1.885	3.718
142.6	1.885	3.718
142.7	1.885	3.718
142.8	1.885	3.718
142.9	1.885	3.718
143	1.885	3.718
143.1	1.885	3.718
143.2	1.885	3.718
143.3	1.885	3.718
143.4	1.885	3.718
143.5	1.885	3.718
143.6	1.885	3.718
143.7	1.885	3.718
143.8	1.885	3.718
143.9	1.885	3.718
144	1.885	3.718
144.1	1.885	3.718
144.2	1.885	3.718
144.3	1.885	3.718
144.4	1.885	3.718
144.5	1.885	3.718
144.6	1.885	3.718
144.7	1.885	3.718
144.8	1.885	3.718
144.9	1.885	3.718
145	1.885	3.718
145.1	1.885	3.718
145.2	1.885	3.718
145.3	1.885	3.718
145.4	1.885	3.718
145.5	1.885	3.718
145.6	1.885	3.718
145.7	1.885	3.718
145.8	1.885	3.718
145.9	1.885	3.718
146	1.885	3.718
146.1	1.885	3.718
146.2	1.885	3.718
146.3	1.885	3.718
146.4	1.885	3.718
146.5	1.885	3.718
146.6	1.885	3.718
146.7	1.885	3.718
146.8	1.885	3.718
146.9	1.885	3.718
147	1.885	3.718
147.1	1.885	3.718
147.2	1.885	3.718
147.3	1.885	3.718
147.4	1.885	3.718
147.5	1.885	3.718
147.6	1.885	3.718
147.7	1.885	3.718
147.8	1.885	3.718
147.9	1.885	3.718
148	1.885	3.718
148.1	1.885	3.718
148.2	1.885	3.718
148.3	1.885	3.718
148.4	1.885	3.718
148.5	1.885	3.718
148.6	1.885	3.718
148.7	1.885	3.718
148.8	1.885	3.718
148.9	1.885	3.718
149	1.885	3.718
149.1	1.885	3.718
149.2	1.885	3.718
149.3	1.885	3.718
149.4	1.885	3.718
149.5	1.885	3.718
149.6	1.885	3.718
149.7	1.885	3.718
149.8	1.885	3.718
149.9	1.885	3.718
150	1.885	3.718
150.1	1.885	3.718
150.2	1.885	3.718
150.3	1.885	3.718
150.4	1.885	3.718
150.5	1.885	3.718
150.6	1.885	3.718
150.7	1.885	3.718
150.8	1.885	3.718
150.9	1.885	3.718
151	1.885	3.718
151.1	1.885	3.718
151.2	1.885	3.718
151.3	1.885	3.718
151.4	1.885	3.718
151.5	1.885	3.718
151.6	1.885	3.718
151.7	1.885	3.718
151.8	1.885	3.718
151.9	1.885	3.718
152	1.885	3.718
152.1	1.885	3.718
152.2	1.885	3.718
152.3	1.885	3.718
152.4	1.885	3.718
152.5	1.885	3.718
152.6	1.885	3.718
152.7	1.885	3.718
152.8	1.885	3.718
152.9	1.885	3.718
153	1.885	3.718
153.1	1.885	3.718
153.2	1.885	3.718
153.3	1.885	3.718
153.4	1.885	3.718
153.5	1.885	3.718
153.6	1.885	3.718
153.7	1.885	3.718
153.8	1.885	3.718
153.9	1.885	3.718
154	1.885	3.718
154.1	1.885	3.718
154.2	1.885	3.718
154.3	1.885	3.718
154.4	1.885	3.718
154.5	1.885	3.718
154.6	1.885	3.718
154.7	1.885	3.718
154.8	1.885	3.718
154.9	1.885	3.718
155	1.885	3.718
155.1	1.885	3.718
155.2	1.885	3.718
155.3	1.885	3.718
155.4	1.885	3.718
155.5	1.885	3.718
155.6	1.885	3.718
155.7	1.885	3.718
155.8	1.885	3.718
155.9	1.885	3.718
156	1.885	3.718
156.1	1.885	3.718
156.2	1.885	3.718
156.3	1.885	3.718
156.4	1.885	3.718
156.5	1.885	3.718
156.6	1.885	3.718
156.7	1.885	3.718
156.8	1.885	3.718
156.9	1.885	3.718
157	1.885	3.718
157.1	1.885	3.718
157.2	1.885	3.718
157.3	1.885	3.718
157.4	1.885	3.718
157.5	1.885	3.718
157.6	1.885	3.718
157.7	1.885	3.718
157.8	1.885	3.718
157.9	1.885	3.718
158	1.885	3.718
158.1	1.885	3.718
158.2	1.885	3.718
158.3	1.885	3.718
158.4	1.885	3.718
158.5	1.885	3.718
158.6	1.885	3.718
158.7	1.885	3.718
158.8	1.885	3.718
158.9	1.885	3.718
159	1.885	3.718
159.1	1.885	3.718
159.2	1.885	3.718
159.3	1.885	3.718
159.4	1.885	3.718
159.5	1.885	3.718
159.6	1.885	3.718
159.7	1.885	3.718
159.8	1.885	3.718
159.9	1.885	3.718
160	1.885	3.718
160.1	1.885	3.718
160.2	1.885	3.718
160.3	1.885	3.718
160.4	1.885	3.718
160.5	1.885	3.718
160.6	1.885	3.718
160.7	1.885	3.718
160.8	1.885	3.718
160.9	1.885	3.718
161	1.885	3.718
161.1	1.885	3.718
161.2	1.885	3.718
161.3	1.885	3.718
161.4	1.885	3.718
161.5	1.885	3.718
161.6	1.885	3.718
161.7	1.885	3.718
161.8	1.885	3.718
161.9	1.885	3.718
162	1.885	3.718
162.1	1.885	3.718
162.2	1.885	3.718
162.3	1.885	3.718
162.4	1.885	3.718
162.5	1.885	3.718
162.6	1.885	3.718
162.7	1.885	3.718
162.8	1.885	3.718
162.9	1.885	3.718
163	1.885	3.718
163.1	1.885	3.718
163.2	1.885	3.718
163.3	1.885	3.718
163.4	1.885	3.718
163.5	1.885	3.718
163.6	1.885	3.718
163.7	1.885	3.718
163.8	1.885	3.718
163.9	1.885	3.718
164	1.885	3.718
164.1	1.885	3.718
164.2	1.885	3.718
164.3	1.885	3.718
164.4	1.885	3.718
164.5	1.885	3.718
164.6	1.885	3.718
164.7	1.885	3.718
164.8	1.885	3.718
164.9	1.885	3.718
165	1.885	3.718
165.1	1.885	3.718
165.2	1.885	3.718
165.3	1.885	3.718
165.4	1.885	3.718
165.5	1.885	3.718
165.6	1.885	3.718
165.7	1.885	3.718
165.8	1.885	3.718
165.9	1.885	3.718
166	1.885	3.718
166.1	1.885	3.718
166.2	1.885	3.718
166.3	1.885	3.718
166.4	1.885	3.718
166.5	1.885	3.718
166.6	1.885	3.718
166.7	1.885	3.718
166.8	1.885	3.718
166.9	1.885	3.718
167	1.885	3.718
167.1	1.885	3.718
167.2	1.885	3.718
167.3	1.885	3.718
167.4	1.885	3.718
167.5	1.885	3.718
167.6	1.885	3.718
167.7	1.885	3.718
167.8	1.885	3.718
167.9	1.885	3.718
168	1.885	3.718
168.1	1.885	3.718
168.2	1.885	3.718
168.3	1.885	3.718
168.4	1.885	3.718
168.5	1.885	3.718
168.6	1.885	3.718
168.7	1.885	3.718
168.8	1.885	3.718
168.9	1.885	3.718
169	1.885	3.718
169.1	1.885	3.718
169.2	1.885	3.718
169.3	1.885	3.718
169.4	1.885	3.718
169.5	1.885	3.718
169.6	1.885	3.718
169.7	1.885	3.718
169.8	1.885	3.718
169.9	1.885	3.718
170	1.885	3.718
170.1	1.885	3.718
170.2	1.885	3.718
170.3	1.885	3.718
170.4	1.885	3.718
170.5	1.885	3.718
170.6	1.885	3.718
170.7	1.885	3.718
170.8	1.885	3.718
170.9	1.885	3.718
171	1.885	3.718
171.1	1.885	3.718
171.2	1.885	3.718
171.3	1.885	3.718
171.4	1.885	3.718
171.5	1.885	3.718
171.6	1.885	3.718
171.7	1.885	3.718
171.8	1.885	3.718
171.9	1.885	3.718
172	1.885	3.718
172.1	1.885	3.718
172.2	1.885	3.718
172.3	1.885	3.718
172.4	1.885	3.718
172.5	1.885	3.718
172.6	1.885	3.718
172.7	1.885	3.718
172.8	1.885	3.718
172.9	1.885	3.718
173	1.885	3.718
173.1	1.885	3.718
173.2	1.885	3.718
173.3	1.885	3.718
173.4	1.885	3.718
173.5	1.885	3.718
173.6	1.885	3.718
173.7	1.885	3.718
173.8	1.885	3.718
173.9	1.885	3.718
174	1.885	3.718
174.1	1.885	3.718
174.2	1.885	3.718
174.3	1.885	3.718
174.4	1.885	3.718
174.5	1.885	3.718
174.6	1.885	3.718
174.7	1.885	3.718
174.8	1.885	3.718
174.9	1.885	3.718
175	1.885	3.718
175.1	1.885	3.718
175.2	1.885	3.718
175.3	1.885	3.718
175.4	1.885	3.718
175.5	1.885	3.718
175.6	1.885	3.718
175.7	1.885	3.718
175.8	1.885	3.718
175.9	1.885	3.718
176	1.885	3.718
176.1	1.885	3.718
176.2	1.885	3.718
176.3	1.885	3.718
176.4	1.885	3.718
176.5	1.885	3.718
176.6	1.885	3.718
176.7	1.885	3.718
176.8	1.885	3.718
176.9	1.885	3.718
177	1.885	3.718
177.1	1.885	3.718
177.2	1.885	3.718
177.3	1.885	3.718
177.4	1.885	3.718
177.5	1.885	3.718
177.6	1.885	3.718
177.7	1.885	3.718
177.8	1.885	3.718
177.9	1.885	3.718
178	1.885	3.718
178.1	1.885	3.718
178.2	1.885	3.718
178.3	1.885	3.718
178.4	1.885	3.718
178.5	1.885	3.718
178.6	1.885	3.718
178.7	1.885	3.718
178.8	1.885	3.718
178.9	1.885	3.718
179	1.885	3.718
179.1	1.885	3.718
179.2	1.885	3.718
179.3	1.885	3.718
179.4	1.885	3.718
179.5	1.885	3.718
179.6	1.885	3.718
179.7	1.885	3.718
179.8	1.885	3.718
179.9	1.885	3.718
180	1.885	3.718
180.1	1.885	3.718
180.2	1.885	3.718
180.3	1.885	3.718
180.4	1.885	3.718
180.5	1.885	3.718
180.6	1.885	3.718
180.7	1.885	3.718
180.8	1.885	3.718
180.9	1.885	3.718
181	1.885	3.718
181.1	1.885	3.718
181.2	1.885	3.718
181.3	1.885	3.718
181.4	1.885	3.718
181.5	1.885	3.718
181.6	1.885	3.718
181.7	1.885	3.718
181.8	1.885	3.718
181.9	1.885	3.718
182	1.885	3.718
182.1	1.885	3.718
182.2	1.885	3.718
182.3	1.885	3.718
182.4	1.885	3.718
182.5	1.885	3.718
182.6	1.885	3.718
182.7	1.885	3.718
182.8	1.885	3.718
182.9	1.885	3.718
183	1.885	3.718
183.1	1.885	3.718
183.2	1.885	3.718
183.3	1.885	3.718
183.4	1.885	3.718
183.5	1.885	3.718
183.6	1.885	3.718
183.7	1.885	3.718
183.8	1.885	3.718
183.9	1.885	3.718
184	1.885	3.718
184.1	1.885	3.718
184.2	1.885	3.718
184.3	1.885	3.718
184.4	1.885	3.718
184.5	1.885	3.718
184.6	1.885	3.718
184.7	1.885	3.718
184.8	1.885	3.718
184.9	1.885	3.718
185	1.885	3.718
185.1	1.885	3.718
185.2	1.885	3.718
185.3	1.885	3.718
185.4	1.885	3.718
185.5	1.885	3.718
185.6	1.885	3.718
185.7	1.885	3.718
185.8	1.885	3.718
185.9	1.885	3.718
186	1.885	3.718
186.1	1.885	3.718
186.2	1.885	3.718
186.3	1.885	3.718
186.4	1.885	3.718
186.5	1.885	3.718
186.6	1.885	3.718
186.7	1.885	3.718
186.8	1.885	3.718
186.9	1.885	3.718
187	1.885	3.718
187.1	1.885	3.718
187.2	1.885	3.718
187.3	1.885	3.718
187.4	1.885	3.718
187.5	1.885	3.718
187.6	1.885	3.718
187.7	1.885	3.718
187.8	1.885	3.718
187.9	1.885	3.718
188	1.885	3.718
188.1	1.885	3.718
188.2	1.885	3.718
188.3	1.885	3.718
188.4	1.885	3.718
188.5	1.885	3.718
188.6	1.885	3.718
188.7	1.885	3.718
188.8	1.885	3.718
188.9	1.885	3.718
189	1.885	3.718
189.1	1.885	3.718
189.2	1.885	3.718
189.3	1.885	3.718
189.4	1.885	3.718
189.5	1.885	3.718
189.6	1.885	3.718
189.7	1.885	3.718
189.8	1.885	3.718
189.9	1.885	3.718
190	1.885	3.718
190.1	1.885	3.718
190.2	1.885	3.718
190.3	1.885	3.718
190.4	1.885	3.718
190.5	1.885	3.718
190.6	1.885	3.718
190.7	1.885	3.718
190.8	1.885	3.718
190.9	1.885	3.718
191	1.885	3.718
191.1	1.885	3.718
191.2	1.885	3.718
191.3	1.885	3.718
191.4	1.885	3.718
191.5	1.885	3.718
191.6	1.885	3.718
191.7	1.885	3.718
191.8	1.885	3.718
191.9	1.885	3.718
192	1.885	3.718
192.1	1.885	3.718
192.2	1.885	3.718
192.3	1.885	3.718
192.4	1.885	3.718
192.5	1.885	3.718
192.6	1.885	3.718
192.7	1.885	3.718
192.8	1.885	3.718
192.9	1.885	3.718
193	1.885	3.718
193.1	1.885	3.718
193.2	1.885	3.718
193.3	1.885	3.718
193.4	1.885	3.718
193.5	1.885	3.718
193.6	1.885	3.718
193.7	1.885	3.718
193.8	1.885	3.718
193.9	1.885	3.718
194	1.885	3.718
194.1	1.885	3.718
194.2	1.885	3.718
194.3	1.885	3.718
194.4	1.885	3.718
194.5	1.885	3.718
194.6	1.885	3.718
194.7	1.885	3.718
194.8	1.885	3.718
194.9	1.885	3.718
195	1.885	3.718
195.1	1.885	3.718
195.2	1.885	3.718
195.3	1.885	3.718
195.4	1.885	3.718
195.5	1.885	3.718
195.6	1.885	3.718
195.7	1.885	3.718
195.8	1.885	3.718
195.9	1.885	3.718
196	1.885	3.718
196.1	1.885	3.718
196.2	1.885	3.718
196.3	1.885	3.718
196.4	1.885	3.718
196.5	1.885	3.718
196.6	1.885	3.718
196.7	1.885	3.718
196.8	1.885	3.718
196.9	1.885	3.718
197	1.885	3.718
197.1	1.885	3.718
197.2	1.885	3.718
197.3	1.885	3.718
197.4	1.885	3.718
197.5	1.885	3.718
197.6	1.885	3.718
197.7	1.885	3.718
197.8	1.885	3.718
197.9	1.885	3.718
198	1.885	3.718
198.1	1.885	3.718
198.2	1.885	3.718
198.3	1.885	3.718
198.4	1.885	3.718
198.5	1.885	3.718
198.6	1.885	3.718
198.7	1.885	3.718
198.8	1.885	3.718
198.9	1.885	3.718
199	1.885	3.718
199.1	1.885	3.718
199.2	1.885	3.718
199.3	1.885	3.718
199.4	1.885	3.718
199.5	1.885	3.718
199.6	1.885	3.718
199.7	1.885	3.718
199.8	1.885	3.718
199.9	1.885	3.718
200	1.885	3.718
200.1	1.885	3.718
200.2	1.885	3.718
200.3	1.885	3.718
200.4	1.885	3.718
200.5	1.885	3.718
200.6	1.885	3.718
200.7	1.885	3.718
200.8	1.885	3.718
200.9	1.885	3.718
201	1.885	3.718
201.1	1.885	3.718
201.2	1.885	3.718
201.3	1.885	3.718
201.4	1.885	3.718
201.5	1.885	3.718
201.6	1.885	3.718
201.7	1.885	3.718
201.8	1.885	3.718
201.9	1.885	3.718
202	1.885	3.718
202.1	1.885	3.718
202.2	1.885	3.718
202.3	1.885	3.718
202.4	1.885	3.718
202.5	1.885	3.718
202.6	1.885	3.718
202.7	1.885	3.718
202.8	1.885	3.718
202.9	1.885	3.718
203	1.885	3.718
203.1	1.885	3.718
203.2	1.885	3.718
203.3	1.885	3.718
203.4	1.885	3.718
203.5	1.885	3.718
203.6	1.885	3.718
203.7	1.885	3.718
203.8	1.885	3.718
203.9	1.885	3.718
204	1.885	3.718
204.1	1.885	3.718
204.2	1.885	3.718
204.3	1.885	3.718
204.4	1.885	3.718
204.5	1.885	3.718
204.6	1.885	3.718
204.7	1.885	3.718
204.8	1.885	3.718
204.9	1.885	3.718
205	1.885	3.718
205.1	1.885	3.718
205.2	1.885	3.718
205.3	1.885	3.718
205.4	1.885	3.718
205.5	1.885	3.718
205.6	1.885	3.718
205.7	1.885	3.718
205.8	1.885	3.718
205.9	1.885	3.718
206	1.885	3.718
206.1	1.885	3.718
206.2	1.885	3.718
206.3	1.885	3.718
206.4	1.885	3.718
206.5	1.885	3.718
206.6	1.885	3.718
206.7	1.885	3.718
206.8	1.885	3.718
206.9	1.885	3.718
207	1.885	3.718
207.1	1.885	3.718
207.2	1.885	3.718
207.3	1.885	3.718
207.4	1.885	3.718
207.5	1.885	3.718
207.6	1.885	3.718
207.7	1.885	3.718
207.8	1.885	3.718
207.9	1.885	3.718
208	1.885	3.718
208.1	1.885	3.718
208.2	1.885	3.718
208.3	1.885	3.718
208.4	1.885	3.718
208.5	1.885	3.718
208.6	1.885	3.718
208.7	1.885	3.718
208.8	1.885	3.718
208.9	1.885	3.718
209	1.885	3.718
209.1	1.885	3.718
209.2	1.885	3.718
209.3	1.885	3.718
209.4	1.885	3.718
209.5	1.885	3.718
209.6	1.885	3.718
209.7	1.885	3.718
209.8	1.885	3.718
209.9	1.885	3.718
210	1.885	3.718
210.1	1.885	3.718
210.2	1.885	3.718
210.3	1.885	3.718
210.4	1.885	3.718
210.5	1.885	3.718
210.6	1.885	3.718
210.7	1.885	3.718
210.8	1.885	3.718
210.9	1.885	3.718
211	1.885	3.718
211.1	1.885	3.718
211.2	1.885	3.718
211.3	1.885	3.718
211.4	1.885	3.718
211.5	1.885	3.718
211.6	1.885	3.718
211.7	1.885	3.718
211.8	1.885	3.718
211.9	1.885	3.718
212	1.885	3.718
212.1	1.885	3.718
212.2	1.885	3.718
212.3	1.885	3.718
212.4	1.885	3.718
212.5	1.885	3.718
212.6	1.885	3.718
212.7	1.885	3.718
212.8	1.885	3.718
212.9	1.885	3.718
213	1.885	3.718
213.1	1.885	3.718
213.2	1.885	3.718
213.3	1.885	3.718
213.4	1.885	3.718
213.5	1.885	3.718
213.6	1.885	3.718
213.7	1.885	3.718
213.8	1.885	3.718
213.9	1.885	3.718
214	1.885	3.718
214.1	1.885	3.718
214.2	1.885	3.718
214.3	1.885	3.718
214.4	1.885	3.718
214.5	1.885	3.718
214.6	1.885	3.718
214.7	1.885	3.718
214.8	1.885	3.718
214.9	1.885	3.718
215	1.885	3.718
215.1	1.885	3.718
215.2	1.885	3.718
215.3	1.885	3.718
215.4	1.885	3.718
215.5	1.885	3.718
215.6	1.885	3.718
215.7	1.885	3.718
215.8	1.885	3.718
215.9	1.885	3.718
216	1.885	3.718
216.1	1.885	3.718
216.2	1.885	3.718
216.3	1.885	3.718
216.4	1.885	3.718
216.5	1.885	3.718
216.6	1.885	3.718
216.7	1.885	3.718
216.8	1.885	3.718
216.9	1.885	3.718
217	1.885	3.718
217.1	1.885	3.718
217.2	1.885	3.718
217.3	1.885	3.718
217.4	1.885	3.718
217.5	1.885	3.718
217.6	1.885	3.718
217.7	1.885	3.718
217.8	1.885	3.718
217.9	1.885	3.718
218	1.885	3.718
218.1	1.885	3.718
218.2	1.885	3.718
218.3	1.885	3.718
218.4	1.885	3.718
218.5	1.885	3.718
218.6	1.885	3.718
218.7	1.885	3.718
218.8	1.885	3.718
218.9	1.885	3.718
219	1.885	3.718
219.1	1.885	3.718
219.2	1.885	3.718
219.3	1.885	3.718
219.4	1.885	3.718
219.5	1.885	3.718
219.6	1.885	3.718
219.7	1.885	3.718
219.8	1.885	3.718
219.9	1.885	3.718
220	1.885	3.718
220.1	1.885	3.718
220.2	1.885	3.718
220.3	1.885	3.718
220.4	1.885	3.718
220.5	1.885	3.718
220.6	1.885	3.718
220.7	1.885	3.718
220.8	1.885	3.718
220.9	1.885	3.718
221	1.885	3.718
221.1	1.885	3.718
221.2	1.885	3.718
221.3	1.885	3.718
221.4	1.885	3.718
221.5	1.885	3.718
221.6	1.885	3.718
221.7	1.885	3.718
221.8	1.885	3.718
221.9	1.885	3.718
222	1.885	3.718
222.1	1.885	3.718
222.2	1.885	3.718
222.3	1.885	3.718
222.4	1.885	3.718
222.5	1.885	3.718
222.6	1.885	3.718
222.7	1.885	3.718
222.8	1.885	3.718
222.9	1.885	3.718
223	1.885	3.718
223.1	1.885	3.718
223.2	1.885	3.718
223.3	1.885	3.718
223.4	1.885	3.718
223.5	1.885	3.718
223.6	1.885	3.718
223.7	1.885	3.718
223.8	1.885	3.718
223.9	1.885	3.718
224	1.885	3.718
224.1	1.885	3.718
224.2	1.885	3.718
224.3	1.885	3.718
224.4	1.885	3.718
224.5	1.885	3.718
224.6	1.885	3.718
224.7	1.885	3.718
224.8	1.885	3.718
224.9	1.885	3.718
225	1.885	3.718
225.1	1.885	3.718
225.2	1.885	3.718
225.3	1.885	3.718
225.4	1.885	3.718
225.5	1.885	3.718
225.6	1.885	3.718
225.7	1.885	3.718
225.8	1.885	3.718
225.9	1.885	3.718
226	1.885	3.718
226.1	1.885	3.718
226.2	1.885	3.718
226.3	1.885	3.718
226.4	1.885	3.718
226.5	1.885	3.718
226.6	1.885	3.718
226.7	1.885	3.718
226.8	1.885	3.718
226.9	1.885	3.718
227	1.885	3.718
227.1	1.885	3.718
227.2	1.885	3.718
227.3	1.885	3.718
227.4	1.885	3.718
227.5	1.885	3.718
227.6	1.885	3.718
227.7	1.885	3.718
227.8	1.885	3.718
227.9	1.885	3.718
228	1.885	3.718
228.1	1.885	3.718
228.2	1.885	3.718
228.3	1.885	3.718
228.4	1.885	3.718
228.5	1.885	3.718
228.6	1.885	3.718
228.7	1.885	3.718
228.8	1.885	3.718
228.9	1.885	3.718
229	1.885	3.718
229.1	1.885	3.718
229.2	1.885	3.718
229.3	1.885	3.718
229.4	1.885	3.718
229.5	1.885	3.718
229.6	1.885	3.718
229.7	1.885	3.718
229.8	1.885	3.718
229.9	1.885	3.718
230	1.885	3.718
230.1	1.885	3.718
230.2	1.885	3.718
230.3	1.885	3.718
230.4	1.885	3.718
230.5	1.885	3.718
230.6	1.885	3.718
230.7	1.885	3.718
230.8	1.885	3.718
230.9	1.885	3.718
231	1.885	3.718
231.1	1.885	3.718
231.2	1.885	3.718
231.3	1.885	3.718
231.4	1.885	3.718
231.5	1.885	3.718
231.6	1.885	3.718
231.7	1.885	3.718
231.8	1.885	3.718
231.9	1.885	3.718
232	1.885	3.718
232.1	1.885	3.718
232.2	1.885	3.718
232.3	1.885	3.718
232.4	1.885	3.718
232.5	1.885	3.718
232.6	1.885	3.718
232.7	1.885	3.718
232.8	1.885	3.718
232.9	1.885	3.718
233	1.885	3.718
233.1	1.885	3.718
233.2	1.885	3.718
233.3	1.885	3.718
233.4	1.885	3.718
233.5	1.885	3.718
233.6	1.885	3.718
233.7	1.885	3.718
233.8	1.885	3.718
233.9	1.885	3.718
234	1.885	3.718
234.1	1.885	3.718
234.2	1.885	3.718
234.3	1.885	3.718
234.4	1.885	3.718
234.5	1.885	3.718
234.6	1.885	3.718
234.7	1.885	3.718
234.8	1.885	3.718
234.9	1.885	3.718
235	1.885	3.718
235.1	1.885	3.718
235.2	1.885	3.718
235.3	1.885	3.718
235.4	1.885	3.718
235.5	1.885	3.718
235.6	1.885	3.718
235.7	1.885	3.718
235.8	1.885	3.718
235.9	1.885	3.718
236	1.885	3.718
236.1	1.885	3.718
236.2	1.885	3.718
236.3	1.885	3.718
236.4	1.885	3.718
236.5	1.885	3.718
236.6	1.885	3.718
236.7	1.885	3.718
236.8	1.885	3.718
236.9	1.885	3.718
237	1.885	3.718
237.1	1.885	3.718
237.2	1.885	3.718
237.3	1.885	3.718
237.4	1.885	3.718
237.5	1.885	3.718
237.6	1.885	3.718
237.7	1.885	3.718
237.8	1.885	3.718
237.9	1.885	3.718
238	1.885	3.718
238.1	1.885	3.718
238.2	1.885	3.718
238.3	1.885	3.718
238.4	1.885	3.718
238.5	1.885	3.718
238.6	1.885	3.718
238.7	1.885	3.718
238.8	1.885	3.718
238.9	1.885	3.718
239	1.885	3.718
239.1	1.885	3.718
239.2	1.885	3.718
239.3	1.885	3.718
239.4	1.885	3.718
239.5	1.885	3.718
239.6	1.885	3.718
239.7	1.885	3.718
239.8	1.885	3.718
239.9	1.885	3.718
240	1.885	3.718
240.1	1.885	3.718
240.2	1.885	3.718
240.3	1.885	3.718
240.4	1.885	3.718
240.5	1.885	3.718
240.6	1.885	3.718
240.7	1.885	3.718
240.8	1.885	3.718
240.9	1.885	3.718
241	1.885	3.718
241.1	1.885	3.718
241.2	1.885	3.718
241.3	1.885	3.718
241.4	1.885	3.718
241.5	1.885	3.718
241.6	1.885	3.718
241.7	1.885	3.718
241.8	1.885	3.718
241.9	1.885	3.718
242	1.885	3.718
242.1	1.885	3.718
242.2	1.885	3.718
242.3	1.885	3.718
242.4	1.885	3.718
242.5	1.885	3.718
242.6	1.885	3.718
242.7	1.885	3.718
242.8	1.885	3.718
242.9	1.885	3.718
243	1.885	3.718
243.1	1.885	3.718
243.2	1.885	3.718
243.3	1.885	3.718
243.4	1.885	3.718
243.5	1.885	3.718
243.6	1.885	3.718
243.7	1.885	3.718
243.8	1.885	3.718
243.9	1.885	3.718
244	1.885	3.718
244.1	1.885	3.718
244.2	1.885	3.718
244.3	1.885	3.718
244.4	1.885	3.718
244.5	1.885	3.718
244.6	1.885	3.718
244.7	1.885	3.718
244.8	1.885	3.718
244.9	1.885	3.718
245	1.885	3.718
245.1	1.885	3.718
245.2	1.885	3.718
245.3	1.885	3.718
245.4	1.885	3.718
245.5	1.885	3.718
245.6	1.885	3.718
245.7	1.885	3.718
245.8	1.885	3.718
245.9	1.885	3.718
246	1.885	3.718
246.1	1.885	3.718
246.2	1.885	3.718
246.3	1.885	3.718
246.4	1.885	3.718
246.5	1.885	3.718
246.6	1.885	3.718
246.7	1.885	3.718
246.8	1.885	3.718
246.9	1.885	3.718
247	1.885	3.718
247.1	1.885	3.718
247.2	1.885	3.718
247.3	1.885	3.718
247.4	1.885	3.718
247.5	1.885	3.718
247.6	1.885	3.718
247.7	1.885	3.718
247.8	1.885	3.718
247.9	1.885	3.718
248	1.885	3.718
248.1	1.885	3.718
248.2	1.885	3.718
248.3	1.885	3.718
248.4	1.885	3.718
248.5	1.885	3.718
248.6	1.885	3.718
248.7	1.885	3.718
248.8	1.885	3.718
248.9	1.885	3.718
249	1.885	3.718
249.1	1.885	3.718
249.2	1.885	3.718
249.3	1.885	3.718
249.4	1.885	3.718
249.5	1.885	3.718
249.6	1.885	3.718
249.7	1.885	3.718
249.8	1.885	3.718
249.9	1.885	3.718
250	1.885	3.718
250.1	1.885	3.718
250.2	1.885	3.718
250.3	1.885	3.718
250.4	1.885	3.718
250.5	1.885	3.718
250.6	1.885	3.718
250.7	1.885	3.718
250.8	1.885	3.718
250.9	1.885	3.718
251	1.885	3.718
251.1	1.885	3.718
251.2	1.885	3.718
251.3	1.885	3.718
251.4	1.885	3.718
251.5	1.885	3.718
251.6	1.885	3.718
251.7	1.885	3.718
251.8	1.885	3.718
251.9	1.885	3.718
252	1.885	3.718
252.1	1.885	3.718
252.2	1.885	3.718
252.3	1.885	3.718
252.4	1.885	3.718
252.5	1.885	3.718
252.6	1.885	3.718
252.7	1.885	3.718
252.8	1.885	3.718
252.9	1.885	3.718
253	1.885	3.718
253.1	1.885	3.718
253.2	1.885	3.718
253.3	1.885	3.718
253.4	1.885	3.718
253.5	1.885	3.718
253.6	1.885	3.718
253.7	1.885	3.718
253.8	1.885	3.718
253.9	1.885	3.718
254	1.885	3.718
254.1	1.885	3.718
254.2	1.885	3.718
254.3	1.885	3.718
254.4	1.885	3.718
254.5	1.885	3.718
254.6	1.885	3.718
254.7	1.885	3.718
254.8	1.885	3.718
254.9	1.885	3.718
255	1.885	3.718
255.1	1.885	3.718
255.2	1.885	3.718
255.3	1.885	3.718
255.4	1.885	3.718
255.5	1.885	3.718
255.6	1.885	3.718
255.7	1.885	3.718
255.8	1.885	3.718
255.9	1.885	3.718
256	1.885	3.718
256.1	1.885	3.718
256.2	1.885	3.718
256.3	1.885	3.718
256.4	1.885	3.718
256.5	1.885	3.718
256.6	1.885	3.718
256.7	1.885	3.718
256.8	1.885	3.718
256.9	1.885	3.718
257	1.885	3.718
257.1	1.885	3.718
257.2	1.885	3.718
257.3	1.885	3.718
257.4	1.885	3.718
257.5	1.885	3.718
257.6	1.885	3.718
257.7	1.885	3.718
257.8	1.885	3.718
257.9	1.885	3.718
258	1.885	3.718
258.1	1.885	3.718
258.2	1.885	3.718
258.3	1.885	3.718
258.4	1.885	3.718
258.5	1.885	3.718
258.6	1.885	3.718
258.7	1.885	3.718
258.8	1.885	3.718
258.9	1.885	3.718
259	1.885	3.718
259.1	1.885	3.718
259.2	1.885	3.718
259.3	1.885	3.718
259.4	1.885	3.718
259.5	1.885	3.718
259.6	1.885	3.718
259.7	1.885	3.718
259.8	1.885	3.718
259.9	1.885	3.718
260	1.885	3.718
260.1	1.885	3.718
260.2	1.885	3.718
260.3	1.885	3.718
260.4	1.885	3.718
260.5	1.885	3.718
260.6	1.885	3.718
260.7	1.885	3.718
260.8	1.885	3.718
260.9	1.885	3.718
261	1.885	3.718
261.1	1.885	3.718
261.2	1.885	3.718
261.3	1.885	3.718
261.4	1.885	3.718
261.5	1.885	3.718
261.6	1.885	3.718
261.7	1.885	3.718
261.8	1.885	3.718
261.9	1.885	3.718
262	1.885	3.718
262.1	1.885	3.718
262.2	1.885	3.718
262.3	1.885	3.718
262.4	1.885	3.718
262.5	1.885	3.718
262.6	1.885	3.718
262.7	1.885	3.718
262.8	1.885	3.718
262.9	1.885	3.718
263	1.885	3.718
263.1	1.885	3.718
263.2	1.885	3.718
263.3	1.885	3.718
263.4	1.885	3.718
263.5	1.885	3.718
263.6	1.885	3.718
263.7	1.885	3.718
263.8	1.885	3.718
263.9	1.885	3.718
264	1.885	3.718
264.1	1.885	3.718
264.2	1.885	3.718
264.3	1.885	3.718
264.4	1.885	3.718
264.5	1.885	3.718
264.6	1.885	3.718
264.7	1.885	3.718
264.8	1.885	3.718
264.9	1.885	3.718
265	1.885	3.718
265.1	1.885	3.718
265.2	1.885	3.718
265.3	1.885	3.718
265.4	1.885	3.718
265.5	1.885	3.718
265.6	1.885	3.718
265.7	1.885	3.718
265.8	1.885	3.718
265.9	1.885	3.718
266	1.885	3.718
266.1	1.885	3.718
266.2	1.885	3.718
266.3	1.885	3.718
266.4	1.885	3.718
266.5	1.885	3.718
266.6	1.885	3.718
266.7	1.885	3.718
266.8	1.885	3.718
266.9	1.885	3.718
267	1.885	3.718
267.1	1.885	3.718
267.2	1.885	3.718
267.3	1.885	3.718
267.4	1.885	3.718
267.5	1.885	3.718
267.6	1.885	3.718
267.7	1.885	3.718
267.8	1.885	3.718
267.9	1.885	3.718
268	1.885	3.718
268.1	1.885	3.718
268.2	1.885	3.718
268.3	1.885	3.718
268.4	1.885	3.718
268.5	1.885	3.718
268.6	1.885	3.718
268.7	1.885	3.718
268.8	1.885	3.718
268.9	1.89	3.718
269	1.908	3.718
269.1	1.94	3.717
269.2	1.994	3.716
269.3	2.071	3.715
269.4	2.163	3.714
269.5	2.277	3.712
269.6	2.406	3.71
269.7	2.544	3.712
269.8	2.685	3.721
269.9	2.819	3.757
270	2.954	3.806
270.1	3.085	3.849
270.2	3.219	3.888
270.3	3.356	3.924
270.4	3.494	3.945
270.5	3.632	3.966
270.6	3.769	3.972
270.7	3.908	3.976
270.8	4.048	3.965
270.9	4.185	3.943
271	4.322	3.911
271.1	4.438	3.863
271.2	4.558	3.785
271.3	4.652	3.686
271.4	4.711	3.595
271.5	4.761	3.508
271.6	4.794	3.44
271.7	4.817	3.393
271.8	4.832	3.363
271.9	4.839	3.348
272	4.841	3.343
272.1	4.841	3.343
272.2	4.836	3.352
272.3	4.82	3.379
272.4	4.788	3.431
272.5	4.741	3.508
272.6	4.68	3.61
272.7	4.613	3.72
272.8	4.541	3.839
272.9	4.472	3.953
273	4.415	4.046
273.1	4.372	4.118
273.2	4.344	4.165
273.3	4.33	4.187
273.4	4.326	4.194
273.5	4.326	4.194
273.6	4.326	4.194
273.7	4.326	4.194
273.8	4.326	4.194
273.9	4.326	4.194
274	4.326	4.194
274.1	4.326	4.194
274.2	4.326	4.194
274.3	4.326	4.194
274.4	4.326	4.194
274.5	4.326	4.194
274.6	4.326	4.194
274.7	4.326	4.194
274.8	4.326	4.194
274.9	4.326	4.194
275	4.326	4.194
275.1	4.326	4.194
275.2	4.326	4.194
275.3	4.326	4.194
275.4	4.326	4.194
275.5	4.326	4.194
275.6	4.326	4.194
275.7	4.326	4.194
275.8	4.326	4.194
275.9	4.326	4.194
276	4.326	4.194
276.1	4.326	4.194
276.2	4.326	4.194
276.3	4.326	4.194
276.4	4.326	4.194
276.5	4.326	4.194
276.6	4.326	4.194
276.7	4.326	4.194
276.8	4.326	4.194
276.9	4.326	4.194
277	4.326	4.194
277.1	4.326	4.194
277.2	4.326	4.194
277.3	4.326	4.194
277.4	4.326	4.194
277.5	4.326	4.194
277.6	4.326	4.194
277.7	4.326	4.194
277.8	4.326	4.194
277.9	4.326	4.194
278	4.326	4.194
278.1	4.326	4.194
278.2	4.326	4.194
278.3	4.326	4.194
278.4	4.326	4.194
278.5	4.326	4.194
278.6	4.326	4.194
278.7	4.326	4.194
278.8	4.326	4.194
278.9	4.326	4.194
279	4.326	4.194
279.1	4.326	4.194
279.2	4.326	4.194
279.3	4.326	4.194
279.4	4.326	4.194
279.5	4.326	4.194
279.6	4.326	4.194
279.7	4.326	4.194
279.8	4.326	4.194
279.9	4.326	4.194
280	4.326	4.194
280.1	4.326	4.194
280.2	4.326	4.194
280.3	4.326	4.194
280.4	4.326	4.194
280.5	4.326	4.194
280.6	4.326	4.194
280.7	4.326	4.194
280.8	4.326	4.194
280.9	4.326	4.194
281	4.326	4.194
281.1	4.326	4.194
281.2	4.326	4.194
281.3	4.326	4.194
281.4	4.326	4.194
281.5	4.326	4.194
281.6	4.326	4.194
281.7	4.326	4.194
281.8	4.326	4.194
281.9	4.326	4.194
282	4.326	4.194
282.1	4.326	4.194
282.2	4.326	4.194
282.3	4.326	4.194
282.4	4.326	4.194
282.5	4.326	4.194
282.6	4.326	4.194
282.7	4.326	4.194
282.8	4.326	4.194
282.9	4.326	4.194
283	4.326	4.194
283.1	4.326	4.194
283.2	4.326	4.194
283.3	4.326	4.194
283.4	4.326	4.194
283.5	4.326	4.194
283.6	4.326	4.194
283.7	4.326	4.194
283.8	4.326	4.194
283.9	4.326	4.194
284	4.326	4.194
284.1	4.326	4.194
284.2	4.326	4.194
284.3	4.326	4.194
284.4	4.326	4.194
284.5	4.326	4.194
284.6	4.326	4.194
284.7	4.326	4.194
284.8	4.326	4.194
284.9	4.326	4.194
285	4.326	4.194
285.1	4.326	4.194
285.2	4.326	4.194
285.3	4.326	4.194
285.4	4.326	4.194
285.5	4.326	4.194
285.6	4.326	4.194
285.7	4.326	4.194
285.8	4.326	4.194
285.9	4.326	4.194
286	4.326	4.194
286.1	4.326	4.194
286.2	4.326	4.194
286.3	4.326	4.194
286.4	4.326	4.194
286.5	4.326	4.194
286.6	4.326	4.194
286.7	4.326	4.194
286.8	4.326	4.194
286.9	4.326	4.194
287	4.326	4.194
287.1	4.326	4.194
287.2	4.326	4.194
287.3	4.326	4.194
287.4	4.326	4.194
287.5	4.326	4.194
287.6	4.326	4.194
287.7	4.326	4.194
287.8	4.326	4.194
287.9	4.326	4.194
288	4.326	4.194
288.1	4.326	4.194
288.2	4.326	4.194
288.3	4.326	4.194
288.4	4.326	4.194
288.5	4.326	4.194
288.6	4.326	4.194
288.7	4.326	4.194
288.8	4.326	4.194
288.9	4.326	4.194
289	4.326	4.194
289.1	4.326	4.194
289.2	4.326	4.194
289.3	4.326	4.194
289.4	4.326	4.194
289.5	4.326	4.194
289.6	4.326	4.194
289.7	4.326	4.194
289.8	4.326	4.194
289.9	4.326	4.194
290	4.326	4.194
290.1	4.326	4.194
290.2	4.326	4.194
290.3	4.326	4.194
290.4	4.326	4.194
290.5	4.326	4.194
290.6	4.326	4.194
290.7	4.326	4.194
290.8	4.326	4.194
290.9	4.326	4.194
291	4.326	4.194
291.1	4.326	4.194
291.2	4.326	4.194
291.3	4.326	4.194
291.4	4.326	4.194
291.5	4.326	4.194
291.6	4.326	4.194
291.7	4.326	4.194
291.8	4.326	4.194
291.9	4.326	4.194
292	4.326	4.194
292.1	4.326	4.194
292.2	4.326	4.194
292.3	4.326	4.194
292.4	4.326	4.194
292.5	4.326	4.194
292.6	4.326	4.194
292.7	4.326	4.194
292.8	4.326	4.194
292.9	4.326	4.194
293	4.326	4.194
293.1	4.326	4.194
293.2	4.326	4.194
293.3	4.326	4.194
293.4	4.326	4.194
293.5	4.326	4.194
293.6	4.326	4.194
293.7	4.326	4.194
293.8	4.326	4.194
293.9	4.326	4.194
294	4.326	4.194
294.1	4.326	4.194
294.2	4.326	4.194
294.3	4.326	4.194
294.4	4.326	4.194
294.5	4.326	4.194
294.6	4.326	4.194
294.7	4.326	4.194
294.8	4.326	4.194
294.9	4.326	4.194
295	4.326	4.194
295.1	4.326	4.194
295.2	4.326	4.194
295.3	4.326	4.194
295.4	4.326	4.194
295.5	4.326	4.194
295.6	4.326	4.194
295.7	4.326	4.194
295.8	4.326	4.194
295.9	4.326	4.194
296	4.326	4.194
296.1	4.326	4.194
296.2	4.326	4.194
296.3	4.326	4.194
296.4	4.326	4.194
296.5	4.326	4.194
296.6	4.326	4.194
296.7	4.326	4.194
296.8	4.326	4.194
296.9	4.326	4.194
297	4.326	4.194
297.1	4.326	4.194
297.2	4.326	4.194
297.3	4.326	4.194
297.4	4.326	4.194
297.5	4.326	4.194
297.6	4.326	4.194
297.7	4.326	4.194
297.8	4.326	4.194
297.9	4.326	4.194
298	4.326	4.194
298.1	4.326	4.194
298.2	4.326	4.194
298.3	4.326	4.194
298.4	4.326	4.194
298.5	4.326	4.194
298.6	4.326	4.194
298.7	4.326	4.194
298.8	4.326	4.194
298.9	4.326	4.194
299	4.326	4.194
299.1	4.326	4.194
299.2	4.326	4.194
299.3	4.326	4.194
299.4	4.326	4.194
299.5	4.326	4.194
299.6	4.326	4.194
299.7	4.326	4.194
299.8	4.326	4.194
299.9	4.326	4.194
300	4.326	4.194
300.1	4.326	4.194
300.2	4.326	4.194
300.3	4.326	4.194
300.4	4.326	4.194
300.5	4.326	4.194
300.6	4.326	4.194
300.7	4.326	4.194
300.8	4.326	4.194
300.9	4.326	4.194
301	4.326	4.194
301.1	4.326	4.194
301.2	4.326	4.194
301.3	4.326	4.194
301.4	4.326	4.194
301.5	4.326	4.194
301.6	4.326	4.194
301.7	4.326	4.194
301.8	4.326	4.194
301.9	4.326	4.194
302	4.326	4.194
302.1	4.326	4.194
302.2	4.326	4.194
302.3	4.326	4.194
302.4	4.326	4.194
302.5	4.326	4.194
302.6	4.326	4.194
302.7	4.326	4.194
302.8	4.326	4.194
302.9	4.326	4.194
303	4.326	4.194
303.1	4.326	4.194
303.2	4.326	4.194
303.3	4.326	4.194
303.4	4.326	4.194
303.5	4.326	4.194
303.6	4.326	4.194
303.7	4.326	4.194
303.8	4.326	4.194
303.9	4.326	4.194
304	4.326	4.194
304.1	4.326	4.194
304.2	4.326	4.194
304.3	4.326	4.194
304.4	4.326	4.194
304.5	4.326	4.194
304.6	4.326	4.194
304.7	4.326	4.194
304.8	4.326	4.194
304.9	4.326	4.194
305	4.326	4.194
305.1	4.326	4.194
305.2	4.326	4.194
305.3	4.326	4.194
305.4	4.326	4.194
305.5	4.326	4.194
305.6	4.326	4.194
305.7	4.326	4.194
305.8	4.326	4.194
305.9	4.326	4.194
306	4.326	4.194
306.1	4.326	4.194
306.2	4.326	4.194
306.3	4.326	4.194
306.4	4.326	4.194
306.5	4.326	4.194
306.6	4.326	4.194
306.7	4.326	4.194
306.8	4.326	4.194
306.9	4.326	4.194
307	4.326	4.194
307.1	4.326	4.194
307.2	4.326	4.194
307.3	4.326	4.194
307.4	4.326	4.194
307.5	4.326	4.194
307.6	4.326	4.194
307.7	4.326	4.194
307.8	4.326	4.194
307.9	4.326	4.194
308	4.326	4.194
308.1	4.326	4.194
308.2	4.326	4.194
308.3	4.326	4.194
308.4	4.326	4.194
308.5	4.326	4.194
308.6	4.326	4.194
308.7	4.326	4.194
308.8	4.326	4.194
308.9	4.326	4.194
309	4.326	4.194
309.1	4.326	4.194
309.2	4.326	4.194
309.3	4.326	4.194
309.4	4.326	4.194
309.5	4.326	4.194
309.6	4.326	4.194
309.7	4.326	4.194
309.8	4.326	4.194
309.9	4.326	4.194
310	4.326	4.194
310.1	4.326	4.194
310.2	4.326	4.194
310.3	4.326	4.194
310.4	4.326	4.194
310.5	4.326	4.194
310.6	4.326	4.194
310.7	4.326	4.194
310.8	4.326	4.194
310.9	4.326	4.194
311	4.326	4.194
311.1	4.326	4.194
311.2	4.326	4.194
311.3	4.326	4.194
311.4	4.326	4.194
311.5	4.326	4.194
311.6	4.326	4.194
311.7	4.326	4.194
311.8	4.326	4.194
311.9	4.326	4.194
312	4.326	4.194
312.1	4.326	4.194
312.2	4.326	4.194
312.3	4.326	4.194
312.4	4.326	4.194
312.5	4.326	4.194
312.6	4.326	4.194
312.7	4.326	4.194
312.8	4.326	4.194
312.9	4.326	4.194
313	4.326	4.194
313.1	4.326	4.194
313.2	4.326	4.194
313.3	4.326	4.194
313.4	4.326	4.194
313.5	4.326	4.194
313.6	4.326	4.194
313.7	4.326	4.194
313.8	4.326	4.194
313.9	4.326	4.194
314	4.326	4.194
314.1	4.326	4.194
314.2	4.326	4.194
314.3	4.326	4.194
314.4	4.326	4.194
314.5	4.326	4.194
314.6	4.326	4.194
314.7	4.326	4.194
314.8	4.326	4.194
314.9	4.326	4.194
315	4.326	4.194
315.1	4.326	4.194
315.2	4.326	4.194
315.3	4.326	4.194
315.4	4.326	4.194
315.5	4.326	4.194
315.6	4.326	4.194
315.7	4.326	4.194
315.8	4.326	4.194
315.9	4.326	4.194
316	4.326	4.194
316.1	4.326	4.194
316.2	4.326	4.194
316.3	4.326	4.194
316.4	4.326	4.194
316.5	4.326	4.194
316.6	4.326	4.194
316.7	4.326	4.194
316.8	4.326	4.194
316.9	4.326	4.194
317	4.326	4.194
317.1	4.326	4.194
317.2	4.326	4.194
317.3	4.326	4.194
317.4	4.326	4.194
317.5	4.326	4.194
317.6	4.326	4.194
317.7	4.326	4.194
317.8	4.326	4.194
317.9	4.326	4.194
318	4.326	4.194
318.1	4.326	4.194
318.2	4.326	4.194
318.3	4.326	4.194
318.4	4.326	4.194
318.5	4.326	4.194
318.6	4.326	4.194
318.7	4.326	4.194
318.8	4.326	4.194
318.9	4.326	4.194
319	4.326	4.194
319.1	4.326	4.194
319.2	4.326	4.194
319.3	4.326	4.194
319.4	4.326	4.194
319.5	4.326	4.194
319.6	4.326	4.194
319.7	4.326	4.194
319.8	4.326	4.194
319.9	4.326	4.194
320	4.326	4.194
320.1	4.326	4.194
320.2	4.326	4.194
320.3	4.326	4.194
320.4	4.326	4.194
320.5	4.326	4.194
320.6	4.326	4.194
320.7	4.326	4.194
320.8	4.326	4.194
320.9	4.326	4.194
321	4.326	4.194
321.1	4.326	4.194
321.2	4.326	4.194
321.3	4.326	4.194
321.4	4.326	4.194
321.5	4.326	4.194
321.6	4.326	4.194
321.7	4.326	4.194
321.8	4.326	4.194
321.9	4.326	4.194
322	4.326	4.194
322.1	4.326	4.194
322.2	4.326	4.194
322.3	4.326	4.194
322.4	4.326	4.194
322.5	4.326	4.194
322.6	4.326	4.194
322.7	4.326	4.194
322.8	4.326	4.194
322.9	4.326	4.194
323	4.326	4.194
323.1	4.326	4.194
323.2	4.326	4.194
323.3	4.326	4.194
323.4	4.326	4.194
323.5	4.326	4.194
323.6	4.326	4.194
323.7	4.326	4.194
323.8	4.326	4.194
323.9	4.326	4.194
324	4.326	4.194
324.1	4.326	4.194
324.2	4.326	4.194
324.3	4.326	4.194
324.4	4.326	4.194
324.5	4.326	4.194
324.6	4.326	4.194
324.7	4.326	4.194
324.8	4.326	4.194
324.9	4.326	4.194
325	4.326	4.194
325.1	4.326	4.194
325.2	4.326	4.194
325.3	4.326	4.194
325.4	4.326	4.194
325.5	4.326	4.194
325.6	4.326	4.194
325.7	4.326	4.194
325.8	4.326	4.194
325.9	4.326	4.194
326	4.326	4.194
326.1	4.326	4.194
326.2	4.326	4.194
326.3	4.326	4.194
326.4	4.326	4.194
326.5	4.326	4.194
326.6	4.326	4.194
326.7	4.326	4.194
326.8	4.326	4.194
326.9	4.326	4.194
327	4.326	4.194
327.1	4.326	4.194
327.2	4.326	4.194
327.3	4.326	4.194
327.4	4.326	4.194
327.5	4.326	4.194
327.6	4.326	4.194
327.7	4.326	4.194
327.8	4.326	4.194
327.9	4.326	4.194
328	4.326	4.194
328.1	4.326	4.194
328.2	4.326	4.194
328.3	4.326	4.194
328.4	4.326	4.194
328.5	4.326	4.194
328.6	4.326	4.194
328.7	4.326	4.194
328.8	4.326	4.194
328.9	4.326	4.194
329	4.326	4.194
329.1	4.326	4.194
329.2	4.326	4.194
329.3	4.326	4.194
329.4	4.326	4.194
329.5	4.326	4.194
329.6	4.326	4.194
329.7	4.326	4.194
329.8	4.326	4.194
329.9	4.326	4.194
330	4.326	4.194
330.1	4.326	4.194
330.2	4.326	4.194
330.3	4.326	4.194
330.4	4.326	4.194
330.5	4.326	4.194
330.6	4.326	4.194
330.7	4.326	4.194
330.8	4.326	4.194
330.9	4.326	4.194
331	4.326	4.194
331.1	4.326	4.194
331.2	4.326	4.194
331.3	4.326	4.194
331.4	4.326	4.194
331.5	4.326	4.194
331.6	4.326	4.194
331.7	4.326	4.194
331.8	4.326	4.194
331.9	4.326	4.194
332	4.326	4.194
332.1	4.326	4.194
332.2	4.326	4.194
332.3	4.326	4.194
332.4	4.326	4.194
332.5	4.326	4.194
332.6	4.326	4.194
332.7	4.326	4.194
332.8	4.326	4.194
332.9	4.326	4.194
333	4.326	4.194
333.1	4.326	4.194
333.2	4.326	4.194
333.3	4.326	4.194
333.4	4.326	4.194
333.5	4.326	4.194
333.6	4.326	4.194
333.7	4.326	4.194
333.8	4.326	4.194
333.9	4.326	4.194
334	4.326	4.194
334.1	4.326	4.194
334.2	4.326	4.194
334.3	4.326	4.194
334.4	4.326	4.194
334.5	4.326	4.194
334.6	4.326	4.194
334.7	4.326	4.194
334.8	4.326	4.194
334.9	4.326	4.194
335	4.326	4.194
335.1	4.326	4.194
335.2	4.326	4.194
335.3	4.326	4.194
335.4	4.326	4.194
335.5	4.326	4.194
335.6	4.326	4.194
335.7	4.326	4.194
335.8	4.326	4.194
335.9	4.326	4.194
336	4.326	4.194
336.1	4.326	4.194
336.2	4.326	4.194
336.3	4.326	4.194
336.4	4.326	4.194
336.5	4.326	4.194
336.6	4.326	4.194
336.7	4.326	4.194
336.8	4.326	4.194
336.9	4.326	4.194
337	4.326	4.194
337.1	4.326	4.194
337.2	4.326	4.194
337.3	4.326	4.194
337.4	4.326	4.194
337.5	4.326	4.194
337.6	4.326	4.194
337.7	4.326	4.194
337.8	4.326	4.194
337.9	4.326	4.194
338	4.326	4.194
338.1	4.326	4.194
338.2	4.326	4.194
338.3	4.326	4.194
338.4	4.326	4.194
338.5	4.326	4.194
338.6	4.326	4.194
338.7	4.326	4.194
338.8	4.326	4.194
338.9	4.326	4.194
339	4.326	4.194
339.1	4.326	4.194
339.2	4.326	4.194
339.3	4.326	4.194
339.4	4.326	4.194
339.5	4.326	4.194
339.6	4.326	4.194
339.7	4.326	4.194
339.8	4.326	4.194
339.9	4.326	4.194
340	4.326	4.194
340.1	4.326	4.194
340.2	4.326	4.194
340.3	4.326	4.194
340.4	4.326	4.194
340.5	4.326	4.194
340.6	4.326	4.194
340.7	4.326	4.194
340.8	4.326	4.194
340.9	4.326	4.194
341	4.326	4.194
341.1	4.326	4.194
341.2	4.326	4.194
341.3	4.326	4.194
341.4	4.326	4.194
341.5	4.326	4.194
341.6	4.326	4.194
341.7	4.326	4.194
341.8	4.326	4.194
341.9	4.326	4.194
342	4.326	4.194
342.1	4.326	4.194
342.2	4.326	4.194
342.3	4.326	4.194
342.4	4.326	4.194
342.5	4.326	4.194
342.6	4.326	4.194
342.7	4.326	4.194
342.8	4.326	4.194
342.9	4.326	4.194
343	4.326	4.194
343.1	4.326	4.194
343.2	4.326	4.194
343.3	4.326	4.194
343.4	4.326	4.194
343.5	4.326	4.194
343.6	4.326	4.194
343.7	4.326	4.194
343.8	4.326	4.194
343.9	4.326	4.194
344	4.326	4.194
344.1	4.326	4.194
344.2	4.326	4.194
344.3	4.326	4.194
344.4	4.326	4.194
344.5	4.326	4.194
344.6	4.326	4.194
344.7	4.326	4.194
344.8	4.326	4.194
344.9	4.326	4.194
345	4.326	4.194
345.1	4.326	4.194
345.2	4.326	4.194
345.3	4.326	4.194
345.4	4.326	4.194
345.5	4.326	4.194
345.6	4.326	4.194
345.7	4.326	4.194
345.8	4.326	4.194
345.9	4.326	4.194
346	4.326	4.194
346.1	4.326	4.194
346.2	4.326	4.194
346.3	4.326	4.194
346.4	4.326	4.194
346.5	4.326	4.194
346.6	4.326	4.194
346.7	4.326	4.194
346.8	4.326	4.194
346.9	4.326	4.194
347	4.326	4.194
347.1	4.326	4.194
347.2	4.326	4.194
347.3	4.326	4.194
347.4	4.326	4.194
347.5	4.326	4.194
347.6	4.326	4.194
347.7	4.326	4.194
347.8	4.326	4.194
347.9	4.326	4.194
348	4.326	4.194
348.1	4.326	4.194
348.2	4.326	4.194
348.3	4.326	4.194
348.4	4.326	4.194
