Time	X	Z
0	7.969	2.419
0.1	7.969	2.419
0.2	7.969	2.419
0.3	7.969	2.419
0.4	7.969	2.419
0.5	7.969	2.419
0.6	7.969	2.419
0.7	7.969	2.419
0.8	7.969	2.419
0.9	7.969	2.419
1	7.969	2.419
1.1	7.969	2.419
1.2	7.969	2.419
1.3	7.969	2.419
1.4	7.969	2.419
1.5	7.969	2.419
1.6	7.969	2.419
1.7	7.968	2.419
1.8	7.968	2.419
1.9	7.968	2.419
2	7.968	2.419
2.1	7.968	2.419
2.2	7.969	2.419
2.3	7.968	2.419
2.4	7.968	2.419
2.5	7.968	2.419
2.6	7.968	2.419
2.7	7.965	2.419
2.8	7.965	2.42
2.9	7.965	2.42
3	7.958	2.421
3.1	7.952	2.42
3.2	7.954	2.425
3.3	7.955	2.443
3.4	7.932	2.482
3.5	7.87	2.531
3.6	7.784	2.598
3.7	7.691	2.676
3.8	7.61	2.775
3.9	7.541	2.883
4	7.479	3
4.1	7.444	3.132
4.2	7.434	3.263
4.3	7.432	3.38
4.4	7.43	3.481
4.5	7.424	3.573
4.6	7.412	3.664
4.7	7.395	3.752
4.8	7.377	3.835
4.9	7.353	3.912
5	7.34	3.988
5.1	7.335	4.065
5.2	7.336	4.136
5.3	7.347	4.201
5.4	7.365	4.259
5.5	7.378	4.308
5.6	7.387	4.351
5.7	7.4	4.397
5.8	7.418	4.444
5.9	7.425	4.473
6	7.427	4.488
6.1	7.424	4.5
6.2	7.423	4.51
6.3	7.428	4.518
6.4	7.435	4.525
6.5	7.441	4.53
6.6	7.444	4.532
6.7	7.447	4.535
6.8	7.454	4.536
6.9	7.461	4.541
7	7.471	4.548
7.1	7.482	4.554
7.2	7.49	4.558
7.3	7.5	4.564
7.4	7.509	4.57
7.5	7.518	4.574
7.6	7.525	4.579
7.7	7.529	4.583
7.8	7.53	4.586
7.9	7.527	4.587
8	7.528	4.589
8.1	7.528	4.592
8.2	7.522	4.59
8.3	7.519	4.593
8.4	7.515	4.595
8.5	7.512	4.599
8.6	7.507	4.601
8.7	7.505	4.603
8.8	7.5	4.608
8.9	7.496	4.613
9	7.498	4.616
9.1	7.497	4.62
9.2	7.497	4.621
9.3	7.497	4.623
9.4	7.493	4.622
9.5	7.49	4.619
9.6	7.486	4.618
9.7	7.482	4.616
9.8	7.483	4.615
9.9	7.484	4.62
10	7.484	4.621
10.1	7.483	4.62
10.2	7.485	4.62
10.3	7.484	4.622
10.4	7.487	4.624
10.5	7.489	4.627
10.6	7.491	4.629
10.7	7.493	4.631
10.8	7.493	4.633
10.9	7.493	4.636
11	7.492	4.639
11.1	7.491	4.641
11.2	7.49	4.641
11.3	7.489	4.642
11.4	7.49	4.641
11.5	7.491	4.64
11.6	7.493	4.638
11.7	7.491	4.639
11.8	7.49	4.639
11.9	7.49	4.639
12	7.491	4.639
12.1	7.494	4.64
12.2	7.494	4.64
12.3	7.492	4.638
12.4	7.493	4.637
12.5	7.491	4.637
12.6	7.489	4.638
12.7	7.488	4.64
12.8	7.484	4.641
12.9	7.48	4.644
13	7.478	4.649
13.1	7.477	4.653
13.2	7.477	4.658
13.3	7.479	4.662
13.4	7.478	4.662
13.5	7.477	4.658
13.6	7.479	4.657
13.7	7.484	4.659
13.8	7.486	4.662
13.9	7.488	4.663
14	7.491	4.663
14.1	7.495	4.668
14.2	7.499	4.676
14.3	7.498	4.685
14.4	7.497	4.692
14.5	7.496	4.696
14.6	7.494	4.698
14.7	7.492	4.697
14.8	7.492	4.693
14.9	7.492	4.689
15	7.492	4.687
15.1	7.494	4.685
15.2	7.497	4.683
15.3	7.5	4.681
15.4	7.503	4.68
15.5	7.505	4.679
15.6	7.508	4.678
15.7	7.508	4.677
15.8	7.508	4.676
15.9	7.507	4.676
16	7.507	4.677
16.1	7.507	4.677
16.2	7.507	4.677
16.3	7.505	4.676
16.4	7.503	4.675
16.5	7.501	4.675
16.6	7.499	4.674
16.7	7.498	4.674
16.8	7.498	4.674
16.9	7.499	4.674
17	7.498	4.674
17.1	7.497	4.674
17.2	7.496	4.674
17.3	7.496	4.674
17.4	7.494	4.675
17.5	7.492	4.675
17.6	7.491	4.675
17.7	7.491	4.675
17.8	7.491	4.677
17.9	7.49	4.677
18	7.489	4.677
18.1	7.489	4.677
18.2	7.488	4.678
18.3	7.488	4.677
18.4	7.487	4.677
18.5	7.488	4.678
18.6	7.489	4.679
18.7	7.489	4.681
18.8	7.49	4.682
18.9	7.491	4.682
19	7.492	4.682
19.1	7.493	4.682
19.2	7.493	4.682
19.3	7.493	4.683
19.4	7.493	4.683
19.5	7.492	4.683
19.6	7.492	4.683
19.7	7.493	4.684
19.8	7.492	4.684
19.9	7.49	4.684
20	7.489	4.682
20.1	7.489	4.681
20.2	7.488	4.679
20.3	7.487	4.677
20.4	7.487	4.676
20.5	7.487	4.674
20.6	7.487	4.673
20.7	7.486	4.673
20.8	7.484	4.672
20.9	7.483	4.673
21	7.483	4.674
21.1	7.483	4.675
21.2	7.483	4.675
21.3	7.482	4.674
21.4	7.482	4.673
21.5	7.482	4.673
21.6	7.482	4.673
21.7	7.482	4.673
21.8	7.483	4.673
21.9	7.483	4.674
22	7.483	4.674
22.1	7.484	4.675
22.2	7.485	4.675
22.3	7.487	4.676
22.4	7.488	4.675
22.5	7.488	4.676
22.6	7.489	4.676
22.7	7.489	4.675
22.8	7.49	4.675
22.9	7.49	4.674
23	7.489	4.674
23.1	7.489	4.674
23.2	7.489	4.674
23.3	7.489	4.674
23.4	7.489	4.674
23.5	7.488	4.674
23.6	7.488	4.674
23.7	7.488	4.676
23.8	7.488	4.677
23.9	7.488	4.679
24	7.489	4.68
24.1	7.489	4.681
24.2	7.489	4.681
24.3	7.489	4.681
24.4	7.489	4.681
24.5	7.488	4.68
24.6	7.487	4.68
24.7	7.487	4.68
24.8	7.487	4.681
24.9	7.487	4.682
25	7.487	4.683
25.1	7.487	4.683
25.2	7.488	4.681
25.3	7.489	4.679
25.4	7.49	4.678
25.5	7.49	4.678
25.6	7.491	4.678
25.7	7.491	4.678
25.8	7.491	4.678
25.9	7.491	4.677
26	7.492	4.676
26.1	7.492	4.675
26.2	7.492	4.675
26.3	7.492	4.674
26.4	7.49	4.673
26.5	7.488	4.672
26.6	7.487	4.671
26.7	7.487	4.67
26.8	7.487	4.67
26.9	7.487	4.67
27	7.487	4.671
27.1	7.487	4.671
27.2	7.487	4.672
27.3	7.487	4.672
27.4	7.487	4.673
27.5	7.487	4.673
27.6	7.488	4.674
27.7	7.488	4.675
27.8	7.487	4.675
27.9	7.488	4.675
28	7.488	4.676
28.1	7.487	4.676
28.2	7.487	4.677
28.3	7.487	4.678
28.4	7.488	4.679
28.5	7.488	4.68
28.6	7.488	4.681
28.7	7.488	4.681
28.8	7.488	4.68
28.9	7.487	4.68
29	7.487	4.679
29.1	7.486	4.679
29.2	7.487	4.678
29.3	7.488	4.678
29.4	7.489	4.679
29.5	7.49	4.68
29.6	7.491	4.681
29.7	7.491	4.681
29.8	7.492	4.683
29.9	7.493	4.684
30	7.493	4.686
30.1	7.494	4.687
30.2	7.495	4.689
30.3	7.495	4.69
30.4	7.494	4.691
30.5	7.494	4.691
30.6	7.493	4.692
30.7	7.492	4.692
30.8	7.491	4.691
30.9	7.491	4.69
31	7.491	4.689
31.1	7.491	4.687
31.2	7.492	4.685
31.3	7.493	4.683
31.4	7.494	4.681
31.5	7.494	4.679
31.6	7.494	4.678
31.7	7.494	4.676
31.8	7.494	4.676
31.9	7.494	4.677
32	7.495	4.677
32.1	7.495	4.677
32.2	7.495	4.679
32.3	7.494	4.68
32.4	7.494	4.682
32.5	7.494	4.682
32.6	7.494	4.683
32.7	7.493	4.684
32.8	7.493	4.685
32.9	7.493	4.685
33	7.492	4.686
33.1	7.49	4.687
33.2	7.488	4.688
33.3	7.484	4.688
33.4	7.479	4.688
33.5	7.473	4.688
33.6	7.467	4.689
33.7	7.46	4.689
33.8	7.451	4.69
33.9	7.439	4.694
34	7.422	4.699
34.1	7.403	4.704
34.2	7.383	4.703
34.3	7.362	4.696
34.4	7.339	4.679
34.5	7.312	4.652
34.6	7.278	4.614
34.7	7.239	4.568
34.8	7.201	4.526
34.9	7.164	4.495
35	7.122	4.476
35.1	7.074	4.463
35.2	7.018	4.455
35.3	6.956	4.454
35.4	6.886	4.458
35.5	6.809	4.466
35.6	6.733	4.473
35.7	6.665	4.479
35.8	6.602	4.478
35.9	6.544	4.469
36	6.486	4.455
36.1	6.423	4.436
36.2	6.354	4.411
36.3	6.278	4.382
36.4	6.206	4.357
36.5	6.14	4.338
36.6	6.08	4.325
36.7	6.027	4.314
36.8	5.981	4.309
36.9	5.933	4.31
37	5.885	4.316
37.1	5.839	4.322
37.2	5.799	4.327
37.3	5.76	4.331
37.4	5.721	4.328
37.5	5.689	4.321
37.6	5.669	4.313
37.7	5.654	4.303
37.8	5.642	4.29
37.9	5.63	4.277
38	5.615	4.263
38.1	5.592	4.251
38.2	5.569	4.241
38.3	5.55	4.235
38.4	5.533	4.234
38.5	5.517	4.233
38.6	5.504	4.233
38.7	5.489	4.233
38.8	5.468	4.23
38.9	5.448	4.231
39	5.428	4.23
39.1	5.41	4.231
39.2	5.398	4.233
39.3	5.391	4.235
39.4	5.39	4.24
39.5	5.389	4.243
39.6	5.389	4.244
39.7	5.388	4.245
39.8	5.386	4.248
39.9	5.382	4.25
40	5.376	4.252
40.1	5.369	4.253
40.2	5.359	4.253
40.3	5.344	4.247
40.4	5.322	4.235
40.5	5.297	4.216
40.6	5.276	4.187
40.7	5.258	4.15
40.8	5.238	4.106
40.9	5.211	4.052
41	5.179	3.986
41.1	5.147	3.914
41.2	5.118	3.85
41.3	5.092	3.794
41.4	5.069	3.739
41.5	5.044	3.679
41.6	5.015	3.613
41.7	4.979	3.541
41.8	4.941	3.463
41.9	4.909	3.388
42	4.887	3.319
42.1	4.874	3.256
42.2	4.872	3.201
42.3	4.875	3.151
42.4	4.882	3.098
42.5	4.898	3.045
42.6	4.92	2.995
42.7	4.938	2.956
42.8	4.95	2.924
42.9	4.96	2.902
43	4.965	2.885
43.1	4.965	2.872
43.2	4.955	2.86
43.3	4.943	2.852
43.4	4.931	2.849
43.5	4.918	2.849
43.6	4.901	2.847
43.7	4.887	2.84
43.8	4.878	2.831
43.9	4.874	2.822
44	4.871	2.815
44.1	4.862	2.812
44.2	4.849	2.815
44.3	4.834	2.821
44.4	4.819	2.83
