Time	Velocity
0	0
0.1	0.03
0.2	0.13
0.3	0.29
0.4	0.48
0.5	0.7
0.6	0.91
0.7	1.11
0.8	1.26
0.9	1.36
1	1.4
1.1	1.4
1.2	1.4
1.3	1.4
1.4	1.4
1.5	1.36
1.6	1.25
1.7	1.09
1.8	0.89
1.9	0.67
2	0.46
2.1	0.27
2.2	0.12
2.3	0.03
0	0
0.1	-0.19
0.2	-0.66
0.3	-1.15
0.4	-1.4
0.5	-1.25
0.6	-0.79
0	0
0.1	-0.16
0.2	-0.66
0.3	-1.16
0.4	-1.39
0.5	-1.25
0.6	-0.79
0	0
0.1	-0.19
0.2	-0.61
0.3	-1.16
0.4	-1.4
0.5	-1.28
0.6	-0.85
0	0
0.1	-0.19
0.2	-0.66
0.3	-1.16
0.4	-1.4
0.5	-1.25
0.6	-0.79
0	0
0.1	-0.15
0.2	-0.61
0.3	-1.11
0.4	-1.39
0.5	-1.28
0.6	-0.85
0	0
0.1	-0.23
0.2	-0.79
0.3	-1.32
0.4	-1.5
0.5	-1.21
0.6	-0.63
0	0
0.1	-0.19
0.2	-0.79
0.3	-1.33
0.4	-1.5
0.5	-1.27
0.6	-0.64
