Time	X	Z
0	7.668	2.31
0.1	7.668	2.31
0.2	7.668	2.313
0.3	7.668	2.313
0.4	7.668	2.313
0.5	7.668	2.313
0.6	7.669	2.314
0.7	7.668	2.314
0.8	7.669	2.314
0.9	7.669	2.314
1	7.669	2.314
1.1	7.669	2.315
1.2	7.669	2.315
1.3	7.669	2.315
1.4	7.669	2.315
1.5	7.669	2.315
1.6	7.669	2.315
1.7	7.669	2.315
1.8	7.669	2.315
1.9	7.669	2.315
2	7.669	2.315
2.1	7.669	2.315
2.2	7.669	2.315
2.3	7.669	2.316
2.4	7.669	2.316
2.5	7.669	2.315
2.6	7.669	2.316
2.7	7.669	2.316
2.8	7.669	2.316
2.9	7.669	2.316
3	7.669	2.316
3.1	7.669	2.316
3.2	7.669	2.317
3.3	7.669	2.316
3.4	7.669	2.316
3.5	7.669	2.317
3.6	7.67	2.317
3.7	7.669	2.317
3.8	7.669	2.317
3.9	7.669	2.317
4	7.669	2.317
4.1	7.67	2.317
4.2	7.67	2.317
4.3	7.67	2.317
4.4	7.67	2.318
4.5	7.67	2.318
4.6	7.67	2.318
4.7	7.67	2.318
4.8	7.67	2.318
4.9	7.67	2.318
5	7.67	2.318
5.1	7.67	2.319
5.2	7.67	2.318
5.3	7.67	2.319
5.4	7.671	2.319
5.5	7.671	2.319
5.6	7.671	2.319
5.7	7.67	2.319
5.8	7.67	2.319
5.9	7.67	2.319
6	7.67	2.319
6.1	7.67	2.319
6.2	7.67	2.319
6.3	7.67	2.316
6.4	7.671	2.313
6.5	7.664	2.312
6.6	7.643	2.311
6.7	7.602	2.31
6.8	7.56	2.332
6.9	7.532	2.384
7	7.523	2.445
7.1	7.524	2.501
7.2	7.53	2.55
7.3	7.543	2.598
7.4	7.559	2.649
7.5	7.578	2.692
7.6	7.59	2.726
7.7	7.582	2.744
7.8	7.563	2.744
7.9	7.544	2.765
8	7.566	2.794
8.1	7.59	2.809
8.2	7.608	2.801
8.3	7.618	2.777
8.4	7.623	2.756
8.5	7.626	2.74
8.6	7.62	2.721
8.7	7.618	2.71
8.8	7.614	2.689
8.9	7.598	2.665
9	7.569	2.647
9.1	7.535	2.641
9.2	7.504	2.65
9.3	7.483	2.669
9.4	7.476	2.69
9.5	7.48	2.705
9.6	7.49	2.71
9.7	7.498	2.705
9.8	7.502	2.696
9.9	7.5	2.69
10	7.494	2.687
10.1	7.485	2.689
10.2	7.476	2.697
10.3	7.471	2.706
10.4	7.47	2.714
10.5	7.472	2.718
10.6	7.475	2.715
10.7	7.479	2.708
10.8	7.482	2.702
10.9	7.483	2.698
11	7.482	2.699
11.1	7.482	2.703
11.2	7.48	2.71
11.3	7.479	2.715
11.4	7.476	2.719
11.5	7.473	2.722
11.6	7.47	2.727
11.7	7.466	2.733
11.8	7.46	2.741
11.9	7.452	2.751
12	7.444	2.76
12.1	7.436	2.768
12.2	7.429	2.772
12.3	7.421	2.774
12.4	7.413	2.774
12.5	7.407	2.777
12.6	7.401	2.786
12.7	7.389	2.807
12.8	7.366	2.834
12.9	7.341	2.871
13	7.32	2.928
13.1	7.304	3.014
13.2	7.281	3.124
13.3	7.255	3.239
13.4	7.228	3.348
13.5	7.193	3.468
13.6	7.166	3.589
13.7	7.15	3.708
13.8	7.141	3.822
13.9	7.146	3.93
14	7.162	4.03
14.1	7.172	4.124
14.2	7.178	4.211
14.3	7.189	4.282
14.4	7.197	4.352
14.5	7.2	4.407
14.6	7.199	4.456
14.7	7.199	4.502
14.8	7.203	4.539
14.9	7.211	4.573
15	7.221	4.598
15.1	7.244	4.628
15.2	7.263	4.65
15.3	7.277	4.664
15.4	7.288	4.674
15.5	7.296	4.68
15.6	7.301	4.686
15.7	7.307	4.691
15.8	7.31	4.694
15.9	7.313	4.698
16	7.313	4.698
16.1	7.316	4.701
16.2	7.318	4.7
16.3	7.318	4.7
16.4	7.318	4.7
16.5	7.318	4.7
16.6	7.315	4.7
16.7	7.317	4.701
16.8	7.32	4.701
16.9	7.323	4.7
17	7.328	4.702
17.1	7.332	4.703
17.2	7.335	4.703
17.3	7.334	4.701
17.4	7.334	4.7
17.5	7.334	4.699
17.6	7.332	4.696
17.7	7.33	4.691
17.8	7.33	4.691
17.9	7.331	4.691
18	7.333	4.692
18.1	7.334	4.694
18.2	7.337	4.697
18.3	7.337	4.7
18.4	7.327	4.693
18.5	7.325	4.692
18.6	7.324	4.691
18.7	7.324	4.691
18.8	7.32	4.692
18.9	7.319	4.693
19	7.318	4.693
19.1	7.318	4.692
19.2	7.323	4.696
19.3	7.328	4.698
19.4	7.332	4.699
19.5	7.334	4.7
19.6	7.337	4.701
19.7	7.322	4.69
19.8	7.32	4.692
19.9	7.319	4.693
20	7.32	4.694
20.1	7.323	4.695
20.2	7.323	4.696
20.3	7.322	4.697
20.4	7.32	4.7
20.5	7.32	4.7
20.6	7.319	4.701
20.7	7.317	4.701
20.8	7.315	4.702
20.9	7.314	4.702
21	7.312	4.702
21.1	7.31	4.702
21.2	7.309	4.702
21.3	7.308	4.702
21.4	7.309	4.703
21.5	7.309	4.705
21.6	7.308	4.706
21.7	7.308	4.708
21.8	7.307	4.708
21.9	7.307	4.709
22	7.307	4.71
22.1	7.307	4.712
22.2	7.309	4.712
22.3	7.31	4.71
22.4	7.313	4.709
22.5	7.314	4.708
22.6	7.316	4.707
22.7	7.318	4.706
22.8	7.322	4.704
22.9	7.326	4.702
23	7.33	4.701
23.1	7.334	4.7
23.2	7.336	4.699
23.3	7.337	4.696
23.4	7.338	4.692
23.5	7.343	4.688
23.6	7.349	4.682
23.7	7.353	4.679
23.8	7.355	4.677
23.9	7.357	4.676
24	7.358	4.675
24.1	7.359	4.677
24.2	7.364	4.683
24.3	7.366	4.693
24.4	7.365	4.701
24.5	7.372	4.712
24.6	7.374	4.717
24.7	7.374	4.719
24.8	7.373	4.723
24.9	7.37	4.729
25	7.367	4.732
25.1	7.366	4.735
25.2	7.364	4.736
25.3	7.364	4.737
25.4	7.363	4.738
25.5	7.361	4.737
25.6	7.359	4.735
25.7	7.358	4.732
25.8	7.357	4.729
25.9	7.358	4.727
26	7.358	4.726
26.1	7.358	4.724
26.2	7.358	4.722
26.3	7.358	4.721
26.4	7.357	4.72
26.5	7.357	4.718
26.6	7.357	4.717
26.7	7.358	4.716
26.8	7.358	4.716
26.9	7.358	4.715
27	7.359	4.715
27.1	7.36	4.714
27.2	7.361	4.714
27.3	7.362	4.714
27.4	7.362	4.713
27.5	7.362	4.712
27.6	7.363	4.712
27.7	7.363	4.712
27.8	7.363	4.712
27.9	7.363	4.712
28	7.362	4.711
28.1	7.36	4.712
28.2	7.359	4.714
28.3	7.358	4.717
28.4	7.356	4.719
28.5	7.356	4.722
28.6	7.357	4.723
28.7	7.358	4.723
28.8	7.359	4.723
28.9	7.359	4.722
29	7.359	4.72
29.1	7.36	4.718
29.2	7.36	4.716
29.3	7.36	4.714
29.4	7.361	4.713
29.5	7.362	4.715
29.6	7.361	4.716
29.7	7.361	4.716
29.8	7.36	4.717
29.9	7.36	4.718
30	7.358	4.719
30.1	7.356	4.719
30.2	7.356	4.719
30.3	7.356	4.718
30.4	7.356	4.718
30.5	7.356	4.717
30.6	7.355	4.717
30.7	7.354	4.718
30.8	7.353	4.718
30.9	7.353	4.718
31	7.353	4.717
31.1	7.354	4.717
31.2	7.354	4.717
31.3	7.353	4.717
31.4	7.352	4.716
31.5	7.352	4.716
31.6	7.353	4.716
31.7	7.353	4.716
31.8	7.353	4.715
31.9	7.353	4.714
32	7.353	4.713
32.1	7.353	4.711
32.2	7.352	4.71
32.3	7.352	4.709
32.4	7.351	4.707
32.5	7.35	4.707
32.6	7.351	4.708
32.7	7.351	4.709
32.8	7.351	4.71
32.9	7.351	4.712
33	7.352	4.713
33.1	7.353	4.712
33.2	7.354	4.712
33.3	7.355	4.713
33.4	7.354	4.713
33.5	7.353	4.714
33.6	7.352	4.714
33.7	7.352	4.714
33.8	7.352	4.714
33.9	7.352	4.712
34	7.353	4.711
34.1	7.354	4.709
34.2	7.355	4.707
34.3	7.355	4.705
34.4	7.357	4.704
34.5	7.359	4.703
34.6	7.361	4.702
34.7	7.364	4.703
34.8	7.366	4.702
34.9	7.366	4.702
35	7.366	4.701
35.1	7.366	4.701
35.2	7.368	4.702
35.3	7.369	4.703
35.4	7.37	4.705
35.5	7.371	4.706
35.6	7.373	4.706
35.7	7.374	4.707
35.8	7.374	4.707
35.9	7.376	4.707
36	7.376	4.708
36.1	7.377	4.708
36.2	7.377	4.708
36.3	7.376	4.708
36.4	7.375	4.707
36.5	7.374	4.707
36.6	7.374	4.706
36.7	7.373	4.706
36.8	7.372	4.705
36.9	7.372	4.705
37	7.373	4.705
37.1	7.372	4.705
37.2	7.372	4.705
37.3	7.372	4.705
37.4	7.373	4.705
37.5	7.373	4.705
37.6	7.373	4.706
37.7	7.373	4.706
37.8	7.373	4.706
37.9	7.373	4.705
38	7.373	4.705
38.1	7.373	4.704
38.2	7.373	4.704
38.3	7.373	4.704
38.4	7.373	4.703
38.5	7.374	4.703
38.6	7.375	4.702
38.7	7.376	4.702
38.8	7.377	4.701
38.9	7.378	4.701
39	7.38	4.701
39.1	7.381	4.702
39.2	7.382	4.702
39.3	7.382	4.703
39.4	7.383	4.703
39.5	7.383	4.703
39.6	7.382	4.702
39.7	7.382	4.702
39.8	7.381	4.702
39.9	7.381	4.702
40	7.38	4.7
40.1	7.379	4.699
40.2	7.378	4.698
40.3	7.377	4.698
40.4	7.376	4.697
40.5	7.376	4.697
40.6	7.376	4.698
40.7	7.376	4.698
40.8	7.377	4.698
40.9	7.377	4.697
41	7.377	4.696
41.1	7.377	4.696
41.2	7.376	4.695
41.3	7.376	4.695
41.4	7.376	4.694
41.5	7.376	4.693
41.6	7.377	4.693
41.7	7.377	4.692
41.8	7.377	4.692
41.9	7.376	4.692
42	7.376	4.692
42.1	7.376	4.693
42.2	7.377	4.693
42.3	7.377	4.694
42.4	7.378	4.695
42.5	7.378	4.696
42.6	7.379	4.696
42.7	7.379	4.696
42.8	7.38	4.696
42.9	7.379	4.696
43	7.379	4.696
43.1	7.379	4.696
43.2	7.378	4.696
43.3	7.379	4.696
43.4	7.378	4.696
43.5	7.379	4.697
43.6	7.38	4.696
43.7	7.38	4.696
43.8	7.38	4.695
43.9	7.381	4.694
44	7.381	4.694
44.1	7.381	4.694
44.2	7.382	4.694
44.3	7.383	4.694
44.4	7.383	4.693
44.5	7.381	4.691
44.6	7.379	4.689
44.7	7.379	4.687
44.8	7.38	4.687
44.9	7.38	4.687
45	7.381	4.687
45.1	7.382	4.687
45.2	7.382	4.688
45.3	7.384	4.689
45.4	7.385	4.69
45.5	7.386	4.691
45.6	7.387	4.692
45.7	7.388	4.693
45.8	7.388	4.694
45.9	7.389	4.693
46	7.389	4.693
46.1	7.389	4.693
46.2	7.388	4.693
46.3	7.388	4.693
46.4	7.386	4.692
46.5	7.386	4.692
46.6	7.385	4.691
46.7	7.384	4.69
46.8	7.384	4.69
46.9	7.384	4.689
47	7.384	4.689
47.1	7.384	4.69
47.2	7.383	4.69
47.3	7.383	4.691
47.4	7.382	4.692
47.5	7.382	4.692
47.6	7.381	4.693
47.7	7.381	4.693
47.8	7.381	4.693
47.9	7.381	4.693
48	7.381	4.692
48.1	7.38	4.69
48.2	7.379	4.689
48.3	7.378	4.688
48.4	7.377	4.688
48.5	7.375	4.686
48.6	7.375	4.685
48.7	7.375	4.684
48.8	7.376	4.684
48.9	7.377	4.684
49	7.377	4.683
49.1	7.378	4.683
49.2	7.379	4.684
49.3	7.38	4.685
49.4	7.381	4.685
49.5	7.38	4.685
49.6	7.377	4.685
49.7	7.374	4.687
49.8	7.37	4.691
49.9	7.366	4.696
50	7.361	4.703
50.1	7.356	4.711
50.2	7.352	4.719
50.3	7.349	4.725
50.4	7.347	4.729
50.5	7.347	4.729
50.6	7.35	4.726
50.7	7.354	4.719
50.8	7.358	4.713
50.9	7.361	4.707
51	7.364	4.702
51.1	7.367	4.7
51.2	7.369	4.697
51.3	7.368	4.694
51.4	7.368	4.691
51.5	7.369	4.69
51.6	7.37	4.689
51.7	7.371	4.689
51.8	7.372	4.688
51.9	7.371	4.688
52	7.372	4.689
52.1	7.373	4.69
52.2	7.374	4.692
52.3	7.372	4.693
52.4	7.372	4.694
52.5	7.373	4.695
52.6	7.374	4.696
52.7	7.374	4.696
52.8	7.374	4.695
52.9	7.374	4.695
53	7.375	4.695
53.1	7.375	4.695
53.2	7.375	4.694
53.3	7.376	4.693
53.4	7.375	4.692
53.5	7.374	4.69
53.6	7.373	4.689
53.7	7.372	4.688
53.8	7.371	4.687
53.9	7.369	4.685
54	7.369	4.684
54.1	7.368	4.683
54.2	7.368	4.682
54.3	7.369	4.682
54.4	7.37	4.682
54.5	7.372	4.682
54.6	7.373	4.682
54.7	7.373	4.682
54.8	7.374	4.682
54.9	7.374	4.683
55	7.374	4.683
55.1	7.374	4.683
55.2	7.373	4.682
55.3	7.373	4.682
55.4	7.373	4.682
55.5	7.373	4.681
55.6	7.374	4.68
55.7	7.373	4.679
55.8	7.374	4.678
55.9	7.374	4.677
56	7.374	4.677
56.1	7.374	4.677
56.2	7.375	4.677
56.3	7.375	4.678
56.4	7.376	4.678
56.5	7.376	4.678
56.6	7.375	4.677
56.7	7.374	4.676
56.8	7.375	4.676
56.9	7.375	4.676
57	7.377	4.677
57.1	7.378	4.678
57.2	7.379	4.679
57.3	7.38	4.68
57.4	7.38	4.68
57.5	7.38	4.68
57.6	7.38	4.68
57.7	7.38	4.679
57.8	7.38	4.679
57.9	7.38	4.68
58	7.38	4.68
58.1	7.381	4.681
58.2	7.382	4.681
58.3	7.382	4.681
58.4	7.384	4.682
58.5	7.386	4.682
58.6	7.388	4.682
58.7	7.389	4.682
58.8	7.391	4.681
58.9	7.392	4.68
59	7.393	4.681
59.1	7.395	4.681
59.2	7.397	4.682
59.3	7.4	4.682
59.4	7.404	4.682
59.5	7.408	4.681
59.6	7.411	4.68
59.7	7.412	4.679
59.8	7.413	4.677
59.9	7.414	4.676
60	7.414	4.675
60.1	7.414	4.674
60.2	7.415	4.674
60.3	7.416	4.673
60.4	7.417	4.674
60.5	7.417	4.674
60.6	7.417	4.675
60.7	7.417	4.675
60.8	7.417	4.675
60.9	7.414	4.673
61	7.412	4.673
61.1	7.411	4.672
61.2	7.409	4.671
61.3	7.408	4.67
61.4	7.408	4.67
61.5	7.407	4.671
61.6	7.406	4.671
61.7	7.405	4.671
61.8	7.404	4.671
61.9	7.403	4.672
62	7.402	4.673
62.1	7.401	4.674
62.2	7.401	4.675
62.3	7.401	4.676
62.4	7.402	4.677
62.5	7.402	4.677
62.6	7.403	4.677
62.7	7.403	4.677
62.8	7.404	4.676
62.9	7.404	4.675
63	7.405	4.675
63.1	7.405	4.675
63.2	7.405	4.674
63.3	7.404	4.674
63.4	7.404	4.673
63.5	7.403	4.673
63.6	7.403	4.673
63.7	7.403	4.672
63.8	7.403	4.671
63.9	7.403	4.671
64	7.403	4.67
64.1	7.404	4.67
64.2	7.404	4.669
64.3	7.404	4.669
64.4	7.404	4.669
64.5	7.405	4.669
64.6	7.405	4.668
64.7	7.406	4.668
64.8	7.406	4.668
64.9	7.406	4.669
65	7.407	4.669
65.1	7.407	4.67
65.2	7.407	4.671
65.3	7.407	4.672
65.4	7.407	4.673
65.5	7.407	4.674
65.6	7.406	4.674
65.7	7.405	4.674
65.8	7.404	4.675
65.9	7.404	4.675
66	7.403	4.675
66.1	7.403	4.675
66.2	7.403	4.675
66.3	7.403	4.675
66.4	7.403	4.675
66.5	7.404	4.675
66.6	7.404	4.675
66.7	7.404	4.674
66.8	7.403	4.674
66.9	7.402	4.673
67	7.401	4.672
67.1	7.4	4.671
67.2	7.4	4.671
67.3	7.399	4.67
67.4	7.398	4.67
67.5	7.398	4.67
67.6	7.397	4.67
67.7	7.396	4.67
67.8	7.395	4.67
67.9	7.394	4.669
68	7.393	4.669
68.1	7.392	4.668
68.2	7.391	4.668
68.3	7.391	4.667
68.4	7.391	4.667
68.5	7.392	4.667
68.6	7.393	4.666
68.7	7.393	4.666
68.8	7.394	4.666
68.9	7.395	4.665
69	7.396	4.664
69.1	7.396	4.664
69.2	7.397	4.663
69.3	7.396	4.662
69.4	7.395	4.661
69.5	7.394	4.66
69.6	7.393	4.66
69.7	7.393	4.662
69.8	7.393	4.662
69.9	7.393	4.662
70	7.393	4.662
70.1	7.393	4.662
70.2	7.393	4.661
70.3	7.393	4.66
70.4	7.393	4.659
70.5	7.393	4.658
70.6	7.394	4.658
70.7	7.394	4.657
70.8	7.394	4.656
70.9	7.393	4.655
71	7.392	4.653
71.1	7.39	4.652
71.2	7.388	4.65
71.3	7.387	4.648
71.4	7.384	4.647
71.5	7.381	4.645
71.6	7.378	4.643
71.7	7.372	4.638
71.8	7.365	4.631
71.9	7.356	4.622
72	7.344	4.608
72.1	7.322	4.592
72.2	7.293	4.579
72.3	7.255	4.568
72.4	7.203	4.557
72.5	7.131	4.545
72.6	7.038	4.529
72.7	6.954	4.512
72.8	6.881	4.497
72.9	6.804	4.472
73	6.72	4.443
73.1	6.632	4.407
73.2	6.533	4.362
73.3	6.438	4.324
73.4	6.351	4.296
73.5	6.266	4.272
73.6	6.172	4.246
73.7	6.066	4.218
73.8	5.951	4.188
73.9	5.859	4.153
74	5.773	4.108
74.1	5.683	4.06
74.2	5.588	4.009
74.3	5.487	3.953
74.4	5.4	3.911
74.5	5.321	3.875
74.6	5.247	3.84
74.7	5.17	3.805
74.8	5.084	3.768
74.9	5.009	3.727
75	4.953	3.689
75.1	4.909	3.65
75.2	4.871	3.606
75.3	4.84	3.556
75.4	4.812	3.495
75.5	4.79	3.426
75.6	4.772	3.362
75.7	4.75	3.295
75.8	4.723	3.218
75.9	4.693	3.135
76	4.66	3.049
76.1	4.633	2.963
76.2	4.62	2.878
76.3	4.612	2.793
76.4	4.611	2.71
76.5	4.618	2.629
76.6	4.629	2.55
76.7	4.64	2.483
76.8	4.645	2.419
76.9	4.644	2.355
77	4.64	2.289
77.1	4.629	2.226
77.2	4.602	2.163
77.3	4.558	2.106
77.4	4.528	2.064
77.5	4.512	2.022
77.6	4.502	1.978
77.7	4.495	1.942
77.8	4.494	1.913
77.9	4.493	1.888
78	4.491	1.867
78.1	4.481	1.851
78.2	4.468	1.843
78.3	4.456	1.852
78.4	4.448	1.87
78.5	4.447	1.883
78.6	4.453	1.889
78.7	4.461	1.878
78.8	4.472	1.857
78.9	4.482	1.834
79	4.49	1.813
79.1	4.496	1.799
79.2	4.5	1.791
79.3	4.501	1.786
79.4	4.497	1.785
79.5	4.493	1.785
79.6	4.487	1.784
79.7	4.481	1.782
79.8	4.475	1.779
79.9	4.467	1.774
80	4.461	1.769
80.1	4.458	1.766
80.2	4.457	1.764
80.3	4.455	1.762
80.4	4.455	1.76
80.5	4.455	1.758
80.6	4.456	1.756
80.7	4.456	1.752
80.8	4.456	1.748
80.9	4.452	1.741
81	4.446	1.733
81.1	4.442	1.722
81.2	4.438	1.709
81.3	4.436	1.696
81.4	4.436	1.686
81.5	4.435	1.681
81.6	4.435	1.677
81.7	4.436	1.675
81.8	4.438	1.674
81.9	4.44	1.673
82	4.444	1.673
82.1	4.446	1.671
82.2	4.448	1.669
82.3	4.449	1.667
82.4	4.451	1.666
82.5	4.452	1.665
82.6	4.454	1.666
82.7	4.454	1.67
82.8	4.454	1.674
82.9	4.453	1.679
83	4.452	1.683
83.1	4.45	1.685
83.2	4.45	1.685
83.3	4.452	1.687
83.4	4.455	1.689
83.5	4.457	1.69
83.6	4.459	1.692
83.7	4.461	1.694
83.8	4.463	1.697
83.9	4.466	1.699
84	4.469	1.702
84.1	4.471	1.705
84.2	4.473	1.707
84.3	4.475	1.709
84.4	4.475	1.71
84.5	4.474	1.711
84.6	4.473	1.713
84.7	4.472	1.714
84.8	4.472	1.715
84.9	4.471	1.715
85	4.471	1.715
85.1	4.471	1.715
85.2	4.471	1.716
85.3	4.471	1.717
85.4	4.472	1.717
85.5	4.473	1.718
85.6	4.474	1.719
85.7	4.476	1.719
85.8	4.478	1.719
85.9	4.479	1.72
86	4.481	1.72
86.1	4.482	1.72
86.2	4.483	1.72
86.3	4.485	1.72
86.4	4.486	1.72
86.5	4.486	1.72
86.6	4.487	1.72
86.7	4.488	1.72
86.8	4.488	1.72
86.9	4.488	1.721
87	4.488	1.721
87.1	4.488	1.721
87.2	4.487	1.721
87.3	4.488	1.72
87.4	4.488	1.72
87.5	4.488	1.719
87.6	4.489	1.719
87.7	4.489	1.719
87.8	4.489	1.719
87.9	4.489	1.719
88	4.489	1.718
88.1	4.49	1.718
88.2	4.491	1.717
88.3	4.491	1.716
88.4	4.493	1.715
88.5	4.494	1.714
88.6	4.495	1.711
88.7	4.498	1.709
88.8	4.501	1.706
88.9	4.504	1.703
89	4.507	1.701
89.1	4.513	1.7
89.2	4.522	1.703
89.3	4.53	1.708
89.4	4.537	1.715
89.5	4.544	1.725
89.6	4.551	1.737
89.7	4.559	1.748
89.8	4.568	1.757
89.9	4.577	1.766
90	4.584	1.776
90.1	4.589	1.783
90.2	4.594	1.787
90.3	4.6	1.789
90.4	4.606	1.79
90.5	4.61	1.79
90.6	4.611	1.792
90.7	4.613	1.793
90.8	4.613	1.796
90.9	4.613	1.798
91	4.614	1.8
91.1	4.615	1.801
91.2	4.616	1.802
91.3	4.616	1.804
91.4	4.615	1.804
91.5	4.614	1.804
91.6	4.613	1.804
91.7	4.611	1.804
91.8	4.609	1.804
91.9	4.608	1.804
92	4.608	1.803
92.1	4.608	1.803
92.2	4.609	1.801
92.3	4.61	1.799
92.4	4.61	1.796
92.5	4.61	1.794
92.6	4.609	1.793
92.7	4.609	1.792
92.8	4.608	1.791
92.9	4.607	1.79
93	4.605	1.791
93.1	4.604	1.792
93.2	4.603	1.793
93.3	4.602	1.794
93.4	4.602	1.795
93.5	4.603	1.795
93.6	4.603	1.795
93.7	4.603	1.795
93.8	4.604	1.794
93.9	4.604	1.794
94	4.603	1.794
94.1	4.603	1.794
94.2	4.601	1.794
94.3	4.599	1.794
94.4	4.599	1.795
94.5	4.598	1.795
94.6	4.598	1.796
94.7	4.598	1.798
94.8	4.597	1.799
94.9	4.598	1.8
95	4.599	1.802
95.1	4.598	1.803
95.2	4.597	1.803
95.3	4.596	1.804
95.4	4.596	1.804
95.5	4.595	1.805
95.6	4.594	1.805
95.7	4.593	1.806
95.8	4.591	1.807
95.9	4.589	1.807
96	4.588	1.807
96.1	4.588	1.807
96.2	4.589	1.807
96.3	4.59	1.807
96.4	4.591	1.807
96.5	4.593	1.807
96.6	4.595	1.808
96.7	4.597	1.809
96.8	4.598	1.81
96.9	4.599	1.811
97	4.6	1.812
97.1	4.601	1.813
97.2	4.602	1.814
97.3	4.602	1.814
97.4	4.603	1.815
97.5	4.603	1.815
97.6	4.603	1.815
97.7	4.603	1.816
97.8	4.603	1.817
97.9	4.603	1.819
98	4.602	1.821
98.1	4.601	1.823
98.2	4.601	1.825
98.3	4.603	1.826
98.4	4.603	1.826
98.5	4.603	1.826
98.6	4.604	1.826
98.7	4.606	1.826
98.8	4.608	1.827
98.9	4.611	1.828
99	4.612	1.827
99.1	4.612	1.825
99.2	4.611	1.821
99.3	4.61	1.817
99.4	4.606	1.809
99.5	4.603	1.803
99.6	4.6	1.797
99.7	4.596	1.791
99.8	4.593	1.785
99.9	4.59	1.781
100	4.588	1.777
100.1	4.586	1.773
100.2	4.586	1.77
100.3	4.586	1.767
100.4	4.587	1.763
100.5	4.588	1.757
100.6	4.589	1.751
100.7	4.59	1.745
100.8	4.592	1.738
100.9	4.593	1.73
101	4.593	1.723
101.1	4.593	1.717
101.2	4.592	1.711
101.3	4.59	1.705
101.4	4.589	1.7
101.5	4.587	1.696
101.6	4.587	1.694
101.7	4.587	1.694
101.8	4.588	1.697
101.9	4.589	1.7
102	4.59	1.704
102.1	4.59	1.708
102.2	4.59	1.712
102.3	4.591	1.715
102.4	4.594	1.716
102.5	4.598	1.717
102.6	4.602	1.719
102.7	4.607	1.721
102.8	4.61	1.724
102.9	4.613	1.727
103	4.615	1.73
103.1	4.616	1.732
103.2	4.617	1.735
103.3	4.618	1.738
103.4	4.619	1.741
103.5	4.62	1.743
103.6	4.621	1.745
103.7	4.622	1.748
103.8	4.622	1.75
103.9	4.622	1.752
104	4.621	1.753
104.1	4.62	1.755
104.2	4.619	1.756
104.3	4.618	1.756
104.4	4.616	1.756
104.5	4.614	1.756
104.6	4.613	1.757
104.7	4.612	1.757
104.8	4.611	1.757
104.9	4.61	1.758
105	4.609	1.758
105.1	4.608	1.759
105.2	4.606	1.758
105.3	4.604	1.758
105.4	4.602	1.757
105.5	4.603	1.757
105.6	4.604	1.756
105.7	4.606	1.755
105.8	4.608	1.755
105.9	4.611	1.754
106	4.613	1.753
106.1	4.614	1.753
106.2	4.616	1.752
106.3	4.617	1.752
106.4	4.618	1.752
106.5	4.618	1.752
106.6	4.619	1.752
106.7	4.62	1.752
106.8	4.62	1.752
106.9	4.62	1.753
107	4.62	1.753
107.1	4.62	1.753
107.2	4.621	1.753
107.3	4.621	1.754
107.4	4.621	1.755
107.5	4.62	1.755
107.6	4.62	1.755
107.7	4.621	1.754
107.8	4.623	1.754
107.9	4.625	1.753
108	4.627	1.752
108.1	4.629	1.752
108.2	4.629	1.751
108.3	4.629	1.751
108.4	4.628	1.751
108.5	4.628	1.751
108.6	4.628	1.751
108.7	4.629	1.751
108.8	4.63	1.752
108.9	4.63	1.752
109	4.631	1.753
109.1	4.63	1.753
109.2	4.63	1.754
109.3	4.629	1.754
109.4	4.629	1.754
109.5	4.629	1.755
109.6	4.629	1.755
109.7	4.631	1.756
109.8	4.632	1.756
109.9	4.634	1.756
110	4.636	1.756
110.1	4.637	1.757
110.2	4.638	1.758
110.3	4.639	1.759
110.4	4.641	1.76
110.5	4.643	1.762
110.6	4.645	1.763
110.7	4.646	1.764
110.8	4.648	1.766
110.9	4.649	1.767
111	4.651	1.768
111.1	4.651	1.769
111.2	4.651	1.769
111.3	4.65	1.77
111.4	4.65	1.771
111.5	4.65	1.771
111.6	4.651	1.77
111.7	4.652	1.77
111.8	4.652	1.77
111.9	4.653	1.77
112	4.654	1.77
112.1	4.654	1.769
112.2	4.654	1.769
112.3	4.654	1.768
112.4	4.655	1.768
112.5	4.656	1.768
112.6	4.656	1.769
112.7	4.657	1.77
112.8	4.657	1.771
112.9	4.657	1.772
113	4.655	1.773
113.1	4.654	1.773
113.2	4.652	1.773
113.3	4.65	1.773
113.4	4.649	1.772
113.5	4.648	1.772
113.6	4.645	1.771
113.7	4.644	1.771
113.8	4.642	1.77
113.9	4.64	1.769
114	4.638	1.768
114.1	4.635	1.767
114.2	4.633	1.766
114.3	4.63	1.764
114.4	4.628	1.764
114.5	4.626	1.763
114.6	4.623	1.762
114.7	4.621	1.761
114.8	4.62	1.761
114.9	4.619	1.76
115	4.618	1.759
115.1	4.617	1.758
115.2	4.615	1.757
115.3	4.614	1.755
115.4	4.613	1.754
115.5	4.612	1.754
115.6	4.612	1.754
115.7	4.613	1.755
115.8	4.615	1.757
115.9	4.615	1.76
116	4.616	1.762
116.1	4.618	1.763
116.2	4.619	1.765
116.3	4.62	1.767
116.4	4.623	1.769
116.5	4.627	1.773
116.6	4.632	1.778
116.7	4.636	1.782
116.8	4.638	1.785
116.9	4.64	1.787
117	4.641	1.789
117.1	4.642	1.789
117.2	4.643	1.789
117.3	4.643	1.788
117.4	4.643	1.787
117.5	4.642	1.787
117.6	4.642	1.786
117.7	4.642	1.786
117.8	4.642	1.786
117.9	4.642	1.785
118	4.642	1.784
118.1	4.642	1.784
118.2	4.642	1.784
118.3	4.642	1.784
118.4	4.643	1.784
118.5	4.644	1.784
118.6	4.646	1.784
118.7	4.648	1.783
118.8	4.648	1.783
118.9	4.649	1.784
119	4.648	1.785
119.1	4.647	1.786
119.2	4.646	1.787
119.3	4.644	1.788
119.4	4.643	1.789
119.5	4.642	1.789
119.6	4.642	1.789
119.7	4.642	1.789
119.8	4.641	1.789
119.9	4.641	1.789
120	4.642	1.788
120.1	4.643	1.787
120.2	4.641	1.787
120.3	4.641	1.786
120.4	4.641	1.785
120.5	4.641	1.784
120.6	4.641	1.783
120.7	4.643	1.783
120.8	4.644	1.782
120.9	4.645	1.782
121	4.647	1.78
121.1	4.649	1.779
121.2	4.651	1.779
121.3	4.652	1.778
121.4	4.653	1.778
121.5	4.655	1.778
121.6	4.656	1.777
121.7	4.656	1.777
121.8	4.656	1.777
121.9	4.656	1.778
122	4.656	1.778
122.1	4.657	1.779
122.2	4.658	1.78
122.3	4.66	1.781
122.4	4.66	1.782
122.5	4.661	1.784
122.6	4.661	1.786
122.7	4.661	1.786
122.8	4.663	1.786
122.9	4.664	1.786
123	4.666	1.786
123.1	4.666	1.786
123.2	4.665	1.787
123.3	4.665	1.788
123.4	4.664	1.789
123.5	4.663	1.789
123.6	4.661	1.79
123.7	4.66	1.79
123.8	4.658	1.79
123.9	4.658	1.791
124	4.657	1.791
124.1	4.657	1.791
124.2	4.656	1.791
124.3	4.654	1.792
124.4	4.653	1.792
124.5	4.652	1.792
124.6	4.65	1.792
124.7	4.648	1.791
124.8	4.647	1.791
124.9	4.645	1.789
125	4.644	1.789
125.1	4.643	1.789
125.2	4.643	1.788
125.3	4.643	1.787
125.4	4.643	1.786
125.5	4.643	1.784
125.6	4.643	1.783
125.7	4.643	1.781
125.8	4.643	1.781
125.9	4.644	1.78
126	4.644	1.78
126.1	4.644	1.78
126.2	4.644	1.78
126.3	4.646	1.781
126.4	4.647	1.78
126.5	4.648	1.779
126.6	4.65	1.779
126.7	4.652	1.779
126.8	4.653	1.78
126.9	4.655	1.779
127	4.656	1.778
127.1	4.657	1.777
127.2	4.657	1.777
127.3	4.657	1.777
127.4	4.657	1.777
127.5	4.658	1.777
127.6	4.659	1.777
127.7	4.66	1.778
127.8	4.659	1.779
127.9	4.659	1.779
128	4.658	1.781
128.1	4.659	1.782
128.2	4.659	1.782
128.3	4.66	1.782
128.4	4.659	1.782
128.5	4.659	1.781
128.6	4.659	1.781
128.7	4.659	1.78
128.8	4.659	1.78
128.9	4.659	1.779
129	4.659	1.779
129.1	4.66	1.778
129.2	4.66	1.778
129.3	4.661	1.777
129.4	4.662	1.776
129.5	4.663	1.775
129.6	4.664	1.774
129.7	4.664	1.773
129.8	4.665	1.771
129.9	4.665	1.77
130	4.665	1.77
130.1	4.665	1.77
130.2	4.665	1.77
130.3	4.664	1.771
130.4	4.664	1.772
130.5	4.663	1.772
130.6	4.663	1.771
130.7	4.662	1.771
130.8	4.662	1.77
130.9	4.662	1.77
131	4.662	1.771
131.1	4.662	1.771
131.2	4.662	1.771
131.3	4.662	1.771
131.4	4.662	1.771
131.5	4.661	1.77
131.6	4.661	1.77
131.7	4.66	1.77
131.8	4.66	1.769
131.9	4.66	1.769
132	4.66	1.768
132.1	4.661	1.768
132.2	4.66	1.768
132.3	4.66	1.768
132.4	4.659	1.768
132.5	4.658	1.767
132.6	4.658	1.767
132.7	4.658	1.767
132.8	4.657	1.768
132.9	4.657	1.768
133	4.656	1.768
133.1	4.656	1.768
133.2	4.655	1.768
133.3	4.655	1.768
133.4	4.654	1.768
133.5	4.654	1.768
133.6	4.654	1.768
133.7	4.654	1.767
133.8	4.654	1.767
133.9	4.654	1.767
134	4.654	1.766
134.1	4.655	1.767
134.2	4.655	1.766
134.3	4.656	1.766
134.4	4.657	1.767
134.5	4.658	1.768
134.6	4.658	1.769
134.7	4.658	1.77
134.8	4.658	1.772
134.9	4.657	1.774
135	4.656	1.778
135.1	4.656	1.781
135.2	4.656	1.786
135.3	4.656	1.789
135.4	4.656	1.794
135.5	4.657	1.799
135.6	4.657	1.804
135.7	4.657	1.81
135.8	4.657	1.816
135.9	4.654	1.82
136	4.649	1.824
136.1	4.644	1.832
136.2	4.644	1.849
136.3	4.651	1.879
136.4	4.663	1.921
136.5	4.679	1.978
136.6	4.704	2.054
136.7	4.732	2.138
136.8	4.755	2.213
136.9	4.77	2.292
137	4.776	2.377
137.1	4.776	2.471
137.2	4.77	2.576
137.3	4.763	2.684
137.4	4.77	2.778
137.5	4.791	2.872
137.6	4.822	2.969
137.7	4.864	3.066
137.8	4.916	3.167
137.9	4.964	3.254
138	5.001	3.332
138.1	5.037	3.407
138.2	5.072	3.487
138.3	5.101	3.57
138.4	5.131	3.649
138.5	5.163	3.706
138.6	5.201	3.747
138.7	5.246	3.783
138.8	5.295	3.809
138.9	5.346	3.831
139	5.384	3.851
139.1	5.408	3.871
139.2	5.421	3.886
139.3	5.422	3.897
139.4	5.413	3.905
139.5	5.397	3.911
139.6	5.379	3.916
139.7	5.363	3.914
139.8	5.342	3.898
139.9	5.31	3.868
140	5.269	3.833
140.1	5.227	3.802
140.2	5.185	3.767
140.3	5.14	3.726
140.4	5.093	3.678
140.5	5.048	3.625
140.6	5.013	3.575
140.7	4.99	3.536
140.8	4.98	3.51
140.9	4.982	3.487
141	4.995	3.467
141.1	5.016	3.454
141.2	5.039	3.438
141.3	5.052	3.421
141.4	5.058	3.401
141.5	5.06	3.387
141.6	5.058	3.373
141.7	5.055	3.364
141.8	5.055	3.362
141.9	5.058	3.371
142	5.062	3.385
142.1	5.064	3.403
142.2	5.064	3.424
142.3	5.064	3.443
142.4	5.066	3.454
142.5	5.074	3.464
142.6	5.093	3.48
142.7	5.121	3.517
142.8	5.148	3.584
142.9	5.162	3.674
143	5.151	3.771
143.1	5.121	3.852
143.2	5.081	3.917
143.3	5.032	3.946
143.4	4.994	3.944
143.5	4.972	3.93
143.6	4.949	3.909
143.7	4.924	3.887
143.8	4.898	3.867
143.9	4.878	3.852
144	4.864	3.844
144.1	4.85	3.846
144.2	4.839	3.855
144.3	4.832	3.868
144.4	4.829	3.877
144.5	4.828	3.884
144.6	4.829	3.886
144.7	4.829	3.884
144.8	4.828	3.88
144.9	4.83	3.878
145	4.833	3.875
145.1	4.834	3.873
145.2	4.834	3.872
145.3	4.832	3.871
145.4	4.832	3.87
145.5	4.833	3.868
145.6	4.834	3.867
145.7	4.836	3.865
145.8	4.838	3.864
145.9	4.841	3.86
146	4.843	3.857
146.1	4.845	3.854
146.2	4.844	3.851
146.3	4.842	3.847
146.4	4.839	3.843
146.5	4.835	3.839
146.6	4.831	3.838
146.7	4.828	3.837
146.8	4.824	3.838
146.9	4.819	3.838
147	4.815	3.839
147.1	4.809	3.839
147.2	4.803	3.84
147.3	4.798	3.84
147.4	4.793	3.84
147.5	4.791	3.839
147.6	4.79	3.837
147.7	4.79	3.833
147.8	4.79	3.829
147.9	4.79	3.825
148	4.791	3.821
148.1	4.791	3.819
148.2	4.793	3.818
148.3	4.795	3.818
148.4	4.798	3.82
148.5	4.801	3.821
148.6	4.804	3.823
148.7	4.807	3.824
148.8	4.81	3.826
148.9	4.812	3.826
149	4.814	3.827
149.1	4.815	3.827
149.2	4.816	3.828
149.3	4.817	3.829
149.4	4.818	3.83
149.5	4.819	3.831
149.6	4.82	3.833
149.7	4.82	3.833
149.8	4.821	3.834
149.9	4.821	3.835
150	4.821	3.835
150.1	4.821	3.836
150.2	4.82	3.835
150.3	4.819	3.836
150.4	4.819	3.836
150.5	4.819	3.836
150.6	4.82	3.837
150.7	4.82	3.838
150.8	4.821	3.839
150.9	4.82	3.841
151	4.82	3.841
151.1	4.82	3.842
151.2	4.82	3.843
151.3	4.821	3.843
151.4	4.822	3.843
151.5	4.823	3.842
151.6	4.824	3.842
151.7	4.825	3.841
151.8	4.825	3.84
151.9	4.825	3.839
152	4.825	3.837
152.1	4.825	3.836
152.2	4.826	3.835
152.3	4.827	3.834
152.4	4.829	3.834
152.5	4.83	3.833
152.6	4.831	3.833
152.7	4.831	3.832
152.8	4.831	3.831
152.9	4.832	3.829
153	4.832	3.828
153.1	4.833	3.826
153.2	4.833	3.825
153.3	4.834	3.824
153.4	4.834	3.823
153.5	4.833	3.822
153.6	4.832	3.821
153.7	4.832	3.821
153.8	4.832	3.821
153.9	4.832	3.821
154	4.832	3.821
154.1	4.832	3.821
154.2	4.832	3.821
154.3	4.832	3.82
154.4	4.832	3.82
154.5	4.832	3.82
154.6	4.833	3.819
154.7	4.832	3.82
154.8	4.832	3.82
154.9	4.832	3.82
155	4.832	3.82
155.1	4.832	3.82
155.2	4.831	3.82
155.3	4.831	3.82
155.4	4.831	3.82
155.5	4.831	3.82
155.6	4.831	3.819
155.7	4.832	3.819
155.8	4.832	3.818
155.9	4.832	3.817
156	4.831	3.817
156.1	4.831	3.816
156.2	4.83	3.816
156.3	4.829	3.816
156.4	4.829	3.816
156.5	4.828	3.815
156.6	4.827	3.815
156.7	4.826	3.815
156.8	4.825	3.815
156.9	4.825	3.814
157	4.824	3.813
157.1	4.824	3.813
157.2	4.824	3.811
157.3	4.824	3.81
157.4	4.824	3.809
157.5	4.824	3.808
157.6	4.824	3.808
157.7	4.824	3.809
157.8	4.823	3.81
157.9	4.823	3.81
158	4.824	3.811
158.1	4.824	3.811
158.2	4.824	3.811
158.3	4.826	3.811
158.4	4.826	3.811
158.5	4.827	3.81
158.6	4.827	3.81
158.7	4.827	3.811
158.8	4.827	3.811
158.9	4.826	3.812
159	4.826	3.812
159.1	4.827	3.811
159.2	4.827	3.811
159.3	4.828	3.811
159.4	4.828	3.81
159.5	4.829	3.811
159.6	4.83	3.812
159.7	4.831	3.812
159.8	4.832	3.813
159.9	4.833	3.813
160	4.833	3.813
160.1	4.833	3.813
160.2	4.833	3.813
160.3	4.833	3.813
160.4	4.834	3.813
160.5	4.834	3.812
160.6	4.835	3.812
160.7	4.835	3.81
160.8	4.836	3.809
160.9	4.836	3.807
161	4.836	3.806
161.1	4.836	3.805
161.2	4.835	3.804
161.3	4.835	3.804
161.4	4.835	3.803
161.5	4.835	3.803
161.6	4.835	3.803
161.7	4.833	3.802
161.8	4.832	3.802
161.9	4.832	3.802
162	4.831	3.802
162.1	4.83	3.802
162.2	4.83	3.802
162.3	4.829	3.803
162.4	4.828	3.803
162.5	4.827	3.803
162.6	4.827	3.803
162.7	4.827	3.804
162.8	4.827	3.805
162.9	4.827	3.806
163	4.826	3.807
163.1	4.824	3.807
163.2	4.822	3.807
163.3	4.818	3.807
163.4	4.815	3.805
163.5	4.813	3.801
163.6	4.811	3.796
163.7	4.809	3.789
163.8	4.809	3.781
163.9	4.81	3.772
164	4.813	3.769
164.1	4.819	3.77
164.2	4.824	3.774
164.3	4.827	3.78
164.4	4.828	3.787
164.5	4.831	3.792
164.6	4.833	3.798
164.7	4.835	3.805
164.8	4.838	3.813
164.9	4.84	3.822
165	4.843	3.828
165.1	4.846	3.835
165.2	4.85	3.842
165.3	4.852	3.848
165.4	4.854	3.854
165.5	4.856	3.859
165.6	4.857	3.862
165.7	4.857	3.863
165.8	4.857	3.862
165.9	4.856	3.86
166	4.857	3.859
166.1	4.858	3.86
166.2	4.86	3.864
166.3	4.863	3.866
166.4	4.866	3.866
166.5	4.867	3.865
166.6	4.868	3.862
166.7	4.868	3.861
166.8	4.867	3.86
166.9	4.866	3.859
167	4.865	3.859
