Time	Velocity
0	0
0.1	0.03
0.2	0.13
0.3	0.28
0.4	0.48
0.5	0.7
0.6	0.91
0.7	1.11
0.8	1.26
0.9	1.36
1	1.4
1.1	1.4
1.2	1.4
1.3	1.4
1.4	1.4
1.5	1.35
1.6	1.24
1.7	1.07
1.8	0.87
1.9	0.65
2	0.44
2.1	0.25
2.2	0.11
2.3	0.02
0	0
0.1	-0.19
0.2	-0.71
0.3	-1.22
0.4	-1.4
0.5	-1.12
0.6	-0.57
0	0
0.1	-0.23
0.2	-0.77
0.3	-1.26
0.4	-1.39
0.5	-1.07
0.6	-0.51
0	0
0.1	-0.23
0.2	-0.77
0.3	-1.22
0.4	-1.4
0.5	-1.07
0.6	-0.5
0	0
0.1	-0.18
0.2	-0.71
0.3	-1.26
0.4	-1.4
0.5	-1.12
0.6	-0.56
0	0
0.1	-0.22
0.2	-0.76
0.3	-1.26
0.4	-1.39
0.5	-1.07
0.6	-0.5
0	0
0.1	-0.19
0.2	-0.77
0.3	-1.22
0.4	-1.4
0.5	-1.12
0.6	-0.57
0	0
0.1	-0.23
0.2	-0.77
0.3	-1.26
0.4	-1.39
0.5	-1.07
0.6	-0.57
0	0
0.1	-0.18
0.2	-0.77
0.3	-1.26
0.4	-1.39
0.5	-1.06
0.6	-0.5
0	0
0.1	-0.19
0.2	-0.71
0.3	-1.23
0.4	-1.4
0.5	-1.12
0.6	-0.57
0	0
0.1	-0.23
0.2	-0.77
0.3	-1.26
0.4	-1.39
0.5	-1.07
0.6	-0.5
0	0
0.1	-0.15
0.2	-0.65
0.3	-1.08
0.4	-1.2
0.5	-1.14
0.6	-0.76
0	0
0.1	-0.2
0.2	-0.66
0.3	-1.08
0.4	-1.2
0.5	-1.14
0.6	-0.81
0	0
0.1	-0.14
0.2	-0.6
0.3	-0.99
0.4	-1.1
0.5	-1.09
0.6	-0.84
0.7	-0.4
0	0
0.1	-0.16
0.2	-0.54
0.3	-0.9
0.4	-1
0.5	-1
0.6	-0.92
0.7	-0.59
0	0
0.1	-0.16
0.2	-0.55
0.3	-0.9
0.4	-1
0.5	-1
0.6	-0.9
0.7	-0.55
0	0
0.1	-0.15
0.2	-0.49
0.3	-0.79
0.4	-0.9
0.5	-0.9
0.6	-0.9
0.7	-0.72
0	0
0.1	-0.11
0.2	-0.4
0.3	-0.72
0.4	-0.8
0.5	-0.8
0.6	-0.8
0.7	-0.77
0.8	-0.54
0	0
0.1	-0.2
0.2	-0.66
0.3	-1.08
0.4	-1.2
0.5	-1.13
0.6	-0.76
0	0
0.1	-0.45
0.2	-1.46
0.3	-1.89
0.4	-1.24
0	0
0.1	-0.44
0.2	-1.46
0.3	-1.87
0.4	-1.24
0	0
0.1	-0.35
0.2	-1.15
0.3	-1.5
0.4	-1.41
0.5	-0.7
0	0
0.1	-0.28
0.2	-0.93
0.3	-1.2
0.4	-1.2
0.5	-1.12
0	0
0.1	-0.21
0.2	-0.69
0.3	-0.9
0.4	-0.9
0.5	-0.9
0.6	-0.9
0.7	-0.59
0	0
0.1	-0.21
0.2	-0.74
0.3	-0.9
0.4	-0.9
0.5	-0.9
0.6	-0.9
0.7	-0.59
0	0
0.1	-0.16
0.2	-0.54
0.3	-0.7
0.4	-0.7
0.5	-0.7
0.6	-0.7
0.7	-0.7
0.8	-0.68
0	0
0.1	-0.16
0.2	-0.54
0.3	-0.7
0.4	-0.7
0.5	-0.7
0.6	-0.7
0.7	-0.7
0.8	-0.68
0	0
0.1	-0.2
0.2	-0.54
0.3	-0.7
0.4	-0.7
0.5	-0.7
0.6	-0.7
0.7	-0.7
0.8	-0.67
0	0
0.1	-0.2
0.2	-0.54
0.3	-0.7
0.4	-0.7
0.5	-0.7
0.6	-0.7
0.7	-0.7
0.8	-0.68
