Time	X	Z
0	7.662	2.317
0.1	7.662	2.317
0.2	7.663	2.317
0.3	7.663	2.317
0.4	7.663	2.317
0.5	7.663	2.317
0.6	7.662	2.317
0.7	7.663	2.317
0.8	7.663	2.317
0.9	7.662	2.317
1	7.662	2.317
1.1	7.663	2.317
1.2	7.663	2.318
1.3	7.663	2.317
1.4	7.663	2.317
1.5	7.663	2.317
1.6	7.663	2.317
1.7	7.662	2.317
1.8	7.662	2.317
1.9	7.663	2.317
2	7.663	2.317
2.1	7.662	2.317
2.2	7.663	2.317
2.3	7.663	2.317
2.4	7.662	2.317
2.5	7.662	2.317
2.6	7.663	2.317
2.7	7.662	2.317
2.8	7.663	2.317
2.9	7.663	2.317
3	7.663	2.317
3.1	7.663	2.317
3.2	7.663	2.317
3.3	7.663	2.317
3.4	7.663	2.317
3.5	7.663	2.317
3.6	7.663	2.317
3.7	7.663	2.317
3.8	7.663	2.317
3.9	7.663	2.317
4	7.663	2.317
4.1	7.663	2.317
4.2	7.663	2.317
4.3	7.663	2.317
4.4	7.662	2.317
4.5	7.662	2.318
4.6	7.663	2.317
4.7	7.663	2.317
4.8	7.663	2.317
4.9	7.663	2.317
5	7.663	2.318
5.1	7.662	2.317
5.2	7.662	2.317
5.3	7.663	2.317
5.4	7.663	2.317
5.5	7.662	2.317
5.6	7.662	2.317
5.7	7.662	2.317
5.8	7.662	2.317
5.9	7.662	2.317
6	7.662	2.317
6.1	7.662	2.317
6.2	7.663	2.317
6.3	7.662	2.317
6.4	7.662	2.317
6.5	7.663	2.317
6.6	7.662	2.317
6.7	7.662	2.317
6.8	7.662	2.317
6.9	7.662	2.317
7	7.662	2.317
7.1	7.662	2.317
7.2	7.662	2.317
7.3	7.662	2.317
7.4	7.662	2.318
7.5	7.662	2.317
7.6	7.662	2.317
7.7	7.662	2.317
7.8	7.662	2.317
7.9	7.662	2.317
8	7.662	2.317
8.1	7.662	2.317
8.2	7.662	2.317
8.3	7.662	2.317
8.4	7.662	2.317
8.5	7.662	2.317
8.6	7.662	2.317
8.7	7.662	2.317
8.8	7.662	2.317
8.9	7.662	2.317
9	7.662	2.317
9.1	7.663	2.317
9.2	7.662	2.317
9.3	7.663	2.317
9.4	7.663	2.317
9.5	7.663	2.317
9.6	7.663	2.317
9.7	7.663	2.317
9.8	7.663	2.318
9.9	7.663	2.318
10	7.663	2.317
10.1	7.663	2.318
10.2	7.663	2.317
10.3	7.663	2.318
10.4	7.663	2.318
10.5	7.663	2.317
10.6	7.663	2.317
10.7	7.663	2.317
10.8	7.663	2.317
10.9	7.663	2.317
11	7.663	2.317
11.1	7.663	2.317
11.2	7.663	2.317
11.3	7.663	2.317
11.4	7.663	2.317
11.5	7.663	2.317
11.6	7.662	2.317
11.7	7.663	2.317
11.8	7.663	2.318
11.9	7.663	2.317
12	7.663	2.317
12.1	7.663	2.317
12.2	7.663	2.317
12.3	7.663	2.317
12.4	7.663	2.317
12.5	7.663	2.317
12.6	7.663	2.317
12.7	7.663	2.317
12.8	7.663	2.317
12.9	7.663	2.318
13	7.663	2.318
13.1	7.663	2.318
13.2	7.663	2.317
13.3	7.663	2.317
13.4	7.663	2.318
13.5	7.663	2.317
13.6	7.663	2.317
13.7	7.663	2.317
13.8	7.663	2.317
13.9	7.663	2.317
14	7.663	2.317
14.1	7.663	2.317
14.2	7.663	2.318
14.3	7.663	2.317
14.4	7.663	2.317
14.5	7.663	2.317
14.6	7.663	2.317
14.7	7.663	2.317
14.8	7.663	2.317
14.9	7.663	2.317
15	7.663	2.317
15.1	7.663	2.318
15.2	7.663	2.317
15.3	7.663	2.317
15.4	7.663	2.318
15.5	7.663	2.318
15.6	7.663	2.317
15.7	7.662	2.317
15.8	7.663	2.317
15.9	7.663	2.317
16	7.663	2.317
16.1	7.663	2.317
16.2	7.663	2.317
16.3	7.663	2.317
16.4	7.663	2.318
16.5	7.662	2.317
16.6	7.663	2.317
16.7	7.663	2.317
16.8	7.663	2.317
16.9	7.663	2.318
17	7.662	2.318
17.1	7.662	2.317
17.2	7.663	2.317
17.3	7.663	2.317
17.4	7.663	2.317
17.5	7.663	2.317
17.6	7.662	2.318
17.7	7.662	2.317
17.8	7.663	2.317
17.9	7.663	2.318
18	7.663	2.318
18.1	7.663	2.318
18.2	7.663	2.318
18.3	7.663	2.318
18.4	7.663	2.318
18.5	7.663	2.317
18.6	7.663	2.318
18.7	7.663	2.318
18.8	7.663	2.318
18.9	7.663	2.317
19	7.663	2.317
19.1	7.663	2.318
19.2	7.663	2.318
19.3	7.663	2.318
19.4	7.663	2.317
19.5	7.663	2.317
19.6	7.663	2.318
19.7	7.663	2.317
19.8	7.663	2.318
19.9	7.663	2.318
20	7.663	2.317
20.1	7.663	2.317
20.2	7.663	2.317
20.3	7.663	2.317
20.4	7.663	2.317
20.5	7.663	2.318
20.6	7.663	2.317
20.7	7.663	2.317
20.8	7.663	2.318
20.9	7.663	2.317
21	7.663	2.317
21.1	7.663	2.318
21.2	7.663	2.317
21.3	7.663	2.318
21.4	7.663	2.318
21.5	7.663	2.317
21.6	7.663	2.317
21.7	7.663	2.317
21.8	7.663	2.317
21.9	7.663	2.318
22	7.663	2.318
22.1	7.663	2.317
22.2	7.663	2.318
22.3	7.663	2.317
22.4	7.663	2.318
22.5	7.663	2.317
22.6	7.663	2.317
22.7	7.663	2.318
22.8	7.663	2.317
22.9	7.662	2.318
23	7.663	2.317
23.1	7.663	2.318
23.2	7.663	2.317
23.3	7.663	2.318
23.4	7.662	2.318
23.5	7.662	2.317
23.6	7.663	2.318
23.7	7.663	2.317
23.8	7.663	2.318
23.9	7.663	2.317
24	7.663	2.318
24.1	7.663	2.318
24.2	7.663	2.318
24.3	7.663	2.318
24.4	7.663	2.317
24.5	7.662	2.318
24.6	7.663	2.317
24.7	7.663	2.317
24.8	7.663	2.317
24.9	7.663	2.317
25	7.663	2.317
25.1	7.662	2.318
25.2	7.662	2.317
25.3	7.663	2.317
25.4	7.663	2.317
25.5	7.663	2.317
25.6	7.663	2.318
25.7	7.663	2.317
25.8	7.663	2.318
25.9	7.663	2.317
26	7.662	2.318
26.1	7.662	2.317
26.2	7.662	2.317
26.3	7.662	2.317
26.4	7.663	2.317
26.5	7.663	2.318
26.6	7.662	2.317
26.7	7.662	2.317
26.8	7.663	2.317
26.9	7.663	2.318
27	7.663	2.317
27.1	7.663	2.318
27.2	7.663	2.318
27.3	7.663	2.317
27.4	7.663	2.318
27.5	7.663	2.317
27.6	7.663	2.317
27.7	7.663	2.317
27.8	7.663	2.318
27.9	7.663	2.318
28	7.663	2.317
28.1	7.663	2.317
28.2	7.663	2.317
28.3	7.663	2.317
28.4	7.663	2.317
28.5	7.663	2.318
28.6	7.663	2.318
28.7	7.663	2.318
28.8	7.663	2.317
28.9	7.663	2.317
29	7.663	2.317
29.1	7.663	2.318
29.2	7.663	2.318
29.3	7.663	2.317
29.4	7.663	2.317
29.5	7.663	2.317
29.6	7.663	2.317
29.7	7.663	2.318
29.8	7.663	2.317
29.9	7.663	2.317
30	7.663	2.317
30.1	7.663	2.318
30.2	7.663	2.317
30.3	7.663	2.318
30.4	7.663	2.318
30.5	7.663	2.317
30.6	7.663	2.318
30.7	7.663	2.318
30.8	7.663	2.317
30.9	7.663	2.317
31	7.663	2.317
31.1	7.663	2.318
31.2	7.663	2.317
31.3	7.663	2.317
31.4	7.663	2.318
31.5	7.663	2.317
31.6	7.663	2.317
31.7	7.663	2.318
31.8	7.663	2.318
31.9	7.663	2.318
32	7.663	2.317
32.1	7.663	2.318
32.2	7.663	2.318
32.3	7.663	2.317
32.4	7.663	2.317
32.5	7.663	2.317
32.6	7.663	2.318
32.7	7.663	2.317
32.8	7.663	2.318
32.9	7.663	2.318
33	7.663	2.318
33.1	7.663	2.318
33.2	7.662	2.317
33.3	7.662	2.317
33.4	7.663	2.317
33.5	7.663	2.318
33.6	7.663	2.317
33.7	7.663	2.318
33.8	7.663	2.317
33.9	7.663	2.318
34	7.662	2.317
34.1	7.663	2.318
34.2	7.663	2.317
34.3	7.663	2.317
34.4	7.663	2.318
34.5	7.663	2.317
34.6	7.663	2.317
34.7	7.663	2.317
34.8	7.663	2.317
34.9	7.663	2.317
35	7.663	2.317
35.1	7.663	2.318
35.2	7.663	2.317
35.3	7.663	2.318
35.4	7.663	2.318
35.5	7.663	2.318
35.6	7.663	2.317
35.7	7.663	2.318
35.8	7.663	2.318
35.9	7.663	2.318
36	7.663	2.317
36.1	7.663	2.318
36.2	7.663	2.317
36.3	7.663	2.318
36.4	7.663	2.318
36.5	7.663	2.318
36.6	7.663	2.317
36.7	7.663	2.318
36.8	7.663	2.317
36.9	7.663	2.317
37	7.663	2.318
37.1	7.663	2.318
37.2	7.663	2.318
37.3	7.663	2.318
37.4	7.663	2.318
37.5	7.663	2.318
37.6	7.663	2.318
37.7	7.663	2.318
37.8	7.663	2.318
37.9	7.663	2.317
38	7.663	2.317
38.1	7.663	2.317
38.2	7.663	2.317
38.3	7.663	2.317
38.4	7.663	2.318
38.5	7.663	2.317
38.6	7.663	2.318
38.7	7.663	2.317
38.8	7.663	2.318
38.9	7.663	2.317
39	7.663	2.318
39.1	7.663	2.318
39.2	7.663	2.317
39.3	7.663	2.318
39.4	7.663	2.317
39.5	7.663	2.317
39.6	7.663	2.317
39.7	7.663	2.317
39.8	7.663	2.317
39.9	7.663	2.318
40	7.663	2.317
40.1	7.663	2.317
40.2	7.663	2.317
40.3	7.663	2.317
40.4	7.663	2.318
40.5	7.663	2.318
40.6	7.663	2.317
40.7	7.663	2.318
40.8	7.663	2.317
40.9	7.663	2.318
41	7.663	2.317
41.1	7.663	2.317
41.2	7.663	2.317
41.3	7.663	2.318
41.4	7.663	2.318
41.5	7.663	2.317
41.6	7.663	2.318
41.7	7.663	2.317
41.8	7.663	2.317
41.9	7.663	2.318
42	7.663	2.318
42.1	7.663	2.317
42.2	7.663	2.317
42.3	7.663	2.318
42.4	7.663	2.317
42.5	7.663	2.317
42.6	7.663	2.317
42.7	7.663	2.317
42.8	7.663	2.317
42.9	7.663	2.317
43	7.663	2.317
43.1	7.663	2.318
43.2	7.663	2.318
43.3	7.663	2.317
43.4	7.663	2.317
43.5	7.663	2.317
43.6	7.663	2.318
43.7	7.663	2.317
43.8	7.663	2.317
43.9	7.663	2.318
44	7.663	2.318
44.1	7.663	2.318
44.2	7.663	2.317
44.3	7.663	2.317
44.4	7.663	2.317
44.5	7.663	2.318
44.6	7.663	2.318
44.7	7.663	2.318
44.8	7.663	2.318
44.9	7.663	2.318
45	7.663	2.318
45.1	7.663	2.318
45.2	7.663	2.318
45.3	7.663	2.318
45.4	7.663	2.318
45.5	7.663	2.318
45.6	7.663	2.318
45.7	7.663	2.317
45.8	7.663	2.317
45.9	7.663	2.317
46	7.663	2.318
46.1	7.663	2.318
46.2	7.663	2.317
46.3	7.663	2.317
46.4	7.663	2.318
46.5	7.663	2.317
46.6	7.663	2.318
46.7	7.663	2.317
46.8	7.663	2.317
46.9	7.663	2.318
47	7.663	2.318
47.1	7.663	2.318
47.2	7.663	2.318
47.3	7.663	2.317
47.4	7.663	2.318
47.5	7.663	2.318
47.6	7.663	2.318
47.7	7.663	2.317
47.8	7.663	2.317
47.9	7.663	2.317
48	7.663	2.317
48.1	7.663	2.318
48.2	7.663	2.317
48.3	7.663	2.317
48.4	7.663	2.318
48.5	7.663	2.317
48.6	7.663	2.317
48.7	7.663	2.318
48.8	7.663	2.317
48.9	7.663	2.317
49	7.663	2.317
49.1	7.663	2.318
49.2	7.663	2.318
49.3	7.663	2.317
49.4	7.663	2.317
49.5	7.663	2.317
49.6	7.663	2.317
49.7	7.663	2.317
49.8	7.663	2.317
49.9	7.663	2.317
50	7.663	2.317
50.1	7.663	2.317
50.2	7.663	2.317
50.3	7.663	2.317
50.4	7.663	2.317
50.5	7.663	2.318
50.6	7.663	2.318
50.7	7.663	2.317
50.8	7.663	2.318
50.9	7.663	2.318
51	7.663	2.317
51.1	7.663	2.317
51.2	7.663	2.317
51.3	7.663	2.317
51.4	7.663	2.318
51.5	7.663	2.317
51.6	7.663	2.318
51.7	7.663	2.318
51.8	7.663	2.317
51.9	7.663	2.318
52	7.663	2.318
52.1	7.663	2.317
52.2	7.663	2.317
52.3	7.663	2.317
52.4	7.663	2.317
52.5	7.663	2.317
52.6	7.663	2.318
52.7	7.663	2.317
52.8	7.663	2.317
52.9	7.663	2.317
53	7.663	2.317
53.1	7.663	2.318
53.2	7.663	2.317
53.3	7.663	2.317
53.4	7.663	2.318
53.5	7.663	2.318
53.6	7.663	2.317
53.7	7.663	2.318
53.8	7.663	2.318
53.9	7.663	2.317
54	7.663	2.318
54.1	7.663	2.318
54.2	7.663	2.318
54.3	7.663	2.318
54.4	7.663	2.317
54.5	7.663	2.317
54.6	7.663	2.318
54.7	7.663	2.318
54.8	7.663	2.317
54.9	7.663	2.318
55	7.663	2.317
55.1	7.663	2.318
55.2	7.663	2.317
55.3	7.663	2.317
55.4	7.663	2.317
55.5	7.663	2.317
55.6	7.663	2.318
55.7	7.663	2.317
55.8	7.663	2.317
55.9	7.663	2.318
56	7.663	2.317
56.1	7.663	2.317
56.2	7.663	2.317
56.3	7.663	2.318
56.4	7.663	2.317
56.5	7.663	2.318
56.6	7.663	2.317
56.7	7.663	2.317
56.8	7.663	2.317
56.9	7.663	2.318
57	7.663	2.318
57.1	7.663	2.317
57.2	7.663	2.317
57.3	7.663	2.317
57.4	7.663	2.317
57.5	7.663	2.317
57.6	7.663	2.317
57.7	7.663	2.317
57.8	7.663	2.318
57.9	7.663	2.318
58	7.663	2.317
58.1	7.663	2.318
58.2	7.663	2.318
58.3	7.663	2.317
58.4	7.663	2.317
58.5	7.663	2.317
58.6	7.663	2.317
58.7	7.663	2.317
58.8	7.663	2.317
58.9	7.663	2.317
59	7.663	2.317
59.1	7.663	2.317
59.2	7.663	2.317
59.3	7.663	2.317
59.4	7.663	2.317
59.5	7.663	2.317
59.6	7.663	2.317
59.7	7.663	2.318
59.8	7.663	2.317
59.9	7.663	2.317
60	7.663	2.318
60.1	7.663	2.317
60.2	7.663	2.317
60.3	7.663	2.317
60.4	7.663	2.317
60.5	7.663	2.317
60.6	7.663	2.317
60.7	7.663	2.318
60.8	7.663	2.317
60.9	7.663	2.317
61	7.663	2.317
61.1	7.663	2.317
61.2	7.663	2.317
61.3	7.663	2.317
61.4	7.663	2.317
61.5	7.663	2.317
61.6	7.663	2.318
61.7	7.663	2.317
61.8	7.663	2.317
61.9	7.663	2.317
62	7.663	2.317
62.1	7.663	2.317
62.2	7.663	2.317
62.3	7.663	2.318
62.4	7.663	2.317
62.5	7.663	2.318
62.6	7.663	2.318
62.7	7.663	2.317
62.8	7.663	2.317
62.9	7.663	2.317
63	7.663	2.317
63.1	7.663	2.317
63.2	7.663	2.318
63.3	7.663	2.317
63.4	7.663	2.317
63.5	7.663	2.317
63.6	7.663	2.318
63.7	7.663	2.318
63.8	7.663	2.317
63.9	7.663	2.317
64	7.663	2.318
64.1	7.663	2.318
64.2	7.663	2.317
64.3	7.663	2.317
64.4	7.663	2.317
64.5	7.663	2.317
64.6	7.663	2.317
64.7	7.663	2.317
64.8	7.663	2.317
64.9	7.663	2.317
65	7.663	2.317
65.1	7.663	2.317
65.2	7.663	2.317
65.3	7.663	2.317
65.4	7.663	2.317
65.5	7.663	2.318
65.6	7.663	2.317
65.7	7.663	2.317
65.8	7.663	2.317
65.9	7.663	2.317
66	7.663	2.317
66.1	7.663	2.317
66.2	7.663	2.317
66.3	7.663	2.317
66.4	7.663	2.317
66.5	7.663	2.317
66.6	7.663	2.317
66.7	7.663	2.317
66.8	7.663	2.317
66.9	7.663	2.317
67	7.663	2.317
67.1	7.663	2.317
67.2	7.663	2.317
67.3	7.663	2.317
67.4	7.663	2.317
67.5	7.663	2.317
67.6	7.663	2.317
67.7	7.663	2.317
67.8	7.663	2.317
67.9	7.663	2.317
68	7.663	2.317
68.1	7.663	2.318
68.2	7.663	2.317
68.3	7.663	2.317
68.4	7.663	2.317
68.5	7.663	2.317
68.6	7.663	2.317
68.7	7.663	2.317
68.8	7.663	2.317
68.9	7.663	2.317
69	7.663	2.317
69.1	7.663	2.317
69.2	7.663	2.317
69.3	7.663	2.317
69.4	7.663	2.317
69.5	7.663	2.317
69.6	7.663	2.317
69.7	7.663	2.317
69.8	7.663	2.317
69.9	7.663	2.317
70	7.663	2.317
70.1	7.663	2.317
70.2	7.663	2.317
70.3	7.663	2.317
70.4	7.663	2.317
70.5	7.663	2.318
70.6	7.662	2.317
70.7	7.663	2.317
70.8	7.663	2.317
70.9	7.663	2.317
71	7.663	2.317
71.1	7.663	2.317
71.2	7.663	2.317
71.3	7.663	2.317
71.4	7.663	2.318
71.5	7.663	2.317
71.6	7.663	2.317
71.7	7.663	2.317
71.8	7.663	2.317
71.9	7.663	2.317
72	7.663	2.318
72.1	7.663	2.318
72.2	7.663	2.317
72.3	7.663	2.317
72.4	7.663	2.317
72.5	7.663	2.317
72.6	7.663	2.317
72.7	7.663	2.317
72.8	7.663	2.317
72.9	7.663	2.317
73	7.663	2.317
73.1	7.663	2.317
73.2	7.663	2.317
73.3	7.663	2.317
73.4	7.663	2.317
73.5	7.663	2.317
73.6	7.663	2.317
73.7	7.663	2.317
73.8	7.663	2.317
73.9	7.663	2.317
74	7.663	2.317
74.1	7.663	2.317
74.2	7.663	2.317
74.3	7.663	2.317
74.4	7.663	2.317
74.5	7.663	2.317
74.6	7.663	2.317
74.7	7.663	2.317
74.8	7.663	2.317
74.9	7.663	2.317
75	7.663	2.317
75.1	7.663	2.317
75.2	7.663	2.317
75.3	7.663	2.317
75.4	7.663	2.317
75.5	7.663	2.317
75.6	7.663	2.317
75.7	7.662	2.317
75.8	7.662	2.317
75.9	7.663	2.317
76	7.663	2.317
76.1	7.663	2.317
76.2	7.663	2.317
76.3	7.662	2.317
76.4	7.663	2.317
76.5	7.662	2.317
76.6	7.663	2.317
76.7	7.663	2.317
76.8	7.663	2.317
76.9	7.663	2.317
77	7.663	2.317
77.1	7.663	2.317
77.2	7.662	2.317
77.3	7.662	2.317
77.4	7.662	2.317
77.5	7.663	2.317
77.6	7.662	2.317
77.7	7.662	2.317
77.8	7.662	2.317
77.9	7.662	2.317
78	7.662	2.317
78.1	7.662	2.317
78.2	7.662	2.317
78.3	7.663	2.317
78.4	7.662	2.317
78.5	7.663	2.317
78.6	7.662	2.317
78.7	7.662	2.317
78.8	7.662	2.317
78.9	7.662	2.317
79	7.662	2.317
79.1	7.662	2.317
79.2	7.663	2.317
79.3	7.662	2.317
79.4	7.662	2.317
79.5	7.663	2.317
79.6	7.663	2.317
79.7	7.663	2.317
79.8	7.663	2.317
79.9	7.663	2.317
80	7.663	2.317
80.1	7.663	2.317
80.2	7.662	2.317
80.3	7.662	2.317
80.4	7.663	2.317
80.5	7.663	2.317
80.6	7.663	2.317
80.7	7.663	2.317
80.8	7.663	2.317
80.9	7.663	2.317
81	7.663	2.317
81.1	7.663	2.317
81.2	7.663	2.317
81.3	7.663	2.317
81.4	7.663	2.317
81.5	7.663	2.317
81.6	7.663	2.317
81.7	7.663	2.317
81.8	7.663	2.317
81.9	7.662	2.317
82	7.662	2.317
82.1	7.662	2.317
82.2	7.663	2.317
82.3	7.663	2.317
82.4	7.663	2.317
82.5	7.662	2.317
82.6	7.662	2.317
82.7	7.663	2.317
82.8	7.663	2.317
82.9	7.663	2.317
83	7.663	2.317
83.1	7.662	2.317
83.2	7.662	2.317
83.3	7.662	2.317
83.4	7.662	2.317
83.5	7.662	2.317
83.6	7.662	2.317
83.7	7.662	2.317
83.8	7.663	2.317
83.9	7.662	2.317
84	7.663	2.317
84.1	7.663	2.317
84.2	7.662	2.317
84.3	7.662	2.317
84.4	7.663	2.317
84.5	7.663	2.317
84.6	7.663	2.317
84.7	7.662	2.317
84.8	7.662	2.317
84.9	7.662	2.317
85	7.663	2.317
85.1	7.662	2.317
85.2	7.662	2.317
85.3	7.662	2.317
85.4	7.662	2.317
85.5	7.663	2.317
85.6	7.663	2.317
85.7	7.663	2.317
85.8	7.663	2.317
85.9	7.663	2.317
86	7.663	2.317
86.1	7.662	2.317
86.2	7.662	2.317
86.3	7.662	2.317
86.4	7.662	2.317
86.5	7.662	2.317
86.6	7.662	2.317
86.7	7.662	2.317
86.8	7.662	2.317
86.9	7.662	2.317
87	7.662	2.317
87.1	7.662	2.317
87.2	7.662	2.317
87.3	7.662	2.317
87.4	7.662	2.317
87.5	7.662	2.317
87.6	7.662	2.317
87.7	7.662	2.317
87.8	7.662	2.317
87.9	7.663	2.317
88	7.662	2.317
88.1	7.662	2.317
88.2	7.662	2.317
88.3	7.663	2.317
88.4	7.663	2.317
88.5	7.663	2.317
88.6	7.663	2.317
88.7	7.663	2.317
88.8	7.662	2.317
88.9	7.662	2.317
89	7.663	2.317
89.1	7.662	2.318
89.2	7.662	2.317
89.3	7.662	2.317
89.4	7.663	2.317
89.5	7.663	2.317
89.6	7.663	2.317
89.7	7.663	2.317
89.8	7.663	2.317
89.9	7.663	2.317
90	7.663	2.317
90.1	7.663	2.317
90.2	7.663	2.317
90.3	7.663	2.317
90.4	7.663	2.317
90.5	7.663	2.317
90.6	7.663	2.317
90.7	7.663	2.317
90.8	7.663	2.317
90.9	7.663	2.317
91	7.663	2.317
91.1	7.663	2.317
91.2	7.663	2.317
91.3	7.663	2.317
91.4	7.663	2.317
91.5	7.663	2.317
91.6	7.663	2.318
91.7	7.663	2.317
91.8	7.663	2.317
91.9	7.663	2.317
92	7.663	2.318
92.1	7.663	2.317
92.2	7.663	2.317
92.3	7.663	2.317
92.4	7.663	2.317
92.5	7.663	2.317
92.6	7.663	2.317
92.7	7.663	2.317
92.8	7.663	2.317
92.9	7.663	2.317
93	7.663	2.317
93.1	7.663	2.317
93.2	7.663	2.317
93.3	7.663	2.317
93.4	7.663	2.317
93.5	7.663	2.317
93.6	7.663	2.317
93.7	7.663	2.317
93.8	7.663	2.318
93.9	7.663	2.317
94	7.663	2.317
94.1	7.663	2.317
94.2	7.663	2.317
94.3	7.662	2.317
94.4	7.663	2.317
94.5	7.663	2.317
94.6	7.663	2.317
94.7	7.663	2.317
94.8	7.663	2.317
94.9	7.663	2.317
95	7.663	2.317
95.1	7.663	2.318
95.2	7.663	2.317
95.3	7.663	2.317
95.4	7.663	2.317
95.5	7.662	2.317
95.6	7.663	2.317
95.7	7.663	2.317
95.8	7.663	2.317
95.9	7.663	2.317
96	7.663	2.317
96.1	7.663	2.317
96.2	7.662	2.317
96.3	7.663	2.317
96.4	7.663	2.317
96.5	7.663	2.317
96.6	7.663	2.317
96.7	7.663	2.317
96.8	7.663	2.317
96.9	7.663	2.317
97	7.663	2.318
97.1	7.663	2.318
97.2	7.663	2.317
97.3	7.663	2.317
97.4	7.663	2.317
97.5	7.663	2.317
97.6	7.663	2.318
97.7	7.663	2.317
97.8	7.663	2.317
97.9	7.663	2.318
98	7.663	2.317
98.1	7.663	2.317
98.2	7.663	2.317
98.3	7.663	2.317
98.4	7.663	2.317
98.5	7.663	2.317
98.6	7.663	2.317
98.7	7.663	2.317
98.8	7.663	2.317
98.9	7.663	2.317
99	7.663	2.317
99.1	7.663	2.317
99.2	7.663	2.317
99.3	7.663	2.317
99.4	7.662	2.317
99.5	7.663	2.317
99.6	7.663	2.317
99.7	7.663	2.317
99.8	7.663	2.318
99.9	7.663	2.317
100	7.663	2.317
100.1	7.663	2.317
100.2	7.663	2.318
100.3	7.663	2.318
100.4	7.663	2.317
100.5	7.663	2.317
100.6	7.663	2.317
100.7	7.663	2.317
100.8	7.663	2.317
100.9	7.663	2.317
101	7.663	2.317
101.1	7.663	2.317
101.2	7.663	2.317
101.3	7.663	2.317
101.4	7.663	2.318
101.5	7.663	2.317
101.6	7.663	2.317
101.7	7.663	2.317
101.8	7.663	2.317
101.9	7.663	2.317
102	7.663	2.317
102.1	7.663	2.317
102.2	7.663	2.317
102.3	7.663	2.318
102.4	7.663	2.317
102.5	7.663	2.317
102.6	7.663	2.318
102.7	7.663	2.317
102.8	7.663	2.317
102.9	7.663	2.317
103	7.663	2.317
103.1	7.663	2.317
103.2	7.663	2.317
103.3	7.663	2.317
103.4	7.663	2.317
103.5	7.663	2.317
103.6	7.663	2.317
103.7	7.663	2.317
103.8	7.663	2.317
103.9	7.663	2.317
104	7.663	2.317
104.1	7.662	2.317
104.2	7.663	2.317
104.3	7.663	2.317
104.4	7.662	2.317
104.5	7.662	2.317
104.6	7.663	2.317
104.7	7.663	2.317
104.8	7.663	2.317
104.9	7.662	2.317
105	7.662	2.317
105.1	7.662	2.317
105.2	7.663	2.318
105.3	7.662	2.317
105.4	7.663	2.317
105.5	7.663	2.318
105.6	7.663	2.317
105.7	7.663	2.317
105.8	7.663	2.317
105.9	7.663	2.317
106	7.662	2.317
106.1	7.663	2.318
106.2	7.663	2.317
106.3	7.663	2.317
106.4	7.662	2.317
106.5	7.663	2.317
106.6	7.663	2.318
106.7	7.663	2.317
106.8	7.663	2.318
106.9	7.663	2.317
107	7.663	2.317
107.1	7.663	2.317
107.2	7.663	2.317
107.3	7.663	2.317
107.4	7.663	2.317
107.5	7.663	2.317
107.6	7.663	2.317
107.7	7.663	2.317
107.8	7.662	2.317
107.9	7.662	2.317
108	7.662	2.317
108.1	7.662	2.317
108.2	7.662	2.317
108.3	7.663	2.317
108.4	7.663	2.317
108.5	7.662	2.317
108.6	7.663	2.317
108.7	7.663	2.317
108.8	7.663	2.317
108.9	7.663	2.317
109	7.663	2.317
109.1	7.663	2.317
109.2	7.663	2.317
109.3	7.663	2.317
109.4	7.663	2.317
109.5	7.662	2.317
109.6	7.663	2.317
109.7	7.662	2.318
109.8	7.662	2.317
109.9	7.662	2.318
110	7.663	2.317
110.1	7.663	2.317
110.2	7.662	2.317
110.3	7.662	2.317
110.4	7.663	2.317
110.5	7.663	2.317
110.6	7.663	2.317
110.7	7.663	2.317
110.8	7.662	2.317
110.9	7.662	2.317
111	7.663	2.317
111.1	7.663	2.317
111.2	7.663	2.317
111.3	7.663	2.317
111.4	7.663	2.317
111.5	7.663	2.317
111.6	7.663	2.317
111.7	7.663	2.317
111.8	7.663	2.317
111.9	7.663	2.317
112	7.663	2.317
112.1	7.662	2.317
112.2	7.662	2.317
112.3	7.663	2.317
112.4	7.663	2.317
112.5	7.662	2.317
112.6	7.662	2.317
112.7	7.662	2.317
112.8	7.662	2.317
112.9	7.662	2.317
113	7.662	2.317
113.1	7.662	2.317
113.2	7.662	2.317
113.3	7.663	2.317
113.4	7.662	2.317
113.5	7.663	2.317
113.6	7.663	2.317
113.7	7.663	2.317
113.8	7.662	2.317
113.9	7.662	2.317
114	7.663	2.318
114.1	7.663	2.317
114.2	7.663	2.317
114.3	7.663	2.317
114.4	7.662	2.317
114.5	7.663	2.317
114.6	7.663	2.318
114.7	7.663	2.317
114.8	7.663	2.317
114.9	7.663	2.317
115	7.663	2.317
115.1	7.663	2.317
115.2	7.663	2.318
115.3	7.663	2.317
115.4	7.663	2.317
115.5	7.663	2.317
115.6	7.663	2.317
115.7	7.663	2.317
115.8	7.663	2.317
115.9	7.663	2.317
116	7.663	2.317
116.1	7.663	2.317
116.2	7.663	2.317
116.3	7.663	2.317
116.4	7.663	2.317
116.5	7.663	2.317
116.6	7.662	2.317
116.7	7.663	2.317
116.8	7.662	2.317
116.9	7.662	2.317
117	7.662	2.317
117.1	7.662	2.317
117.2	7.662	2.317
117.3	7.662	2.318
117.4	7.662	2.317
117.5	7.662	2.317
117.6	7.662	2.317
117.7	7.662	2.317
117.8	7.663	2.318
117.9	7.663	2.317
118	7.663	2.317
118.1	7.663	2.317
118.2	7.663	2.317
118.3	7.663	2.318
118.4	7.663	2.317
118.5	7.663	2.318
118.6	7.663	2.317
118.7	7.662	2.317
118.8	7.663	2.317
118.9	7.663	2.317
119	7.663	2.318
119.1	7.663	2.318
119.2	7.663	2.317
119.3	7.663	2.317
119.4	7.663	2.317
119.5	7.663	2.317
119.6	7.663	2.317
119.7	7.663	2.317
119.8	7.663	2.317
119.9	7.663	2.317
120	7.663	2.317
120.1	7.663	2.318
120.2	7.663	2.317
120.3	7.663	2.317
120.4	7.663	2.318
120.5	7.663	2.317
120.6	7.663	2.317
120.7	7.663	2.317
120.8	7.662	2.317
120.9	7.663	2.317
121	7.663	2.317
121.1	7.663	2.317
121.2	7.663	2.317
121.3	7.662	2.317
121.4	7.662	2.317
121.5	7.662	2.317
121.6	7.662	2.317
121.7	7.662	2.317
121.8	7.662	2.317
121.9	7.662	2.317
122	7.663	2.318
122.1	7.663	2.317
122.2	7.663	2.317
122.3	7.663	2.317
122.4	7.663	2.318
122.5	7.663	2.317
122.6	7.662	2.317
122.7	7.662	2.317
122.8	7.663	2.317
122.9	7.663	2.318
123	7.663	2.317
123.1	7.663	2.317
123.2	7.663	2.317
123.3	7.663	2.317
123.4	7.662	2.317
123.5	7.663	2.317
123.6	7.663	2.318
123.7	7.663	2.317
123.8	7.663	2.318
123.9	7.663	2.318
124	7.663	2.317
124.1	7.663	2.317
124.2	7.663	2.317
124.3	7.663	2.317
124.4	7.663	2.317
124.5	7.663	2.317
124.6	7.663	2.317
124.7	7.663	2.317
124.8	7.663	2.318
124.9	7.663	2.317
125	7.663	2.317
125.1	7.663	2.317
125.2	7.663	2.318
125.3	7.663	2.317
125.4	7.663	2.317
125.5	7.663	2.317
125.6	7.663	2.317
125.7	7.663	2.317
125.8	7.663	2.317
125.9	7.663	2.317
126	7.663	2.317
126.1	7.663	2.317
126.2	7.663	2.317
126.3	7.663	2.317
126.4	7.663	2.317
126.5	7.663	2.317
126.6	7.663	2.317
126.7	7.663	2.317
126.8	7.663	2.317
126.9	7.663	2.318
127	7.663	2.317
127.1	7.662	2.317
127.2	7.663	2.317
127.3	7.663	2.317
127.4	7.662	2.317
127.5	7.662	2.317
127.6	7.663	2.317
127.7	7.662	2.317
127.8	7.662	2.317
127.9	7.663	2.317
128	7.663	2.317
128.1	7.663	2.317
128.2	7.663	2.318
128.3	7.663	2.317
128.4	7.662	2.317
128.5	7.662	2.318
128.6	7.663	2.317
128.7	7.663	2.317
128.8	7.663	2.317
128.9	7.663	2.318
129	7.663	2.318
129.1	7.662	2.317
129.2	7.662	2.317
129.3	7.662	2.317
129.4	7.662	2.317
129.5	7.663	2.317
129.6	7.663	2.318
129.7	7.663	2.317
129.8	7.663	2.317
129.9	7.663	2.318
130	7.663	2.317
130.1	7.662	2.317
130.2	7.662	2.317
130.3	7.662	2.317
130.4	7.663	2.317
130.5	7.663	2.317
130.6	7.663	2.317
130.7	7.663	2.317
130.8	7.663	2.318
130.9	7.663	2.318
131	7.663	2.318
131.1	7.663	2.317
131.2	7.663	2.317
131.3	7.663	2.317
131.4	7.663	2.318
131.5	7.663	2.317
131.6	7.663	2.317
131.7	7.663	2.317
131.8	7.663	2.317
131.9	7.663	2.317
132	7.663	2.317
132.1	7.663	2.318
132.2	7.663	2.317
132.3	7.663	2.317
132.4	7.663	2.318
132.5	7.663	2.317
132.6	7.663	2.317
132.7	7.663	2.317
132.8	7.663	2.317
132.9	7.663	2.318
133	7.663	2.317
133.1	7.663	2.317
133.2	7.663	2.317
133.3	7.663	2.317
133.4	7.663	2.317
133.5	7.663	2.318
133.6	7.663	2.317
133.7	7.663	2.317
133.8	7.663	2.317
133.9	7.663	2.317
134	7.663	2.317
134.1	7.663	2.317
134.2	7.663	2.317
134.3	7.663	2.317
134.4	7.663	2.317
134.5	7.663	2.317
134.6	7.663	2.317
134.7	7.663	2.317
134.8	7.663	2.317
134.9	7.663	2.317
135	7.663	2.317
135.1	7.663	2.318
135.2	7.663	2.317
135.3	7.663	2.317
135.4	7.663	2.318
135.5	7.663	2.318
135.6	7.663	2.317
135.7	7.663	2.317
135.8	7.663	2.318
135.9	7.663	2.318
136	7.663	2.317
136.1	7.663	2.318
136.2	7.663	2.317
136.3	7.663	2.317
136.4	7.663	2.318
136.5	7.662	2.318
136.6	7.663	2.318
136.7	7.663	2.318
136.8	7.663	2.318
136.9	7.663	2.318
137	7.663	2.317
137.1	7.663	2.318
137.2	7.663	2.318
137.3	7.662	2.318
137.4	7.663	2.318
137.5	7.663	2.318
137.6	7.663	2.318
137.7	7.663	2.317
137.8	7.663	2.318
137.9	7.663	2.317
138	7.663	2.317
138.1	7.663	2.318
138.2	7.663	2.318
138.3	7.663	2.318
138.4	7.663	2.318
138.5	7.663	2.318
138.6	7.663	2.317
138.7	7.663	2.317
138.8	7.663	2.318
138.9	7.663	2.318
139	7.663	2.318
139.1	7.663	2.318
139.2	7.663	2.317
139.3	7.663	2.318
139.4	7.663	2.318
139.5	7.663	2.317
139.6	7.663	2.318
139.7	7.663	2.318
139.8	7.663	2.317
139.9	7.663	2.318
140	7.663	2.318
140.1	7.663	2.318
140.2	7.663	2.317
140.3	7.663	2.317
140.4	7.663	2.318
140.5	7.663	2.317
140.6	7.663	2.318
140.7	7.663	2.318
140.8	7.663	2.318
140.9	7.663	2.318
141	7.663	2.318
141.1	7.663	2.317
141.2	7.663	2.317
141.3	7.663	2.317
141.4	7.663	2.318
141.5	7.663	2.318
141.6	7.663	2.318
141.7	7.663	2.317
141.8	7.663	2.318
141.9	7.663	2.317
142	7.663	2.317
142.1	7.663	2.317
142.2	7.663	2.317
142.3	7.663	2.317
142.4	7.663	2.317
142.5	7.663	2.317
142.6	7.663	2.318
142.7	7.663	2.318
142.8	7.663	2.317
142.9	7.663	2.317
143	7.663	2.317
143.1	7.663	2.318
143.2	7.663	2.318
143.3	7.663	2.318
143.4	7.663	2.318
143.5	7.663	2.317
143.6	7.663	2.317
143.7	7.663	2.317
143.8	7.663	2.318
143.9	7.663	2.317
144	7.663	2.317
144.1	7.663	2.317
144.2	7.663	2.318
144.3	7.663	2.318
144.4	7.663	2.318
144.5	7.663	2.318
144.6	7.662	2.317
144.7	7.663	2.317
144.8	7.663	2.318
144.9	7.663	2.318
145	7.662	2.318
145.1	7.663	2.317
145.2	7.663	2.318
145.3	7.663	2.317
145.4	7.663	2.317
145.5	7.663	2.317
145.6	7.663	2.317
145.7	7.663	2.318
145.8	7.663	2.318
145.9	7.663	2.317
146	7.663	2.317
146.1	7.663	2.318
146.2	7.663	2.317
146.3	7.662	2.317
146.4	7.663	2.318
146.5	7.663	2.317
146.6	7.663	2.317
146.7	7.663	2.318
146.8	7.663	2.318
146.9	7.663	2.318
147	7.663	2.317
147.1	7.663	2.317
147.2	7.663	2.317
147.3	7.663	2.317
147.4	7.663	2.317
147.5	7.663	2.317
147.6	7.663	2.317
147.7	7.663	2.317
147.8	7.663	2.317
147.9	7.662	2.317
148	7.663	2.317
148.1	7.663	2.318
148.2	7.663	2.317
148.3	7.663	2.317
148.4	7.663	2.317
148.5	7.663	2.317
148.6	7.663	2.318
148.7	7.663	2.317
148.8	7.663	2.317
148.9	7.663	2.317
149	7.663	2.317
149.1	7.663	2.317
149.2	7.663	2.317
149.3	7.663	2.317
149.4	7.663	2.317
149.5	7.663	2.317
149.6	7.663	2.317
149.7	7.663	2.317
149.8	7.663	2.317
149.9	7.663	2.317
150	7.663	2.317
150.1	7.663	2.317
150.2	7.663	2.317
150.3	7.663	2.318
150.4	7.663	2.317
150.5	7.663	2.317
150.6	7.663	2.317
150.7	7.663	2.317
150.8	7.663	2.317
150.9	7.663	2.318
151	7.663	2.317
151.1	7.663	2.317
151.2	7.662	2.317
151.3	7.663	2.317
151.4	7.662	2.317
151.5	7.663	2.318
151.6	7.663	2.318
151.7	7.663	2.317
151.8	7.663	2.317
151.9	7.663	2.317
152	7.663	2.317
152.1	7.663	2.317
152.2	7.663	2.317
152.3	7.663	2.317
152.4	7.663	2.317
152.5	7.663	2.318
152.6	7.663	2.317
152.7	7.663	2.317
152.8	7.663	2.317
152.9	7.663	2.317
153	7.663	2.317
153.1	7.663	2.317
153.2	7.663	2.318
153.3	7.663	2.317
153.4	7.663	2.317
153.5	7.663	2.317
153.6	7.662	2.317
153.7	7.662	2.317
153.8	7.663	2.317
153.9	7.663	2.318
154	7.663	2.318
154.1	7.663	2.318
154.2	7.663	2.317
154.3	7.663	2.317
154.4	7.663	2.317
154.5	7.663	2.317
154.6	7.663	2.317
154.7	7.663	2.317
154.8	7.663	2.317
154.9	7.663	2.317
155	7.663	2.317
155.1	7.663	2.318
155.2	7.663	2.317
155.3	7.663	2.318
155.4	7.663	2.317
155.5	7.663	2.317
155.6	7.663	2.318
155.7	7.663	2.317
155.8	7.663	2.318
155.9	7.663	2.317
156	7.663	2.317
156.1	7.663	2.317
156.2	7.663	2.318
156.3	7.663	2.317
156.4	7.663	2.317
156.5	7.663	2.317
156.6	7.663	2.317
156.7	7.663	2.317
156.8	7.663	2.317
156.9	7.663	2.317
157	7.663	2.317
157.1	7.663	2.317
157.2	7.663	2.317
157.3	7.663	2.317
157.4	7.663	2.317
157.5	7.663	2.317
157.6	7.663	2.317
157.7	7.663	2.317
157.8	7.663	2.317
157.9	7.663	2.317
158	7.663	2.318
158.1	7.663	2.317
158.2	7.663	2.317
158.3	7.663	2.317
158.4	7.663	2.317
158.5	7.663	2.317
158.6	7.663	2.317
158.7	7.663	2.317
158.8	7.663	2.317
158.9	7.663	2.317
159	7.663	2.317
159.1	7.663	2.317
159.2	7.663	2.317
159.3	7.663	2.317
159.4	7.663	2.317
159.5	7.663	2.317
159.6	7.663	2.317
159.7	7.663	2.318
159.8	7.663	2.317
159.9	7.663	2.318
160	7.663	2.318
160.1	7.663	2.317
160.2	7.663	2.318
160.3	7.663	2.318
160.4	7.663	2.317
160.5	7.663	2.318
160.6	7.663	2.317
160.7	7.663	2.317
160.8	7.663	2.317
160.9	7.663	2.317
161	7.663	2.317
161.1	7.663	2.317
161.2	7.663	2.317
161.3	7.663	2.317
161.4	7.663	2.318
161.5	7.663	2.317
161.6	7.663	2.318
161.7	7.663	2.317
161.8	7.663	2.317
161.9	7.663	2.317
162	7.663	2.317
162.1	7.663	2.317
162.2	7.663	2.317
162.3	7.663	2.318
162.4	7.663	2.317
162.5	7.663	2.317
162.6	7.663	2.317
162.7	7.663	2.318
162.8	7.663	2.318
162.9	7.663	2.318
163	7.663	2.317
163.1	7.663	2.317
163.2	7.663	2.317
163.3	7.663	2.317
163.4	7.663	2.317
163.5	7.663	2.317
163.6	7.663	2.318
163.7	7.663	2.317
163.8	7.663	2.317
163.9	7.663	2.317
164	7.663	2.317
164.1	7.663	2.317
164.2	7.663	2.317
164.3	7.663	2.318
164.4	7.663	2.318
164.5	7.663	2.317
164.6	7.663	2.317
164.7	7.663	2.317
164.8	7.663	2.317
164.9	7.663	2.317
165	7.663	2.317
165.1	7.663	2.317
165.2	7.663	2.317
165.3	7.663	2.317
165.4	7.663	2.317
165.5	7.663	2.318
165.6	7.663	2.317
165.7	7.663	2.317
165.8	7.663	2.317
165.9	7.663	2.317
166	7.663	2.317
166.1	7.663	2.317
166.2	7.663	2.317
166.3	7.663	2.318
166.4	7.663	2.317
166.5	7.663	2.317
166.6	7.663	2.318
166.7	7.663	2.317
166.8	7.663	2.317
166.9	7.663	2.317
167	7.663	2.318
167.1	7.663	2.318
167.2	7.663	2.317
167.3	7.663	2.317
167.4	7.663	2.317
167.5	7.663	2.317
167.6	7.663	2.317
167.7	7.663	2.317
167.8	7.663	2.317
167.9	7.663	2.317
168	7.663	2.317
168.1	7.663	2.318
168.2	7.663	2.317
168.3	7.663	2.317
168.4	7.663	2.317
168.5	7.663	2.317
168.6	7.663	2.317
168.7	7.663	2.317
168.8	7.663	2.317
168.9	7.663	2.318
169	7.663	2.317
169.1	7.663	2.317
169.2	7.663	2.317
169.3	7.663	2.317
169.4	7.663	2.317
169.5	7.663	2.317
169.6	7.663	2.317
169.7	7.663	2.317
169.8	7.663	2.317
169.9	7.663	2.317
170	7.663	2.318
170.1	7.663	2.317
170.2	7.663	2.317
170.3	7.663	2.318
170.4	7.663	2.317
170.5	7.663	2.317
170.6	7.663	2.318
170.7	7.663	2.317
170.8	7.663	2.317
170.9	7.663	2.317
171	7.663	2.317
171.1	7.663	2.317
171.2	7.663	2.317
171.3	7.663	2.317
171.4	7.663	2.317
171.5	7.663	2.317
171.6	7.663	2.318
171.7	7.663	2.317
171.8	7.662	2.317
171.9	7.662	2.317
172	7.663	2.317
172.1	7.663	2.317
172.2	7.663	2.317
172.3	7.663	2.317
172.4	7.663	2.318
172.5	7.663	2.317
172.6	7.663	2.317
172.7	7.663	2.317
172.8	7.663	2.317
172.9	7.663	2.317
173	7.663	2.317
173.1	7.663	2.317
173.2	7.662	2.317
173.3	7.662	2.317
173.4	7.662	2.317
173.5	7.662	2.317
173.6	7.662	2.317
173.7	7.662	2.317
173.8	7.662	2.318
173.9	7.663	2.317
174	7.663	2.317
174.1	7.663	2.317
174.2	7.663	2.317
174.3	7.663	2.317
174.4	7.663	2.317
174.5	7.662	2.318
174.6	7.662	2.317
174.7	7.662	2.317
174.8	7.663	2.317
174.9	7.663	2.317
175	7.663	2.317
175.1	7.663	2.317
175.2	7.663	2.317
175.3	7.662	2.317
175.4	7.663	2.318
175.5	7.663	2.317
175.6	7.663	2.317
175.7	7.663	2.317
175.8	7.663	2.317
175.9	7.662	2.317
176	7.663	2.318
176.1	7.663	2.318
176.2	7.663	2.318
176.3	7.663	2.317
176.4	7.663	2.318
176.5	7.663	2.317
176.6	7.663	2.317
176.7	7.663	2.318
176.8	7.663	2.318
176.9	7.663	2.317
177	7.663	2.317
177.1	7.663	2.317
177.2	7.663	2.317
177.3	7.663	2.318
177.4	7.663	2.317
177.5	7.663	2.317
177.6	7.663	2.317
177.7	7.663	2.317
177.8	7.663	2.317
177.9	7.663	2.317
178	7.663	2.317
178.1	7.663	2.317
178.2	7.663	2.317
178.3	7.663	2.317
178.4	7.663	2.317
178.5	7.663	2.317
178.6	7.663	2.317
178.7	7.663	2.318
178.8	7.663	2.317
178.9	7.663	2.317
179	7.663	2.317
179.1	7.663	2.317
179.2	7.663	2.317
179.3	7.663	2.317
179.4	7.663	2.317
179.5	7.663	2.317
179.6	7.663	2.317
179.7	7.663	2.317
179.8	7.663	2.317
179.9	7.662	2.317
180	7.663	2.317
180.1	7.663	2.317
180.2	7.663	2.317
180.3	7.663	2.317
180.4	7.663	2.317
180.5	7.663	2.317
180.6	7.663	2.317
180.7	7.663	2.318
180.8	7.663	2.317
180.9	7.663	2.317
181	7.663	2.317
181.1	7.663	2.317
181.2	7.662	2.317
181.3	7.662	2.317
181.4	7.663	2.318
181.5	7.662	2.317
181.6	7.662	2.317
181.7	7.662	2.317
181.8	7.662	2.317
181.9	7.662	2.317
182	7.663	2.317
182.1	7.662	2.317
182.2	7.662	2.317
182.3	7.662	2.317
182.4	7.662	2.317
182.5	7.662	2.317
182.6	7.662	2.317
182.7	7.662	2.317
182.8	7.662	2.317
182.9	7.662	2.317
183	7.662	2.317
183.1	7.662	2.317
183.2	7.663	2.317
183.3	7.663	2.317
183.4	7.662	2.317
183.5	7.663	2.317
183.6	7.663	2.317
183.7	7.662	2.317
183.8	7.662	2.317
183.9	7.663	2.317
184	7.663	2.318
184.1	7.663	2.317
184.2	7.663	2.317
184.3	7.663	2.317
184.4	7.663	2.317
184.5	7.663	2.318
184.6	7.663	2.318
184.7	7.663	2.317
184.8	7.663	2.318
184.9	7.662	2.317
185	7.663	2.318
185.1	7.663	2.317
185.2	7.663	2.317
185.3	7.663	2.317
185.4	7.663	2.317
185.5	7.663	2.318
185.6	7.663	2.317
185.7	7.663	2.318
185.8	7.663	2.318
185.9	7.663	2.317
186	7.663	2.317
186.1	7.663	2.317
186.2	7.663	2.318
186.3	7.663	2.317
186.4	7.663	2.317
186.5	7.663	2.317
186.6	7.663	2.318
186.7	7.663	2.317
186.8	7.663	2.317
186.9	7.663	2.318
187	7.663	2.318
187.1	7.662	2.317
187.2	7.662	2.317
187.3	7.663	2.317
187.4	7.663	2.317
187.5	7.663	2.317
187.6	7.663	2.318
187.7	7.662	2.318
187.8	7.662	2.317
187.9	7.662	2.317
188	7.662	2.317
188.1	7.662	2.317
188.2	7.662	2.317
188.3	7.662	2.317
188.4	7.662	2.317
188.5	7.662	2.317
188.6	7.662	2.317
188.7	7.662	2.317
188.8	7.662	2.317
188.9	7.663	2.317
189	7.662	2.317
189.1	7.662	2.318
189.2	7.662	2.318
189.3	7.662	2.317
189.4	7.662	2.317
189.5	7.662	2.317
189.6	7.662	2.318
189.7	7.662	2.317
189.8	7.662	2.317
189.9	7.662	2.317
190	7.662	2.317
190.1	7.662	2.317
190.2	7.662	2.317
190.3	7.662	2.317
190.4	7.662	2.317
190.5	7.662	2.317
190.6	7.662	2.317
190.7	7.662	2.317
190.8	7.662	2.317
190.9	7.662	2.317
191	7.662	2.317
191.1	7.662	2.317
191.2	7.662	2.317
191.3	7.662	2.317
191.4	7.662	2.317
191.5	7.662	2.317
191.6	7.662	2.317
191.7	7.662	2.317
191.8	7.662	2.317
191.9	7.662	2.317
192	7.662	2.317
192.1	7.662	2.317
192.2	7.662	2.317
192.3	7.662	2.318
192.4	7.662	2.317
192.5	7.662	2.317
192.6	7.662	2.317
192.7	7.662	2.317
192.8	7.662	2.317
192.9	7.662	2.318
193	7.662	2.317
193.1	7.662	2.317
193.2	7.662	2.317
193.3	7.662	2.318
193.4	7.662	2.318
193.5	7.663	2.317
193.6	7.663	2.317
193.7	7.663	2.318
193.8	7.663	2.317
193.9	7.663	2.317
194	7.663	2.318
194.1	7.663	2.318
194.2	7.663	2.317
194.3	7.663	2.317
194.4	7.663	2.318
194.5	7.663	2.318
194.6	7.663	2.318
194.7	7.663	2.318
194.8	7.663	2.318
194.9	7.663	2.317
195	7.662	2.317
195.1	7.662	2.318
195.2	7.663	2.317
195.3	7.663	2.318
195.4	7.663	2.317
195.5	7.663	2.317
195.6	7.663	2.317
195.7	7.663	2.317
195.8	7.663	2.317
195.9	7.663	2.317
196	7.663	2.318
196.1	7.663	2.317
196.2	7.663	2.317
196.3	7.663	2.317
196.4	7.663	2.317
196.5	7.663	2.317
196.6	7.663	2.317
196.7	7.663	2.318
196.8	7.663	2.318
196.9	7.663	2.317
197	7.663	2.317
197.1	7.663	2.318
197.2	7.663	2.317
197.3	7.663	2.317
197.4	7.662	2.317
197.5	7.662	2.317
197.6	7.663	2.317
197.7	7.663	2.317
197.8	7.663	2.317
197.9	7.663	2.317
198	7.663	2.317
198.1	7.663	2.318
198.2	7.663	2.317
198.3	7.663	2.317
198.4	7.663	2.317
198.5	7.662	2.317
198.6	7.663	2.317
198.7	7.662	2.317
198.8	7.662	2.317
198.9	7.662	2.317
199	7.662	2.317
199.1	7.662	2.317
199.2	7.662	2.318
199.3	7.662	2.317
199.4	7.662	2.317
199.5	7.662	2.317
199.6	7.662	2.317
199.7	7.662	2.317
199.8	7.662	2.317
199.9	7.662	2.317
200	7.662	2.317
200.1	7.662	2.317
200.2	7.662	2.317
200.3	7.662	2.317
200.4	7.662	2.317
200.5	7.662	2.317
200.6	7.662	2.317
200.7	7.662	2.317
200.8	7.662	2.317
200.9	7.662	2.317
201	7.662	2.317
201.1	7.662	2.317
201.2	7.662	2.317
201.3	7.662	2.317
201.4	7.662	2.317
201.5	7.662	2.317
201.6	7.662	2.317
201.7	7.663	2.317
201.8	7.662	2.317
201.9	7.662	2.318
202	7.662	2.317
202.1	7.662	2.317
202.2	7.662	2.317
202.3	7.662	2.317
202.4	7.663	2.318
202.5	7.663	2.317
202.6	7.662	2.317
202.7	7.662	2.317
202.8	7.662	2.317
202.9	7.662	2.318
203	7.662	2.317
203.1	7.662	2.317
203.2	7.663	2.317
203.3	7.663	2.317
203.4	7.663	2.318
203.5	7.663	2.318
203.6	7.663	2.318
203.7	7.663	2.317
203.8	7.663	2.317
203.9	7.663	2.317
204	7.663	2.317
204.1	7.663	2.317
204.2	7.663	2.318
204.3	7.662	2.317
204.4	7.662	2.317
204.5	7.663	2.317
204.6	7.662	2.317
204.7	7.662	2.317
204.8	7.662	2.318
204.9	7.663	2.318
205	7.662	2.317
205.1	7.662	2.317
205.2	7.662	2.317
205.3	7.662	2.318
205.4	7.662	2.317
205.5	7.662	2.318
205.6	7.662	2.317
205.7	7.662	2.317
205.8	7.662	2.317
205.9	7.662	2.317
206	7.662	2.317
206.1	7.662	2.317
206.2	7.662	2.317
206.3	7.662	2.317
206.4	7.662	2.317
206.5	7.662	2.317
206.6	7.662	2.317
206.7	7.663	2.317
206.8	7.663	2.317
206.9	7.662	2.318
207	7.662	2.317
207.1	7.662	2.318
207.2	7.662	2.317
207.3	7.662	2.318
207.4	7.662	2.317
207.5	7.662	2.317
207.6	7.662	2.317
207.7	7.662	2.317
207.8	7.662	2.317
207.9	7.662	2.317
208	7.662	2.317
208.1	7.662	2.317
208.2	7.662	2.317
208.3	7.662	2.317
208.4	7.662	2.317
208.5	7.662	2.318
208.6	7.662	2.317
208.7	7.662	2.317
208.8	7.662	2.317
208.9	7.662	2.317
209	7.662	2.317
209.1	7.662	2.317
209.2	7.662	2.317
209.3	7.662	2.317
209.4	7.662	2.317
209.5	7.662	2.317
209.6	7.662	2.317
209.7	7.662	2.318
209.8	7.662	2.317
209.9	7.662	2.317
210	7.662	2.317
210.1	7.662	2.317
210.2	7.663	2.317
210.3	7.663	2.317
210.4	7.662	2.317
210.5	7.662	2.318
210.6	7.662	2.317
210.7	7.662	2.318
210.8	7.663	2.317
210.9	7.662	2.317
211	7.663	2.317
211.1	7.663	2.317
211.2	7.663	2.318
211.3	7.662	2.317
211.4	7.663	2.317
211.5	7.663	2.317
211.6	7.662	2.317
211.7	7.662	2.318
211.8	7.662	2.317
211.9	7.662	2.318
212	7.663	2.317
212.1	7.662	2.318
212.2	7.662	2.317
212.3	7.662	2.317
212.4	7.663	2.318
212.5	7.662	2.318
212.6	7.662	2.318
212.7	7.663	2.317
212.8	7.662	2.317
212.9	7.662	2.317
213	7.662	2.317
213.1	7.663	2.317
213.2	7.662	2.317
213.3	7.662	2.317
213.4	7.662	2.317
213.5	7.662	2.317
213.6	7.662	2.318
213.7	7.662	2.317
213.8	7.663	2.318
213.9	7.662	2.317
214	7.662	2.317
214.1	7.662	2.317
214.2	7.662	2.317
214.3	7.662	2.317
214.4	7.662	2.317
214.5	7.662	2.317
214.6	7.663	2.317
214.7	7.662	2.318
214.8	7.662	2.317
214.9	7.663	2.318
215	7.662	2.317
215.1	7.662	2.317
215.2	7.662	2.317
215.3	7.662	2.317
215.4	7.663	2.317
215.5	7.662	2.317
215.6	7.663	2.317
215.7	7.662	2.317
215.8	7.662	2.317
215.9	7.663	2.318
216	7.662	2.317
216.1	7.662	2.317
216.2	7.662	2.317
216.3	7.662	2.317
216.4	7.662	2.317
216.5	7.662	2.317
216.6	7.662	2.317
216.7	7.663	2.317
216.8	7.662	2.317
216.9	7.662	2.317
217	7.662	2.317
217.1	7.662	2.317
217.2	7.662	2.317
217.3	7.662	2.317
217.4	7.662	2.317
217.5	7.662	2.317
217.6	7.662	2.317
217.7	7.662	2.317
217.8	7.662	2.317
217.9	7.662	2.317
218	7.662	2.317
218.1	7.662	2.318
218.2	7.662	2.317
218.3	7.662	2.317
218.4	7.662	2.317
218.5	7.662	2.317
218.6	7.662	2.317
218.7	7.662	2.317
218.8	7.662	2.317
218.9	7.662	2.318
219	7.662	2.317
219.1	7.662	2.317
219.2	7.662	2.317
219.3	7.662	2.317
219.4	7.662	2.317
219.5	7.662	2.317
219.6	7.662	2.317
219.7	7.662	2.317
219.8	7.662	2.317
219.9	7.662	2.317
220	7.662	2.317
220.1	7.662	2.317
220.2	7.662	2.317
220.3	7.662	2.317
220.4	7.663	2.317
220.5	7.663	2.317
220.6	7.662	2.317
220.7	7.662	2.318
220.8	7.662	2.317
220.9	7.662	2.317
221	7.662	2.317
221.1	7.663	2.317
221.2	7.663	2.317
221.3	7.663	2.317
221.4	7.662	2.317
221.5	7.663	2.317
221.6	7.663	2.317
221.7	7.663	2.318
221.8	7.662	2.317
221.9	7.663	2.317
222	7.662	2.317
222.1	7.663	2.317
222.2	7.663	2.318
222.3	7.663	2.317
222.4	7.662	2.317
222.5	7.663	2.317
222.6	7.662	2.317
222.7	7.662	2.317
222.8	7.662	2.317
222.9	7.663	2.317
223	7.663	2.317
223.1	7.662	2.317
223.2	7.663	2.318
223.3	7.662	2.317
223.4	7.662	2.317
223.5	7.662	2.318
223.6	7.662	2.317
223.7	7.662	2.318
223.8	7.663	2.317
223.9	7.662	2.317
224	7.662	2.318
224.1	7.662	2.317
224.2	7.662	2.318
224.3	7.662	2.317
224.4	7.662	2.318
224.5	7.663	2.318
224.6	7.662	2.317
224.7	7.662	2.318
224.8	7.662	2.317
224.9	7.662	2.318
225	7.662	2.317
225.1	7.662	2.317
225.2	7.662	2.318
225.3	7.662	2.317
225.4	7.662	2.317
225.5	7.662	2.317
225.6	7.662	2.317
225.7	7.662	2.318
225.8	7.662	2.317
225.9	7.662	2.317
226	7.662	2.317
226.1	7.662	2.317
226.2	7.662	2.317
226.3	7.662	2.317
226.4	7.662	2.317
226.5	7.662	2.318
226.6	7.662	2.318
226.7	7.662	2.318
226.8	7.662	2.317
226.9	7.662	2.317
227	7.662	2.317
227.1	7.662	2.317
227.2	7.663	2.317
227.3	7.663	2.317
227.4	7.662	2.317
227.5	7.663	2.317
227.6	7.663	2.317
227.7	7.663	2.317
227.8	7.663	2.317
227.9	7.663	2.317
228	7.662	2.317
228.1	7.662	2.317
228.2	7.662	2.318
228.3	7.663	2.317
228.4	7.663	2.318
228.5	7.663	2.318
228.6	7.663	2.317
228.7	7.663	2.317
228.8	7.663	2.317
228.9	7.663	2.317
229	7.663	2.318
229.1	7.663	2.318
229.2	7.663	2.318
229.3	7.663	2.318
229.4	7.663	2.318
229.5	7.663	2.318
229.6	7.662	2.317
229.7	7.663	2.318
229.8	7.663	2.317
229.9	7.663	2.318
230	7.663	2.317
230.1	7.663	2.317
230.2	7.663	2.317
230.3	7.663	2.317
230.4	7.663	2.318
230.5	7.662	2.317
230.6	7.662	2.317
230.7	7.662	2.318
230.8	7.663	2.318
230.9	7.663	2.318
231	7.663	2.318
231.1	7.663	2.317
231.2	7.663	2.317
231.3	7.662	2.318
231.4	7.662	2.318
231.5	7.662	2.317
231.6	7.662	2.317
231.7	7.663	2.317
231.8	7.663	2.318
231.9	7.663	2.317
232	7.663	2.318
232.1	7.663	2.317
232.2	7.663	2.318
232.3	7.663	2.318
232.4	7.662	2.317
232.5	7.662	2.318
232.6	7.662	2.317
232.7	7.662	2.317
232.8	7.663	2.318
232.9	7.662	2.318
233	7.663	2.317
233.1	7.663	2.317
233.2	7.662	2.317
233.3	7.662	2.317
233.4	7.662	2.318
233.5	7.662	2.317
233.6	7.662	2.317
233.7	7.662	2.318
233.8	7.662	2.317
233.9	7.662	2.318
234	7.662	2.318
234.1	7.662	2.317
234.2	7.662	2.318
234.3	7.662	2.317
234.4	7.662	2.317
234.5	7.662	2.317
234.6	7.662	2.317
234.7	7.662	2.317
234.8	7.662	2.317
234.9	7.662	2.317
235	7.662	2.317
235.1	7.662	2.317
235.2	7.662	2.317
235.3	7.662	2.317
235.4	7.662	2.317
235.5	7.662	2.317
235.6	7.662	2.317
235.7	7.662	2.317
235.8	7.662	2.317
235.9	7.662	2.317
236	7.662	2.318
236.1	7.662	2.318
236.2	7.662	2.318
236.3	7.662	2.317
236.4	7.662	2.317
236.5	7.662	2.318
236.6	7.662	2.317
236.7	7.662	2.317
236.8	7.662	2.317
236.9	7.662	2.318
237	7.662	2.317
237.1	7.662	2.317
237.2	7.662	2.317
237.3	7.662	2.317
237.4	7.662	2.317
237.5	7.662	2.317
237.6	7.662	2.317
237.7	7.662	2.317
237.8	7.662	2.317
237.9	7.662	2.317
238	7.662	2.317
238.1	7.662	2.317
238.2	7.662	2.317
238.3	7.662	2.317
238.4	7.662	2.317
238.5	7.662	2.318
238.6	7.662	2.317
238.7	7.662	2.317
238.8	7.662	2.317
238.9	7.662	2.317
239	7.662	2.317
239.1	7.662	2.317
239.2	7.663	2.317
239.3	7.662	2.317
239.4	7.662	2.317
239.5	7.662	2.317
239.6	7.662	2.317
239.7	7.662	2.318
239.8	7.662	2.317
239.9	7.662	2.317
240	7.662	2.317
240.1	7.662	2.317
240.2	7.662	2.317
240.3	7.662	2.317
240.4	7.662	2.318
240.5	7.662	2.317
240.6	7.662	2.317
240.7	7.662	2.318
240.8	7.662	2.318
240.9	7.663	2.317
241	7.662	2.317
241.1	7.662	2.317
241.2	7.662	2.318
241.3	7.663	2.318
241.4	7.662	2.317
241.5	7.662	2.317
241.6	7.663	2.317
241.7	7.663	2.317
241.8	7.662	2.317
241.9	7.663	2.318
242	7.662	2.317
242.1	7.662	2.317
242.2	7.662	2.317
242.3	7.662	2.317
242.4	7.662	2.317
242.5	7.662	2.317
242.6	7.662	2.317
242.7	7.662	2.317
242.8	7.662	2.317
242.9	7.662	2.317
243	7.662	2.317
243.1	7.662	2.317
243.2	7.662	2.317
243.3	7.662	2.317
243.4	7.662	2.317
243.5	7.662	2.317
243.6	7.662	2.317
243.7	7.662	2.317
243.8	7.662	2.317
243.9	7.662	2.317
244	7.662	2.317
244.1	7.662	2.317
244.2	7.662	2.317
244.3	7.662	2.317
244.4	7.662	2.317
244.5	7.662	2.317
244.6	7.662	2.317
244.7	7.662	2.317
244.8	7.662	2.317
244.9	7.662	2.317
245	7.662	2.317
245.1	7.662	2.317
245.2	7.662	2.317
245.3	7.662	2.317
245.4	7.662	2.317
245.5	7.662	2.318
245.6	7.662	2.317
245.7	7.662	2.317
245.8	7.662	2.317
245.9	7.662	2.318
246	7.662	2.317
246.1	7.662	2.317
246.2	7.662	2.317
246.3	7.662	2.317
246.4	7.662	2.317
246.5	7.662	2.317
246.6	7.662	2.317
246.7	7.662	2.317
246.8	7.662	2.318
246.9	7.662	2.317
247	7.662	2.317
247.1	7.662	2.317
247.2	7.662	2.317
247.3	7.662	2.317
247.4	7.662	2.317
247.5	7.662	2.317
247.6	7.662	2.317
247.7	7.662	2.317
247.8	7.662	2.317
247.9	7.662	2.318
248	7.662	2.317
248.1	7.662	2.317
248.2	7.662	2.317
248.3	7.662	2.317
248.4	7.662	2.317
248.5	7.662	2.317
248.6	7.662	2.317
248.7	7.662	2.317
248.8	7.662	2.317
248.9	7.662	2.317
249	7.662	2.317
249.1	7.662	2.317
249.2	7.662	2.317
249.3	7.662	2.317
249.4	7.662	2.317
249.5	7.662	2.317
249.6	7.662	2.317
249.7	7.662	2.318
249.8	7.662	2.317
249.9	7.662	2.317
250	7.662	2.317
250.1	7.662	2.317
250.2	7.662	2.317
250.3	7.662	2.317
250.4	7.662	2.317
250.5	7.662	2.317
250.6	7.662	2.317
250.7	7.662	2.317
250.8	7.662	2.318
250.9	7.662	2.317
251	7.662	2.317
251.1	7.662	2.317
251.2	7.662	2.317
251.3	7.662	2.317
251.4	7.662	2.317
251.5	7.662	2.317
251.6	7.662	2.317
251.7	7.662	2.317
251.8	7.662	2.317
251.9	7.662	2.317
252	7.662	2.317
252.1	7.662	2.317
252.2	7.662	2.317
252.3	7.662	2.317
252.4	7.662	2.317
252.5	7.662	2.317
252.6	7.662	2.317
252.7	7.662	2.317
252.8	7.662	2.317
252.9	7.662	2.317
253	7.662	2.317
253.1	7.662	2.317
253.2	7.662	2.317
253.3	7.662	2.317
253.4	7.662	2.317
253.5	7.662	2.317
253.6	7.662	2.317
253.7	7.662	2.317
253.8	7.662	2.317
253.9	7.662	2.317
254	7.662	2.317
254.1	7.662	2.317
254.2	7.662	2.317
254.3	7.662	2.317
254.4	7.662	2.317
254.5	7.662	2.317
254.6	7.662	2.318
254.7	7.662	2.317
254.8	7.662	2.317
254.9	7.662	2.317
255	7.662	2.317
255.1	7.662	2.317
255.2	7.662	2.317
255.3	7.662	2.317
255.4	7.662	2.317
255.5	7.662	2.317
255.6	7.662	2.317
255.7	7.662	2.317
255.8	7.662	2.317
255.9	7.662	2.317
256	7.662	2.317
256.1	7.662	2.317
256.2	7.662	2.317
256.3	7.662	2.317
256.4	7.662	2.317
256.5	7.662	2.317
256.6	7.662	2.317
256.7	7.662	2.317
256.8	7.662	2.317
256.9	7.662	2.317
257	7.662	2.317
257.1	7.662	2.318
257.2	7.662	2.317
257.3	7.662	2.317
257.4	7.662	2.317
257.5	7.662	2.317
257.6	7.662	2.317
257.7	7.662	2.317
257.8	7.662	2.317
257.9	7.662	2.317
258	7.662	2.317
258.1	7.662	2.317
258.2	7.662	2.317
258.3	7.662	2.317
258.4	7.662	2.317
258.5	7.662	2.317
258.6	7.662	2.317
258.7	7.662	2.317
258.8	7.662	2.317
258.9	7.662	2.317
259	7.662	2.317
259.1	7.662	2.317
259.2	7.662	2.317
259.3	7.662	2.318
259.4	7.662	2.317
259.5	7.662	2.317
259.6	7.662	2.317
259.7	7.662	2.318
259.8	7.662	2.317
259.9	7.662	2.317
260	7.662	2.318
260.1	7.662	2.317
260.2	7.662	2.317
260.3	7.662	2.317
260.4	7.662	2.317
260.5	7.662	2.317
260.6	7.662	2.317
260.7	7.662	2.317
260.8	7.662	2.317
260.9	7.662	2.317
261	7.662	2.317
261.1	7.662	2.317
261.2	7.662	2.317
261.3	7.662	2.317
261.4	7.662	2.317
261.5	7.662	2.317
261.6	7.662	2.317
261.7	7.662	2.317
261.8	7.662	2.317
261.9	7.662	2.317
262	7.662	2.317
262.1	7.662	2.317
262.2	7.662	2.317
262.3	7.662	2.317
262.4	7.662	2.317
262.5	7.662	2.317
262.6	7.662	2.317
262.7	7.662	2.317
262.8	7.662	2.317
262.9	7.662	2.317
263	7.662	2.318
263.1	7.662	2.317
263.2	7.662	2.317
263.3	7.662	2.317
263.4	7.662	2.317
263.5	7.662	2.317
263.6	7.662	2.317
263.7	7.662	2.317
263.8	7.662	2.317
263.9	7.662	2.317
264	7.662	2.317
264.1	7.662	2.317
264.2	7.662	2.317
264.3	7.662	2.317
264.4	7.662	2.318
264.5	7.662	2.317
264.6	7.662	2.317
264.7	7.662	2.318
264.8	7.662	2.317
264.9	7.662	2.317
265	7.662	2.317
265.1	7.662	2.317
265.2	7.662	2.317
265.3	7.662	2.317
265.4	7.662	2.317
265.5	7.662	2.317
265.6	7.662	2.317
265.7	7.662	2.317
265.8	7.662	2.317
265.9	7.662	2.317
266	7.662	2.317
266.1	7.662	2.317
266.2	7.662	2.317
266.3	7.662	2.317
266.4	7.662	2.317
266.5	7.662	2.317
266.6	7.662	2.317
266.7	7.662	2.317
266.8	7.662	2.317
266.9	7.662	2.317
267	7.662	2.317
267.1	7.662	2.317
267.2	7.662	2.317
267.3	7.662	2.317
267.4	7.662	2.317
267.5	7.662	2.317
267.6	7.662	2.317
267.7	7.662	2.317
267.8	7.662	2.317
267.9	7.662	2.317
268	7.662	2.317
268.1	7.662	2.317
268.2	7.662	2.317
268.3	7.662	2.317
268.4	7.662	2.317
268.5	7.662	2.317
268.6	7.662	2.317
268.7	7.662	2.317
268.8	7.662	2.317
268.9	7.662	2.317
269	7.662	2.318
269.1	7.662	2.317
269.2	7.662	2.317
269.3	7.662	2.317
269.4	7.662	2.317
269.5	7.662	2.317
269.6	7.662	2.317
269.7	7.662	2.317
269.8	7.662	2.317
269.9	7.662	2.317
270	7.662	2.317
270.1	7.662	2.317
270.2	7.662	2.317
270.3	7.662	2.317
270.4	7.662	2.317
270.5	7.662	2.317
270.6	7.662	2.317
270.7	7.662	2.317
270.8	7.662	2.317
270.9	7.662	2.317
271	7.662	2.317
271.1	7.662	2.317
271.2	7.662	2.317
271.3	7.662	2.317
271.4	7.662	2.317
271.5	7.662	2.317
271.6	7.662	2.317
271.7	7.662	2.317
271.8	7.662	2.317
271.9	7.662	2.317
272	7.662	2.317
272.1	7.662	2.317
272.2	7.662	2.317
272.3	7.662	2.317
272.4	7.662	2.317
272.5	7.662	2.317
272.6	7.662	2.317
272.7	7.662	2.317
272.8	7.662	2.317
272.9	7.662	2.317
273	7.662	2.317
273.1	7.662	2.317
273.2	7.662	2.317
273.3	7.662	2.317
273.4	7.662	2.318
273.5	7.662	2.317
273.6	7.662	2.317
273.7	7.662	2.317
273.8	7.662	2.317
273.9	7.662	2.317
274	7.662	2.318
274.1	7.662	2.317
274.2	7.662	2.318
274.3	7.662	2.317
274.4	7.662	2.317
274.5	7.662	2.317
274.6	7.662	2.317
274.7	7.662	2.317
274.8	7.662	2.317
274.9	7.662	2.318
275	7.662	2.317
275.1	7.662	2.317
275.2	7.662	2.318
275.3	7.662	2.317
275.4	7.662	2.317
275.5	7.662	2.317
275.6	7.662	2.317
275.7	7.662	2.317
275.8	7.662	2.317
275.9	7.662	2.317
276	7.662	2.317
276.1	7.662	2.317
276.2	7.662	2.317
276.3	7.662	2.317
276.4	7.662	2.317
276.5	7.662	2.317
276.6	7.662	2.317
276.7	7.662	2.318
276.8	7.662	2.317
276.9	7.662	2.317
277	7.662	2.317
277.1	7.662	2.317
277.2	7.662	2.318
277.3	7.662	2.317
277.4	7.662	2.317
277.5	7.662	2.317
277.6	7.662	2.317
277.7	7.662	2.318
277.8	7.662	2.317
277.9	7.662	2.317
278	7.662	2.317
278.1	7.662	2.317
278.2	7.662	2.317
278.3	7.662	2.317
278.4	7.662	2.317
278.5	7.662	2.317
278.6	7.662	2.317
278.7	7.662	2.317
278.8	7.662	2.317
278.9	7.662	2.317
279	7.662	2.317
279.1	7.662	2.317
279.2	7.662	2.317
279.3	7.662	2.317
279.4	7.662	2.317
279.5	7.662	2.317
279.6	7.662	2.317
279.7	7.662	2.317
279.8	7.662	2.317
279.9	7.662	2.317
280	7.662	2.317
280.1	7.662	2.317
280.2	7.662	2.317
280.3	7.662	2.317
280.4	7.662	2.317
280.5	7.662	2.318
280.6	7.662	2.317
280.7	7.662	2.318
280.8	7.662	2.317
280.9	7.662	2.317
281	7.662	2.317
281.1	7.662	2.317
281.2	7.662	2.317
281.3	7.662	2.317
281.4	7.662	2.317
281.5	7.662	2.317
281.6	7.662	2.317
281.7	7.662	2.318
281.8	7.662	2.317
281.9	7.662	2.317
282	7.662	2.317
282.1	7.662	2.318
282.2	7.662	2.317
282.3	7.662	2.317
282.4	7.662	2.317
282.5	7.662	2.317
282.6	7.662	2.317
282.7	7.662	2.317
282.8	7.662	2.317
282.9	7.663	2.317
283	7.662	2.317
283.1	7.662	2.317
283.2	7.662	2.317
283.3	7.662	2.317
283.4	7.662	2.317
283.5	7.662	2.317
283.6	7.662	2.317
283.7	7.662	2.317
283.8	7.662	2.317
283.9	7.662	2.318
284	7.662	2.317
284.1	7.662	2.317
284.2	7.662	2.317
284.3	7.662	2.317
284.4	7.662	2.317
284.5	7.662	2.317
284.6	7.662	2.317
284.7	7.662	2.317
284.8	7.662	2.317
284.9	7.662	2.317
285	7.662	2.317
285.1	7.662	2.317
285.2	7.662	2.317
285.3	7.662	2.317
285.4	7.662	2.317
285.5	7.662	2.317
285.6	7.662	2.317
285.7	7.662	2.317
285.8	7.662	2.317
285.9	7.662	2.317
286	7.662	2.317
286.1	7.662	2.317
286.2	7.662	2.317
286.3	7.662	2.317
286.4	7.662	2.317
286.5	7.662	2.317
286.6	7.662	2.317
286.7	7.662	2.317
286.8	7.662	2.317
286.9	7.662	2.317
287	7.662	2.317
287.1	7.662	2.317
287.2	7.662	2.317
287.3	7.662	2.317
287.4	7.662	2.317
287.5	7.662	2.317
287.6	7.662	2.317
287.7	7.662	2.317
287.8	7.662	2.317
287.9	7.662	2.317
288	7.662	2.317
288.1	7.662	2.317
288.2	7.662	2.317
288.3	7.662	2.317
288.4	7.662	2.317
288.5	7.662	2.317
288.6	7.662	2.317
288.7	7.662	2.317
288.8	7.662	2.317
288.9	7.662	2.318
289	7.662	2.317
289.1	7.662	2.317
289.2	7.662	2.317
289.3	7.662	2.317
289.4	7.662	2.317
289.5	7.662	2.317
289.6	7.662	2.317
289.7	7.662	2.317
289.8	7.662	2.317
289.9	7.662	2.317
290	7.662	2.317
290.1	7.662	2.317
290.2	7.662	2.317
290.3	7.662	2.317
290.4	7.662	2.317
290.5	7.662	2.317
290.6	7.662	2.317
290.7	7.662	2.317
290.8	7.662	2.317
290.9	7.662	2.317
291	7.662	2.317
291.1	7.662	2.317
291.2	7.662	2.317
291.3	7.662	2.317
291.4	7.662	2.317
291.5	7.662	2.317
291.6	7.662	2.317
291.7	7.663	2.317
291.8	7.663	2.318
291.9	7.662	2.317
292	7.662	2.317
292.1	7.662	2.318
292.2	7.662	2.318
292.3	7.662	2.317
292.4	7.662	2.317
292.5	7.662	2.318
292.6	7.662	2.317
292.7	7.662	2.318
292.8	7.662	2.317
292.9	7.662	2.317
293	7.662	2.317
293.1	7.662	2.317
293.2	7.662	2.317
293.3	7.662	2.317
293.4	7.662	2.317
293.5	7.662	2.317
293.6	7.662	2.317
293.7	7.662	2.317
293.8	7.662	2.318
293.9	7.662	2.317
294	7.662	2.317
294.1	7.662	2.317
294.2	7.662	2.317
294.3	7.662	2.318
294.4	7.662	2.317
294.5	7.662	2.317
294.6	7.662	2.317
294.7	7.662	2.317
294.8	7.662	2.317
294.9	7.662	2.317
295	7.662	2.317
295.1	7.662	2.317
295.2	7.662	2.317
295.3	7.662	2.317
295.4	7.662	2.317
295.5	7.662	2.317
295.6	7.662	2.318
295.7	7.662	2.317
295.8	7.662	2.317
295.9	7.662	2.317
296	7.662	2.317
296.1	7.662	2.317
296.2	7.662	2.317
296.3	7.662	2.317
296.4	7.662	2.317
296.5	7.662	2.317
296.6	7.662	2.317
296.7	7.662	2.317
296.8	7.662	2.317
296.9	7.662	2.317
297	7.662	2.317
297.1	7.662	2.317
297.2	7.662	2.317
297.3	7.662	2.317
297.4	7.662	2.317
297.5	7.662	2.317
297.6	7.662	2.317
297.7	7.662	2.318
297.8	7.662	2.317
297.9	7.662	2.318
298	7.662	2.317
298.1	7.662	2.317
298.2	7.662	2.317
298.3	7.662	2.317
298.4	7.662	2.317
298.5	7.662	2.318
298.6	7.662	2.317
298.7	7.662	2.317
298.8	7.662	2.317
298.9	7.662	2.317
299	7.662	2.317
299.1	7.662	2.317
299.2	7.663	2.317
299.3	7.662	2.318
299.4	7.662	2.318
299.5	7.662	2.318
299.6	7.662	2.317
299.7	7.662	2.317
299.8	7.662	2.317
299.9	7.662	2.317
300	7.662	2.317
300.1	7.662	2.317
300.2	7.662	2.317
300.3	7.662	2.317
300.4	7.663	2.317
300.5	7.663	2.317
300.6	7.662	2.317
300.7	7.662	2.317
300.8	7.662	2.318
300.9	7.662	2.317
301	7.662	2.318
301.1	7.662	2.317
301.2	7.663	2.317
301.3	7.662	2.317
301.4	7.662	2.317
301.5	7.662	2.317
301.6	7.662	2.317
301.7	7.663	2.317
301.8	7.662	2.317
301.9	7.662	2.317
302	7.662	2.317
302.1	7.662	2.317
302.2	7.662	2.317
302.3	7.662	2.317
302.4	7.662	2.317
302.5	7.663	2.317
302.6	7.662	2.317
302.7	7.662	2.317
302.8	7.662	2.317
302.9	7.662	2.317
303	7.662	2.317
303.1	7.662	2.317
303.2	7.662	2.317
303.3	7.662	2.317
303.4	7.663	2.317
303.5	7.663	2.317
303.6	7.662	2.317
303.7	7.662	2.317
303.8	7.663	2.317
303.9	7.662	2.317
304	7.662	2.317
304.1	7.662	2.317
304.2	7.662	2.317
304.3	7.662	2.317
304.4	7.662	2.317
304.5	7.662	2.317
304.6	7.662	2.317
304.7	7.662	2.317
304.8	7.662	2.317
304.9	7.662	2.317
305	7.662	2.318
305.1	7.662	2.317
305.2	7.662	2.317
305.3	7.662	2.317
305.4	7.662	2.317
305.5	7.662	2.317
305.6	7.662	2.317
305.7	7.662	2.317
305.8	7.662	2.317
305.9	7.662	2.317
306	7.662	2.317
306.1	7.662	2.317
306.2	7.662	2.317
306.3	7.662	2.317
306.4	7.662	2.317
306.5	7.662	2.317
306.6	7.662	2.317
306.7	7.662	2.317
306.8	7.662	2.317
306.9	7.662	2.317
307	7.662	2.317
307.1	7.662	2.317
307.2	7.662	2.317
307.3	7.662	2.317
307.4	7.662	2.317
307.5	7.662	2.317
307.6	7.662	2.317
307.7	7.662	2.317
307.8	7.662	2.317
307.9	7.662	2.318
308	7.662	2.317
308.1	7.662	2.318
308.2	7.662	2.318
308.3	7.662	2.317
308.4	7.662	2.317
308.5	7.662	2.317
308.6	7.662	2.317
308.7	7.662	2.317
308.8	7.662	2.317
308.9	7.662	2.317
309	7.662	2.317
309.1	7.662	2.317
309.2	7.662	2.317
309.3	7.662	2.317
309.4	7.662	2.317
309.5	7.662	2.317
309.6	7.662	2.317
309.7	7.662	2.318
309.8	7.662	2.317
309.9	7.662	2.317
310	7.662	2.317
310.1	7.662	2.317
310.2	7.662	2.317
310.3	7.662	2.318
310.4	7.662	2.317
310.5	7.662	2.317
310.6	7.662	2.318
310.7	7.662	2.317
310.8	7.662	2.317
310.9	7.662	2.317
311	7.662	2.317
311.1	7.662	2.317
311.2	7.662	2.317
311.3	7.662	2.317
311.4	7.662	2.317
311.5	7.662	2.317
311.6	7.662	2.317
311.7	7.662	2.317
311.8	7.662	2.317
311.9	7.662	2.317
312	7.662	2.317
312.1	7.662	2.317
312.2	7.662	2.317
312.3	7.662	2.317
312.4	7.662	2.317
312.5	7.662	2.318
312.6	7.662	2.317
312.7	7.662	2.317
312.8	7.662	2.317
312.9	7.662	2.317
313	7.662	2.317
313.1	7.662	2.317
313.2	7.662	2.317
313.3	7.662	2.317
313.4	7.662	2.317
313.5	7.662	2.317
313.6	7.662	2.317
313.7	7.662	2.317
313.8	7.662	2.317
313.9	7.662	2.317
314	7.662	2.317
314.1	7.662	2.317
314.2	7.662	2.317
314.3	7.662	2.317
314.4	7.662	2.317
314.5	7.662	2.317
314.6	7.662	2.318
314.7	7.662	2.317
314.8	7.662	2.317
314.9	7.662	2.317
315	7.662	2.317
315.1	7.662	2.317
315.2	7.662	2.317
315.3	7.662	2.317
315.4	7.662	2.317
315.5	7.662	2.317
315.6	7.662	2.317
315.7	7.662	2.317
315.8	7.662	2.317
315.9	7.662	2.317
316	7.662	2.317
316.1	7.662	2.317
316.2	7.662	2.317
316.3	7.662	2.317
316.4	7.662	2.317
316.5	7.662	2.317
316.6	7.662	2.317
316.7	7.662	2.317
316.8	7.662	2.317
316.9	7.662	2.317
317	7.662	2.317
317.1	7.662	2.317
317.2	7.662	2.318
317.3	7.662	2.317
317.4	7.662	2.317
317.5	7.662	2.317
317.6	7.662	2.317
317.7	7.662	2.317
317.8	7.662	2.317
317.9	7.662	2.317
318	7.663	2.317
318.1	7.662	2.318
318.2	7.662	2.318
318.3	7.662	2.317
318.4	7.662	2.317
318.5	7.662	2.317
318.6	7.662	2.318
318.7	7.662	2.317
318.8	7.662	2.317
318.9	7.662	2.317
319	7.662	2.317
319.1	7.662	2.317
319.2	7.662	2.317
319.3	7.662	2.317
319.4	7.662	2.317
319.5	7.662	2.317
319.6	7.662	2.317
319.7	7.662	2.318
319.8	7.662	2.317
319.9	7.662	2.317
320	7.662	2.317
320.1	7.662	2.317
320.2	7.662	2.317
320.3	7.662	2.317
320.4	7.662	2.317
320.5	7.662	2.317
320.6	7.662	2.318
320.7	7.662	2.317
320.8	7.662	2.317
320.9	7.662	2.317
321	7.662	2.317
321.1	7.662	2.317
321.2	7.662	2.317
321.3	7.662	2.317
321.4	7.662	2.317
321.5	7.662	2.317
321.6	7.662	2.317
321.7	7.662	2.317
321.8	7.662	2.317
321.9	7.662	2.317
322	7.662	2.317
322.1	7.662	2.317
322.2	7.662	2.317
322.3	7.662	2.317
322.4	7.662	2.317
322.5	7.662	2.317
322.6	7.662	2.317
322.7	7.662	2.317
322.8	7.662	2.317
322.9	7.662	2.317
323	7.662	2.317
323.1	7.662	2.317
323.2	7.662	2.317
323.3	7.662	2.317
323.4	7.662	2.317
323.5	7.662	2.317
323.6	7.662	2.317
323.7	7.662	2.317
323.8	7.662	2.317
323.9	7.662	2.318
324	7.662	2.317
324.1	7.662	2.317
324.2	7.662	2.317
324.3	7.662	2.317
324.4	7.662	2.317
324.5	7.662	2.318
324.6	7.662	2.317
324.7	7.662	2.317
324.8	7.662	2.317
324.9	7.662	2.317
325	7.662	2.317
325.1	7.662	2.317
325.2	7.662	2.317
325.3	7.662	2.317
325.4	7.662	2.318
325.5	7.662	2.317
325.6	7.662	2.317
325.7	7.662	2.317
325.8	7.662	2.317
325.9	7.662	2.317
326	7.662	2.317
326.1	7.662	2.317
326.2	7.662	2.317
326.3	7.662	2.318
326.4	7.662	2.317
326.5	7.662	2.317
326.6	7.662	2.317
326.7	7.662	2.318
326.8	7.662	2.317
326.9	7.662	2.317
327	7.662	2.317
327.1	7.662	2.317
327.2	7.662	2.317
327.3	7.662	2.317
327.4	7.662	2.317
327.5	7.662	2.317
327.6	7.662	2.317
327.7	7.662	2.317
327.8	7.662	2.317
327.9	7.662	2.317
328	7.662	2.317
328.1	7.662	2.317
328.2	7.662	2.317
328.3	7.662	2.317
328.4	7.662	2.317
328.5	7.662	2.317
328.6	7.662	2.317
328.7	7.662	2.317
328.8	7.662	2.317
328.9	7.662	2.317
329	7.662	2.317
329.1	7.662	2.317
329.2	7.662	2.318
329.3	7.662	2.317
329.4	7.662	2.317
329.5	7.662	2.317
329.6	7.662	2.317
329.7	7.662	2.317
329.8	7.662	2.317
329.9	7.662	2.318
330	7.662	2.318
330.1	7.662	2.317
330.2	7.662	2.318
330.3	7.662	2.317
330.4	7.662	2.317
330.5	7.662	2.317
330.6	7.662	2.317
330.7	7.662	2.317
330.8	7.662	2.317
330.9	7.662	2.317
331	7.662	2.317
331.1	7.662	2.317
331.2	7.662	2.318
331.3	7.662	2.317
331.4	7.662	2.317
331.5	7.662	2.317
331.6	7.662	2.317
331.7	7.662	2.318
331.8	7.662	2.317
331.9	7.662	2.317
332	7.662	2.317
332.1	7.662	2.317
332.2	7.662	2.317
332.3	7.662	2.317
332.4	7.662	2.318
332.5	7.662	2.317
332.6	7.662	2.317
332.7	7.662	2.317
332.8	7.662	2.317
332.9	7.662	2.317
333	7.662	2.317
333.1	7.662	2.317
333.2	7.662	2.317
333.3	7.662	2.317
333.4	7.662	2.317
333.5	7.662	2.317
333.6	7.662	2.317
333.7	7.662	2.317
333.8	7.662	2.317
333.9	7.662	2.317
334	7.662	2.317
334.1	7.662	2.317
334.2	7.662	2.317
334.3	7.662	2.317
334.4	7.662	2.317
334.5	7.662	2.317
334.6	7.662	2.317
334.7	7.662	2.317
334.8	7.662	2.317
334.9	7.662	2.317
335	7.662	2.317
335.1	7.662	2.317
335.2	7.662	2.318
335.3	7.662	2.317
335.4	7.662	2.318
335.5	7.662	2.317
335.6	7.662	2.317
335.7	7.662	2.317
335.8	7.662	2.317
335.9	7.662	2.318
336	7.662	2.317
336.1	7.662	2.317
336.2	7.662	2.317
336.3	7.662	2.317
336.4	7.662	2.317
336.5	7.662	2.317
336.6	7.662	2.317
336.7	7.662	2.317
336.8	7.662	2.317
336.9	7.662	2.317
337	7.662	2.317
337.1	7.662	2.317
337.2	7.662	2.317
337.3	7.662	2.317
337.4	7.662	2.317
337.5	7.662	2.317
337.6	7.662	2.317
337.7	7.662	2.317
337.8	7.662	2.317
337.9	7.662	2.317
338	7.662	2.317
338.1	7.662	2.317
338.2	7.662	2.317
338.3	7.662	2.317
338.4	7.662	2.317
338.5	7.662	2.317
338.6	7.662	2.317
338.7	7.662	2.317
338.8	7.662	2.317
338.9	7.662	2.317
339	7.662	2.317
339.1	7.662	2.318
339.2	7.662	2.317
339.3	7.662	2.317
339.4	7.662	2.317
339.5	7.662	2.317
339.6	7.662	2.317
339.7	7.662	2.317
339.8	7.662	2.317
339.9	7.662	2.317
340	7.662	2.317
340.1	7.662	2.317
340.2	7.662	2.317
340.3	7.662	2.317
340.4	7.662	2.317
340.5	7.662	2.317
340.6	7.662	2.317
340.7	7.662	2.317
340.8	7.662	2.317
340.9	7.662	2.317
341	7.662	2.317
341.1	7.662	2.317
341.2	7.662	2.317
341.3	7.662	2.317
341.4	7.662	2.317
341.5	7.662	2.317
341.6	7.662	2.317
341.7	7.662	2.317
341.8	7.662	2.317
341.9	7.662	2.317
342	7.662	2.317
342.1	7.662	2.317
342.2	7.662	2.317
342.3	7.662	2.317
342.4	7.662	2.317
342.5	7.662	2.317
342.6	7.662	2.317
342.7	7.662	2.317
342.8	7.662	2.317
342.9	7.662	2.317
343	7.662	2.317
343.1	7.662	2.317
343.2	7.662	2.317
343.3	7.662	2.317
343.4	7.662	2.317
343.5	7.662	2.317
343.6	7.662	2.317
343.7	7.662	2.318
343.8	7.662	2.317
343.9	7.662	2.317
344	7.662	2.317
344.1	7.662	2.317
344.2	7.662	2.317
344.3	7.662	2.317
344.4	7.662	2.317
344.5	7.662	2.317
344.6	7.662	2.317
344.7	7.662	2.317
344.8	7.662	2.317
344.9	7.662	2.317
345	7.662	2.317
345.1	7.662	2.317
345.2	7.662	2.317
345.3	7.662	2.317
345.4	7.662	2.317
345.5	7.662	2.317
345.6	7.662	2.317
345.7	7.662	2.317
345.8	7.662	2.317
345.9	7.663	2.317
346	7.662	2.317
346.1	7.662	2.317
346.2	7.662	2.318
346.3	7.662	2.318
346.4	7.662	2.318
346.5	7.662	2.317
346.6	7.662	2.317
346.7	7.662	2.317
346.8	7.662	2.317
346.9	7.662	2.317
347	7.662	2.317
347.1	7.662	2.317
347.2	7.662	2.317
347.3	7.662	2.317
347.4	7.662	2.317
347.5	7.662	2.317
347.6	7.662	2.317
347.7	7.662	2.317
347.8	7.662	2.317
347.9	7.662	2.317
348	7.662	2.317
348.1	7.662	2.317
348.2	7.662	2.317
348.3	7.662	2.317
348.4	7.662	2.317
348.5	7.662	2.317
348.6	7.662	2.317
348.7	7.662	2.317
348.8	7.662	2.317
348.9	7.662	2.317
349	7.662	2.317
349.1	7.662	2.317
349.2	7.662	2.317
349.3	7.662	2.317
349.4	7.662	2.317
349.5	7.662	2.317
349.6	7.662	2.317
349.7	7.662	2.317
349.8	7.662	2.317
349.9	7.662	2.317
350	7.662	2.317
350.1	7.662	2.317
350.2	7.662	2.317
350.3	7.662	2.317
350.4	7.662	2.317
350.5	7.662	2.317
350.6	7.662	2.317
350.7	7.662	2.317
350.8	7.662	2.317
350.9	7.662	2.317
351	7.662	2.317
351.1	7.662	2.317
351.2	7.662	2.317
351.3	7.662	2.317
351.4	7.662	2.317
351.5	7.662	2.317
351.6	7.662	2.317
351.7	7.662	2.317
351.8	7.662	2.317
351.9	7.663	2.317
352	7.663	2.317
352.1	7.662	2.318
352.2	7.659	2.319
352.3	7.658	2.322
352.4	7.664	2.325
352.5	7.68	2.33
352.6	7.695	2.35
352.7	7.715	2.387
352.8	7.735	2.46
352.9	7.743	2.551
353	7.754	2.644
353.1	7.776	2.725
353.2	7.806	2.778
353.3	7.832	2.8
353.4	7.824	2.808
353.5	7.812	2.803
353.6	7.799	2.791
353.7	7.769	2.775
353.8	7.717	2.755
353.9	7.678	2.741
354	7.635	2.75
354.1	7.579	2.799
354.2	7.55	2.862
354.3	7.537	2.923
354.4	7.507	3.01
354.5	7.456	3.125
354.6	7.413	3.256
354.7	7.389	3.382
354.8	7.383	3.504
354.9	7.377	3.62
355	7.371	3.734
355.1	7.354	3.842
355.2	7.341	3.947
355.3	7.34	4.05
355.4	7.347	4.142
355.5	7.361	4.22
355.6	7.376	4.29
355.7	7.393	4.353
355.8	7.411	4.408
355.9	7.426	4.457
356	7.436	4.503
356.1	7.443	4.538
356.2	7.449	4.562
356.3	7.459	4.577
356.4	7.473	4.591
356.5	7.491	4.606
356.6	7.512	4.618
356.7	7.536	4.629
356.8	7.564	4.641
356.9	7.588	4.655
357	7.609	4.664
357.1	7.616	4.668
357.2	7.612	4.672
357.3	7.612	4.676
357.4	7.605	4.679
357.5	7.607	4.687
357.6	7.608	4.691
357.7	7.617	4.698
357.8	7.629	4.707
357.9	7.643	4.714
358	7.655	4.721
358.1	7.662	4.723
358.2	7.671	4.727
358.3	7.678	4.73
358.4	7.706	4.746
358.5	7.71	4.746
358.6	7.726	4.755
358.7	7.727	4.758
358.8	7.726	4.761
358.9	7.723	4.763
359	7.722	4.765
359.1	7.721	4.768
359.2	7.725	4.774
359.3	7.724	4.775
359.4	7.723	4.776
359.5	7.722	4.776
359.6	7.724	4.78
359.7	7.721	4.782
359.8	7.718	4.783
359.9	7.719	4.784
360	7.722	4.785
360.1	7.72	4.786
360.2	7.718	4.787
360.3	7.716	4.787
360.4	7.717	4.787
360.5	7.718	4.787
360.6	7.719	4.789
360.7	7.721	4.793
360.8	7.721	4.796
360.9	7.722	4.797
361	7.721	4.797
361.1	7.718	4.798
361.2	7.715	4.797
361.3	7.711	4.797
361.4	7.709	4.795
361.5	7.705	4.793
361.6	7.701	4.793
361.7	7.7	4.791
361.8	7.699	4.791
361.9	7.696	4.792
362	7.692	4.795
362.1	7.689	4.796
362.2	7.686	4.798
362.3	7.681	4.8
362.4	7.679	4.803
362.5	7.678	4.803
362.6	7.676	4.802
362.7	7.674	4.802
362.8	7.673	4.802
362.9	7.672	4.803
363	7.673	4.804
363.1	7.671	4.804
363.2	7.67	4.803
363.3	7.669	4.799
363.4	7.666	4.795
363.5	7.66	4.792
363.6	7.653	4.79
363.7	7.647	4.788
363.8	7.64	4.786
363.9	7.637	4.785
364	7.637	4.787
364.1	7.639	4.792
364.2	7.64	4.796
364.3	7.644	4.798
364.4	7.649	4.8
364.5	7.651	4.8
364.6	7.65	4.803
364.7	7.647	4.805
364.8	7.646	4.808
364.9	7.647	4.81
365	7.651	4.808
365.1	7.655	4.808
365.2	7.658	4.809
365.3	7.662	4.804
365.4	7.664	4.797
365.5	7.666	4.794
365.6	7.667	4.79
365.7	7.667	4.79
365.8	7.667	4.794
365.9	7.665	4.799
366	7.661	4.805
366.1	7.657	4.809
366.2	7.655	4.811
366.3	7.653	4.811
366.4	7.65	4.813
366.5	7.646	4.817
366.6	7.641	4.822
366.7	7.631	4.827
366.8	7.618	4.832
366.9	7.608	4.835
367	7.605	4.832
367.1	7.609	4.822
367.2	7.621	4.811
367.3	7.635	4.802
367.4	7.65	4.797
367.5	7.665	4.794
367.6	7.676	4.786
367.7	7.685	4.772
367.8	7.696	4.756
367.9	7.707	4.739
368	7.715	4.723
368.1	7.722	4.71
368.2	7.733	4.696
368.3	7.737	4.688
368.4	7.737	4.686
368.5	7.731	4.683
368.6	7.724	4.684
368.7	7.72	4.69
368.8	7.719	4.697
368.9	7.72	4.698
369	7.719	4.696
369.1	7.713	4.694
369.2	7.706	4.696
369.3	7.7	4.703
369.4	7.698	4.711
369.5	7.7	4.715
369.6	7.703	4.715
369.7	7.703	4.714
369.8	7.701	4.717
369.9	7.7	4.722
370	7.7	4.725
370.1	7.694	4.726
370.2	7.681	4.729
370.3	7.662	4.737
370.4	7.644	4.753
370.5	7.636	4.771
370.6	7.629	4.785
370.7	7.625	4.796
370.8	7.624	4.805
370.9	7.621	4.806
371	7.617	4.802
371.1	7.612	4.791
371.2	7.609	4.775
371.3	7.609	4.756
371.4	7.614	4.736
371.5	7.624	4.718
371.6	7.635	4.702
371.7	7.647	4.688
371.8	7.659	4.679
371.9	7.665	4.67
372	7.669	4.661
372.1	7.672	4.656
372.2	7.672	4.652
372.3	7.669	4.652
372.4	7.664	4.651
372.5	7.657	4.652
372.6	7.652	4.654
372.7	7.649	4.657
372.8	7.648	4.66
372.9	7.646	4.667
373	7.643	4.675
373.1	7.641	4.685
373.2	7.638	4.699
373.3	7.637	4.71
373.4	7.637	4.72
373.5	7.639	4.729
373.6	7.64	4.739
373.7	7.638	4.748
373.8	7.631	4.757
373.9	7.62	4.768
374	7.606	4.783
374.1	7.589	4.8
374.2	7.568	4.813
374.3	7.554	4.818
374.4	7.546	4.818
374.5	7.544	4.813
374.6	7.547	4.799
374.7	7.551	4.78
374.8	7.553	4.759
374.9	7.558	4.737
375	7.56	4.716
375.1	7.558	4.699
375.2	7.556	4.688
375.3	7.555	4.685
375.4	7.556	4.688
375.5	7.558	4.696
375.6	7.558	4.708
375.7	7.559	4.722
375.8	7.557	4.735
375.9	7.553	4.748
376	7.548	4.758
376.1	7.542	4.767
376.2	7.537	4.773
376.3	7.53	4.777
376.4	7.525	4.778
376.5	7.521	4.779
376.6	7.518	4.779
376.7	7.517	4.78
376.8	7.518	4.782
376.9	7.522	4.785
377	7.525	4.786
377.1	7.561	4.757
377.2	7.559	4.753
377.3	7.557	4.749
377.4	7.555	4.746
377.5	7.554	4.744
377.6	7.554	4.745
377.7	7.553	4.748
377.8	7.552	4.754
377.9	7.549	4.762
378	7.546	4.773
378.1	7.542	4.784
378.2	7.536	4.793
378.3	7.53	4.807
378.4	7.53	4.816
378.5	7.534	4.817
378.6	7.542	4.81
378.7	7.549	4.797
378.8	7.556	4.778
378.9	7.562	4.756
379	7.567	4.737
379.1	7.571	4.723
379.2	7.577	4.714
379.3	7.586	4.713
379.4	7.594	4.708
379.5	7.599	4.698
379.6	7.604	4.69
379.7	7.608	4.687
379.8	7.608	4.685
379.9	7.605	4.686
380	7.6	4.689
380.1	7.596	4.694
380.2	7.595	4.696
380.3	7.597	4.695
380.4	7.599	4.696
380.5	7.597	4.701
380.6	7.583	4.705
380.7	7.567	4.71
380.8	7.557	4.713
380.9	7.547	4.71
381	7.538	4.704
381.1	7.529	4.695
381.2	7.522	4.686
381.3	7.516	4.68
381.4	7.512	4.68
381.5	7.505	4.682
381.6	7.499	4.686
381.7	7.492	4.687
381.8	7.488	4.685
381.9	7.483	4.68
382	7.479	4.673
382.1	7.479	4.665
382.2	7.481	4.656
382.3	7.483	4.647
382.4	7.492	4.641
382.5	7.504	4.639
382.6	7.516	4.639
382.7	7.529	4.641
382.8	7.539	4.642
382.9	7.548	4.645
383	7.555	4.649
383.1	7.56	4.651
383.2	7.563	4.653
383.3	7.566	4.655
383.4	7.567	4.657
383.5	7.567	4.658
383.6	7.567	4.659
383.7	7.566	4.661
383.8	7.565	4.662
383.9	7.565	4.665
384	7.566	4.668
384.1	7.566	4.671
384.2	7.567	4.672
384.3	7.567	4.672
384.4	7.566	4.672
384.5	7.566	4.671
384.6	7.564	4.671
384.7	7.563	4.671
384.8	7.561	4.671
384.9	7.56	4.67
385	7.559	4.668
385.1	7.558	4.665
385.2	7.558	4.662
385.3	7.559	4.658
385.4	7.561	4.654
385.5	7.562	4.652
385.6	7.563	4.65
385.7	7.564	4.648
385.8	7.565	4.648
385.9	7.566	4.648
386	7.568	4.648
386.1	7.569	4.65
386.2	7.57	4.652
386.3	7.571	4.655
386.4	7.571	4.658
386.5	7.571	4.661
386.6	7.571	4.663
386.7	7.572	4.664
386.8	7.572	4.665
386.9	7.571	4.667
387	7.57	4.668
387.1	7.568	4.67
387.2	7.567	4.674
387.3	7.564	4.677
387.4	7.561	4.679
387.5	7.558	4.681
387.6	7.556	4.682
387.7	7.553	4.682
387.8	7.551	4.68
387.9	7.55	4.678
388	7.549	4.675
388.1	7.549	4.673
388.2	7.55	4.672
388.3	7.551	4.671
388.4	7.552	4.669
388.5	7.553	4.666
388.6	7.554	4.662
388.7	7.554	4.658
388.8	7.554	4.655
388.9	7.555	4.651
389	7.555	4.642
389.1	7.553	4.628
389.2	7.551	4.61
389.3	7.547	4.587
389.4	7.539	4.562
389.5	7.523	4.539
389.6	7.501	4.523
389.7	7.464	4.515
389.8	7.421	4.518
389.9	7.37	4.533
390	7.312	4.557
390.1	7.257	4.586
390.2	7.205	4.612
390.3	7.156	4.629
390.4	7.109	4.638
390.5	7.058	4.633
390.6	7.007	4.61
390.7	6.954	4.573
390.8	6.899	4.53
390.9	6.841	4.493
391	6.781	4.47
391.1	6.718	4.46
391.2	6.652	4.46
391.3	6.581	4.467
391.4	6.503	4.482
391.5	6.426	4.499
391.6	6.356	4.504
391.7	6.287	4.496
391.8	6.217	4.477
391.9	6.146	4.444
392	6.081	4.4
392.1	6.015	4.352
392.2	5.951	4.316
392.3	5.885	4.293
392.4	5.822	4.278
392.5	5.757	4.264
392.6	5.695	4.255
392.7	5.637	4.25
392.8	5.579	4.247
392.9	5.53	4.246
393	5.486	4.242
393.1	5.454	4.234
393.2	5.432	4.222
393.3	5.421	4.206
393.4	5.42	4.19
393.5	5.423	4.173
393.6	5.43	4.155
393.7	5.438	4.139
393.8	5.446	4.128
393.9	5.453	4.123
394	5.454	4.12
394.1	5.451	4.12
394.2	5.444	4.121
394.3	5.436	4.124
394.4	5.429	4.127
394.5	5.421	4.131
394.6	5.415	4.136
394.7	5.407	4.142
394.8	5.4	4.148
394.9	5.39	4.154
395	5.376	4.159
395.1	5.36	4.162
395.2	5.343	4.158
395.3	5.327	4.141
395.4	5.313	4.11
395.5	5.302	4.065
395.6	5.294	4.008
395.7	5.282	3.948
395.8	5.264	3.895
395.9	5.234	3.848
396	5.193	3.807
396.1	5.14	3.774
396.2	5.081	3.748
396.3	5.018	3.72
396.4	4.964	3.681
396.5	4.926	3.627
396.6	4.9	3.56
396.7	4.888	3.486
396.8	4.892	3.408
396.9	4.905	3.326
397	4.913	3.253
397.1	4.908	3.176
397.2	4.897	3.108
397.3	4.881	3.037
397.4	4.858	2.966
397.5	4.831	2.892
397.6	4.806	2.819
397.7	4.799	2.756
397.8	4.81	2.682
397.9	4.831	2.626
398	4.865	2.563
398.1	4.917	2.502
398.2	4.971	2.449
398.3	5.019	2.396
398.4	5.052	2.342
398.5	5.074	2.289
398.6	5.091	2.233
398.7	5.099	2.176
398.8	5.098	2.116
398.9	5.095	2.056
399	5.095	2.002
399.1	5.104	1.952
399.2	5.118	1.914
399.3	5.139	1.883
399.4	5.164	1.864
399.5	5.191	1.865
399.6	5.219	1.873
399.7	5.249	1.878
399.8	5.276	1.883
399.9	5.294	1.888
400	5.305	1.887
400.1	5.315	1.879
400.2	5.315	1.863
400.3	5.314	1.838
400.4	5.319	1.811
400.5	5.319	1.786
400.6	5.319	1.764
400.7	5.319	1.745
400.8	5.315	1.733
400.9	5.307	1.728
401	5.298	1.727
401.1	5.291	1.73
401.2	5.285	1.736
401.3	5.282	1.74
401.4	5.284	1.741
401.5	5.287	1.739
401.6	5.292	1.738
401.7	5.295	1.737
401.8	5.298	1.735
401.9	5.299	1.733
402	5.299	1.731
402.1	5.301	1.731
402.2	5.301	1.73
402.3	5.299	1.73
402.4	5.294	1.731
402.5	5.289	1.732
402.6	5.283	1.733
402.7	5.278	1.734
402.8	5.274	1.735
402.9	5.27	1.737
403	5.266	1.737
403.1	5.264	1.737
403.2	5.261	1.736
403.3	5.26	1.733
403.4	5.258	1.731
403.5	5.257	1.728
403.6	5.257	1.726
403.7	5.257	1.726
403.8	5.257	1.727
403.9	5.259	1.729
404	5.261	1.73
404.1	5.265	1.732
404.2	5.268	1.733
404.3	5.27	1.733
404.4	5.271	1.732
404.5	5.272	1.729
404.6	5.273	1.725
404.7	5.273	1.722
404.8	5.272	1.719
404.9	5.27	1.716
405	5.268	1.714
405.1	5.266	1.713
405.2	5.265	1.712
405.3	5.263	1.709
405.4	5.261	1.704
405.5	5.259	1.7
405.6	5.257	1.696
405.7	5.256	1.691
405.8	5.255	1.685
405.9	5.252	1.681
406	5.251	1.681
406.1	5.249	1.685
406.2	5.249	1.695
406.3	5.249	1.706
406.4	5.251	1.718
406.5	5.257	1.733
406.6	5.263	1.748
406.7	5.27	1.764
406.8	5.275	1.782
406.9	5.276	1.799
407	5.275	1.816
407.1	5.276	1.83
407.2	5.277	1.841
407.3	5.279	1.844
407.4	5.281	1.843
407.5	5.283	1.842
407.6	5.285	1.841
407.7	5.282	1.836
407.8	5.265	1.824
407.9	5.234	1.813
408	5.198	1.806
408.1	5.16	1.801
408.2	5.123	1.795
408.3	5.09	1.789
408.4	5.059	1.783
408.5	5.035	1.78
408.6	5.018	1.784
408.7	5.002	1.79
408.8	4.99	1.795
408.9	4.975	1.798
409	4.966	1.8
409.1	4.959	1.802
409.2	4.954	1.802
409.3	4.955	1.799
409.4	4.96	1.793
409.5	4.97	1.787
409.6	4.985	1.778
409.7	5.006	1.768
409.8	5.031	1.759
409.9	5.054	1.753
410	5.077	1.749
410.1	5.104	1.748
410.2	5.133	1.751
410.3	5.164	1.758
410.4	5.196	1.769
410.5	5.226	1.785
410.6	5.255	1.804
410.7	5.282	1.824
410.8	5.306	1.845
410.9	5.328	1.864
411	5.346	1.879
411.1	5.359	1.882
411.2	5.369	1.871
411.3	5.378	1.852
411.4	5.38	1.831
411.5	5.381	1.809
411.6	5.382	1.793
411.7	5.382	1.784
411.8	5.383	1.778
411.9	5.383	1.769
412	5.383	1.759
412.1	5.382	1.749
412.2	5.378	1.742
412.3	5.373	1.737
412.4	5.369	1.735
412.5	5.366	1.735
412.6	5.365	1.734
412.7	5.365	1.733
412.8	5.366	1.733
412.9	5.366	1.732
413	5.366	1.733
413.1	5.366	1.734
413.2	5.372	1.743
413.3	5.372	1.746
413.4	5.371	1.75
413.5	5.369	1.752
413.6	5.366	1.755
413.7	5.362	1.756
413.8	5.358	1.758
413.9	5.354	1.761
414	5.351	1.765
414.1	5.349	1.77
414.2	5.348	1.775
414.3	5.349	1.78
414.4	5.35	1.784
414.5	5.351	1.786
414.6	5.352	1.787
414.7	5.353	1.787
414.8	5.354	1.787
414.9	5.355	1.786
415	5.357	1.786
415.1	5.358	1.785
415.2	5.358	1.785
415.3	5.358	1.785
415.4	5.357	1.785
415.5	5.355	1.785
415.6	5.354	1.785
415.7	5.353	1.785
415.8	5.353	1.786
415.9	5.352	1.787
