Time	Velocity
0	0
0.1	0.03
0.2	0.12
0.3	0.29
0.4	0.48
0.5	0.7
0.6	0.92
0.7	1.11
0.8	1.26
0.9	1.36
1	1.4
1.1	1.4
1.2	1.4
1.3	1.4
1.4	1.38
1.5	1.31
1.6	1.17
1.7	0.99
1.8	0.77
1.9	0.55
2	0.35
2.1	0.18
2.2	0.06
0	0
0.1	-0.08
0.2	-0.31
0.3	-0.53
0.4	-0.59
0.5	-0.45
0	0
0.1	-0.1
0.2	-0.31
0.3	-0.55
0.4	-0.59
0.5	-0.45
0	0
0.1	-0.1
0.2	-0.34
0.3	-0.55
0.4	-0.59
0	0
0.1	-0.1
0.2	-0.34
0.3	-0.53
0.4	-0.6
0.5	-0.6
0.6	-0.55
0.7	-0.35
0	0
0.1	-0.1
0.2	-0.34
0.3	-0.53
0.4	-0.6
0.5	-0.6
0.6	-0.55
0.7	-0.34
0.8	-0.11
