Time	Velocity
0	0
0.1	0.03
0.2	0.13
0.3	0.29
0.4	0.48
0.5	0.7
0.6	0.91
0.7	1.11
0.8	1.26
0.9	1.36
1	1.4
1.1	1.4
1.2	1.4
1.3	1.4
1.4	1.39
1.5	1.33
1.6	1.2
1.7	1.03
1.8	0.82
1.9	0.6
2	0.39
2.1	0.21
2.2	0.08
2.3	0.01
0	0
0.1	-0.74
0.2	-1.34
0	0
0.1	-0.87
0.2	-1.27
0	0
0.1	-0.74
0.2	-1.34
0	0
0.1	-0.74
0.2	-1.34
0	0
0.1	-0.88
0.2	-1.27
0	0
0.1	-0.88
0.2	-1.28
0	0
0.1	-0.74
0.2	-1.34
0	0
0.1	-0.74
0.2	-1.34
0	0
0.1	-0.74
0.2	-1.34
0	0
0.1	-0.74
0.2	-1.34
0	0
0.1	-0.75
0.2	-1.27
0	0
0.1	-0.74
0.2	-1.38
0	0
0.1	-0.87
0.2	-1.27
0	0
0.1	-0.74
0.2	-1.35
0	0
0.1	-0.88
0.2	-1.28
0	0
0.1	-0.87
0.2	-1.34
0	0
0.1	-0.74
0.2	-1.34
0	0
0.1	-0.87
0.2	-1.28
0	0
0.1	-0.74
0.2	-1.34
0	0
0.1	-0.75
0.2	-1.2
0	0
0.1	-0.63
0.2	-1.2
0	0
0.1	-0.75
0.2	-1.2
0	0
0.1	-0.43
0.2	-0.8
0.3	-0.8
0	0
0.1	-0.18
0.2	-0.3
0.3	-0.3
0.4	-0.3
0.5	-0.3
0.6	-0.3
0.7	-0.3
0.8	-0.3
0	0
0.1	-0.05
0.2	-0.1
0.3	-0.1
0.4	-0.1
0.5	-0.1
0.6	-0.1
0.7	-0.1
0.8	-0.1
0.9	-0.1
1	-0.1
1.1	-0.1
1.2	-0.1
1.3	-0.1
1.4	-0.1
1.5	-0.1
1.6	-0.1
1.7	-0.1
1.8	-0.1
1.9	-0.1
2	-0.1
2.1	-0.1
2.2	-0.1
0	0
0.1	-0.56
0.2	-0.9
0.3	-0.82
0	0
0.1	-0.88
0.2	-1.35
0	0
0.1	-1.69
0	0
0.1	-1.68
0	0
0.1	-1.39
0.2	-1.05
0	0
0.1	-0.84
0.2	-1
0	0
0.1	-0.51
0.2	-0.6
0.3	-0.6
0.4	-0.6
0	0
0.1	-0.55
0.2	-0.59
0.3	-0.59
0.4	-0.59
0	0
0.1	-0.5
0.2	-0.6
0.3	-0.6
0.4	-0.6
0	0
0.1	-0.5
0.2	-0.6
0.3	-0.6
0.4	-0.6
0	0
0.1	-0.51
0.2	-0.6
0.3	-0.6
0.4	-0.6
0	0
0.1	-0.51
0.2	-0.6
0.3	-0.6
0.4	-0.6
0	0
0.1	-0.56
0.2	-0.6
0.3	-0.6
0.4	-0.6
0	0
0.1	-0.42
0.2	-0.5
0.3	-0.5
0.4	-0.5
