Time	Velocity
0	0
0.1	0.03
0.2	0.13
0.3	0.29
0.4	0.48
0.5	0.7
0.6	0.91
0.7	1.11
0.8	1.26
0.9	1.36
1	1.4
1.1	1.4
1.2	1.4
1.3	1.4
1.4	1.4
1.5	1.35
1.6	1.24
1.7	1.07
1.8	0.87
1.9	0.65
2	0.44
2.1	0.25
2.2	0.11
2.3	0.02
0	0
0.1	-0.45
0.2	-1.28
0.3	-1.21
0	0
0.1	-0.54
0.2	-1.33
0.3	-1.14
0	0
0.1	-0.45
0.2	-1.28
0.3	-1.22
0	0
0.1	-0.46
0.2	-1.14
0.3	-1.17
0	0
0.1	-0.38
0.2	-1.14
0.3	-1.19
0	0
0.1	-0.38
0.2	-1.1
0.3	-1.18
0	0
0.1	-0.39
0.2	-0.91
0.3	-1
0.4	-0.81
0	0
0.1	-0.38
0.2	-1.09
0.3	-1.19
0	0
0.1	-0.44
0.2	-1.28
0.3	-1.22
0	0
0.1	-0.77
0.2	-1.58
0.3	-0.83
0	0
0.1	-0.77
0.2	-1.6
0.3	-0.97
0	0
0.1	-0.87
0.2	-1.78
0	0
0.1	-0.88
0.2	-1.78
0	0
0.1	-1.33
0.2	-1.8
0	0
0.1	-1.21
0.2	-1.78
0	0
0.1	-1.07
0.2	-1.6
0.3	-0.69
0	0
0.1	-1.07
0.2	-1.6
0.3	-0.53
