Time	X	Z
0	7.734	2.409
0.1	7.734	2.409
0.2	7.734	2.409
0.3	7.734	2.409
0.4	7.734	2.409
0.5	7.734	2.409
0.6	7.734	2.409
0.7	7.734	2.409
0.8	7.734	2.41
0.9	7.734	2.409
1	7.734	2.41
1.1	7.734	2.409
1.2	7.734	2.409
1.3	7.734	2.409
1.4	7.734	2.409
1.5	7.734	2.409
1.6	7.734	2.409
1.7	7.734	2.409
1.8	7.734	2.409
1.9	7.734	2.409
2	7.734	2.409
2.1	7.734	2.409
2.2	7.734	2.409
2.3	7.734	2.409
2.4	7.734	2.409
2.5	7.734	2.409
2.6	7.734	2.41
2.7	7.734	2.409
2.8	7.734	2.409
2.9	7.734	2.409
3	7.734	2.409
3.1	7.734	2.409
3.2	7.734	2.409
3.3	7.734	2.41
3.4	7.734	2.41
3.5	7.734	2.41
3.6	7.734	2.41
3.7	7.734	2.409
3.8	7.734	2.409
3.9	7.734	2.409
4	7.734	2.409
4.1	7.734	2.409
4.2	7.734	2.409
4.3	7.734	2.409
4.4	7.734	2.409
4.5	7.734	2.409
4.6	7.734	2.41
4.7	7.734	2.41
4.8	7.734	2.41
4.9	7.734	2.409
5	7.734	2.41
5.1	7.734	2.409
5.2	7.734	2.409
5.3	7.734	2.409
5.4	7.734	2.409
5.5	7.734	2.409
5.6	7.734	2.41
5.7	7.734	2.409
5.8	7.734	2.409
5.9	7.734	2.409
6	7.734	2.409
6.1	7.734	2.409
6.2	7.734	2.409
6.3	7.734	2.409
6.4	7.734	2.409
6.5	7.734	2.409
6.6	7.734	2.409
6.7	7.734	2.409
6.8	7.734	2.409
6.9	7.734	2.409
7	7.734	2.409
7.1	7.734	2.409
7.2	7.734	2.409
7.3	7.734	2.409
7.4	7.734	2.409
7.5	7.734	2.409
7.6	7.734	2.409
7.7	7.734	2.409
7.8	7.734	2.409
7.9	7.734	2.409
8	7.734	2.409
8.1	7.734	2.409
8.2	7.734	2.409
8.3	7.734	2.409
8.4	7.734	2.409
8.5	7.734	2.409
8.6	7.734	2.409
8.7	7.734	2.409
8.8	7.734	2.409
8.9	7.734	2.409
9	7.734	2.409
9.1	7.734	2.409
9.2	7.734	2.409
9.3	7.734	2.409
9.4	7.734	2.409
9.5	7.734	2.409
9.6	7.734	2.409
9.7	7.734	2.409
9.8	7.734	2.409
9.9	7.734	2.41
10	7.734	2.409
10.1	7.734	2.409
10.2	7.734	2.409
10.3	7.734	2.409
10.4	7.734	2.409
10.5	7.734	2.409
10.6	7.734	2.409
10.7	7.734	2.409
10.8	7.734	2.409
10.9	7.734	2.409
11	7.734	2.409
11.1	7.734	2.409
11.2	7.734	2.409
11.3	7.734	2.409
11.4	7.734	2.409
11.5	7.734	2.409
11.6	7.734	2.409
11.7	7.734	2.409
11.8	7.734	2.409
11.9	7.734	2.409
12	7.734	2.409
12.1	7.734	2.409
12.2	7.734	2.409
12.3	7.734	2.409
12.4	7.734	2.409
12.5	7.734	2.409
12.6	7.734	2.409
12.7	7.734	2.409
12.8	7.734	2.409
12.9	7.734	2.409
13	7.734	2.409
13.1	7.734	2.409
13.2	7.734	2.409
13.3	7.734	2.409
13.4	7.734	2.409
13.5	7.734	2.409
13.6	7.734	2.409
13.7	7.734	2.409
13.8	7.734	2.409
13.9	7.734	2.409
14	7.734	2.409
14.1	7.734	2.409
14.2	7.734	2.409
14.3	7.734	2.409
14.4	7.734	2.41
14.5	7.734	2.409
14.6	7.734	2.409
14.7	7.734	2.409
14.8	7.734	2.409
14.9	7.734	2.409
15	7.734	2.409
15.1	7.734	2.409
15.2	7.734	2.409
15.3	7.734	2.409
15.4	7.734	2.409
15.5	7.734	2.409
15.6	7.734	2.409
15.7	7.734	2.409
15.8	7.734	2.409
15.9	7.734	2.409
16	7.734	2.409
16.1	7.734	2.409
16.2	7.734	2.409
16.3	7.734	2.409
16.4	7.734	2.409
16.5	7.734	2.41
16.6	7.734	2.409
16.7	7.734	2.409
16.8	7.734	2.409
16.9	7.734	2.409
17	7.734	2.41
17.1	7.734	2.41
17.2	7.734	2.409
17.3	7.734	2.409
17.4	7.734	2.409
17.5	7.734	2.409
17.6	7.734	2.409
17.7	7.734	2.409
17.8	7.734	2.409
17.9	7.734	2.409
18	7.734	2.409
18.1	7.734	2.409
18.2	7.733	2.409
18.3	7.734	2.409
18.4	7.733	2.409
18.5	7.733	2.409
18.6	7.734	2.409
18.7	7.734	2.409
18.8	7.734	2.409
18.9	7.733	2.409
19	7.734	2.409
19.1	7.733	2.409
19.2	7.733	2.409
19.3	7.734	2.409
19.4	7.734	2.409
19.5	7.733	2.409
19.6	7.734	2.409
19.7	7.734	2.409
19.8	7.734	2.41
19.9	7.734	2.409
20	7.733	2.409
20.1	7.733	2.409
20.2	7.734	2.409
20.3	7.734	2.409
20.4	7.733	2.409
20.5	7.734	2.409
20.6	7.734	2.409
20.7	7.733	2.409
20.8	7.733	2.409
20.9	7.733	2.409
21	7.733	2.409
21.1	7.734	2.409
21.2	7.733	2.409
21.3	7.733	2.409
21.4	7.733	2.409
21.5	7.733	2.409
21.6	7.733	2.409
21.7	7.733	2.409
21.8	7.734	2.409
21.9	7.733	2.41
22	7.733	2.409
22.1	7.734	2.409
22.2	7.734	2.409
22.3	7.733	2.409
22.4	7.733	2.409
22.5	7.733	2.409
22.6	7.733	2.409
22.7	7.733	2.409
22.8	7.733	2.409
22.9	7.733	2.409
23	7.733	2.409
23.1	7.733	2.409
23.2	7.733	2.41
23.3	7.733	2.409
23.4	7.733	2.409
23.5	7.733	2.409
23.6	7.733	2.409
23.7	7.733	2.409
23.8	7.733	2.409
23.9	7.733	2.409
24	7.733	2.409
24.1	7.733	2.41
24.2	7.733	2.41
24.3	7.733	2.409
24.4	7.733	2.409
24.5	7.733	2.409
24.6	7.733	2.409
24.7	7.733	2.409
24.8	7.734	2.409
24.9	7.734	2.409
25	7.733	2.409
25.1	7.733	2.409
25.2	7.733	2.409
25.3	7.733	2.409
25.4	7.733	2.409
25.5	7.733	2.409
25.6	7.733	2.409
25.7	7.734	2.409
25.8	7.733	2.409
25.9	7.733	2.409
26	7.733	2.409
26.1	7.733	2.409
26.2	7.733	2.409
26.3	7.733	2.409
26.4	7.734	2.409
26.5	7.733	2.409
26.6	7.733	2.409
26.7	7.733	2.409
26.8	7.733	2.409
26.9	7.733	2.409
27	7.733	2.409
27.1	7.733	2.409
27.2	7.733	2.409
27.3	7.733	2.409
27.4	7.733	2.409
27.5	7.733	2.409
27.6	7.733	2.409
27.7	7.733	2.409
27.8	7.733	2.409
27.9	7.733	2.409
28	7.733	2.409
28.1	7.733	2.409
28.2	7.733	2.409
28.3	7.733	2.409
28.4	7.733	2.409
28.5	7.733	2.409
28.6	7.733	2.409
28.7	7.733	2.409
28.8	7.733	2.409
28.9	7.733	2.409
29	7.733	2.409
29.1	7.733	2.409
29.2	7.733	2.409
29.3	7.733	2.409
29.4	7.733	2.409
29.5	7.733	2.409
29.6	7.733	2.409
29.7	7.734	2.409
29.8	7.734	2.409
29.9	7.733	2.41
30	7.733	2.409
30.1	7.733	2.409
30.2	7.733	2.409
30.3	7.733	2.409
30.4	7.733	2.409
30.5	7.733	2.409
30.6	7.733	2.409
30.7	7.733	2.409
30.8	7.733	2.409
30.9	7.733	2.409
31	7.733	2.409
31.1	7.733	2.409
31.2	7.733	2.409
31.3	7.733	2.409
31.4	7.733	2.409
31.5	7.734	2.409
31.6	7.734	2.409
31.7	7.733	2.409
31.8	7.733	2.409
31.9	7.733	2.409
32	7.733	2.409
32.1	7.733	2.409
32.2	7.733	2.409
32.3	7.733	2.409
32.4	7.733	2.409
32.5	7.733	2.409
32.6	7.733	2.409
32.7	7.733	2.409
32.8	7.733	2.409
32.9	7.733	2.409
33	7.733	2.409
33.1	7.733	2.409
33.2	7.733	2.409
33.3	7.733	2.409
33.4	7.733	2.409
33.5	7.733	2.409
33.6	7.733	2.409
33.7	7.733	2.409
33.8	7.733	2.409
33.9	7.733	2.409
34	7.733	2.409
34.1	7.733	2.409
34.2	7.733	2.409
34.3	7.733	2.409
34.4	7.734	2.409
34.5	7.734	2.409
34.6	7.733	2.409
34.7	7.734	2.409
34.8	7.733	2.409
34.9	7.734	2.409
35	7.734	2.409
35.1	7.734	2.409
35.2	7.733	2.409
35.3	7.733	2.409
35.4	7.733	2.409
35.5	7.733	2.409
35.6	7.733	2.409
35.7	7.733	2.409
35.8	7.733	2.409
35.9	7.733	2.409
36	7.733	2.409
36.1	7.733	2.409
36.2	7.733	2.409
36.3	7.733	2.409
36.4	7.733	2.409
36.5	7.733	2.409
36.6	7.734	2.409
36.7	7.733	2.409
36.8	7.733	2.409
36.9	7.733	2.409
37	7.733	2.409
37.1	7.733	2.409
37.2	7.733	2.409
37.3	7.733	2.409
37.4	7.733	2.409
37.5	7.733	2.409
37.6	7.733	2.409
37.7	7.733	2.409
37.8	7.733	2.409
37.9	7.733	2.409
38	7.733	2.409
38.1	7.733	2.409
38.2	7.733	2.409
38.3	7.733	2.409
38.4	7.733	2.409
38.5	7.733	2.409
38.6	7.733	2.409
38.7	7.732	2.409
38.8	7.732	2.409
38.9	7.732	2.409
39	7.732	2.409
39.1	7.733	2.409
39.2	7.733	2.409
39.3	7.734	2.409
39.4	7.733	2.409
39.5	7.733	2.409
39.6	7.733	2.409
39.7	7.733	2.409
39.8	7.733	2.409
39.9	7.733	2.409
40	7.733	2.409
40.1	7.733	2.409
40.2	7.733	2.409
40.3	7.733	2.409
40.4	7.733	2.409
40.5	7.733	2.409
40.6	7.733	2.409
40.7	7.733	2.409
40.8	7.733	2.409
40.9	7.733	2.409
41	7.733	2.409
41.1	7.733	2.409
41.2	7.733	2.409
41.3	7.732	2.409
41.4	7.733	2.409
41.5	7.733	2.409
41.6	7.733	2.409
41.7	7.733	2.409
41.8	7.733	2.409
41.9	7.733	2.409
42	7.733	2.409
42.1	7.733	2.409
42.2	7.733	2.409
42.3	7.733	2.409
42.4	7.733	2.409
42.5	7.733	2.409
42.6	7.733	2.409
42.7	7.733	2.409
42.8	7.733	2.409
42.9	7.733	2.409
43	7.733	2.409
43.1	7.733	2.409
43.2	7.733	2.409
43.3	7.733	2.409
43.4	7.733	2.409
43.5	7.733	2.409
43.6	7.733	2.409
43.7	7.733	2.409
43.8	7.733	2.41
43.9	7.733	2.409
44	7.734	2.409
44.1	7.734	2.41
44.2	7.734	2.409
44.3	7.734	2.41
44.4	7.734	2.409
44.5	7.734	2.41
44.6	7.734	2.409
44.7	7.734	2.409
44.8	7.734	2.409
44.9	7.734	2.409
45	7.734	2.409
45.1	7.734	2.409
45.2	7.734	2.409
45.3	7.734	2.409
45.4	7.734	2.409
45.5	7.734	2.409
45.6	7.734	2.409
45.7	7.734	2.409
45.8	7.734	2.409
45.9	7.734	2.409
46	7.734	2.409
46.1	7.734	2.409
46.2	7.734	2.409
46.3	7.734	2.409
46.4	7.734	2.409
46.5	7.734	2.409
46.6	7.734	2.409
46.7	7.734	2.41
46.8	7.734	2.409
46.9	7.734	2.409
47	7.734	2.409
47.1	7.734	2.409
47.2	7.734	2.409
47.3	7.734	2.409
47.4	7.734	2.409
47.5	7.734	2.409
47.6	7.734	2.409
47.7	7.734	2.409
47.8	7.734	2.409
47.9	7.734	2.409
48	7.734	2.409
48.1	7.734	2.409
48.2	7.734	2.409
48.3	7.734	2.409
48.4	7.734	2.409
48.5	7.734	2.409
48.6	7.734	2.409
48.7	7.734	2.409
48.8	7.734	2.409
48.9	7.734	2.409
49	7.733	2.409
49.1	7.733	2.409
49.2	7.733	2.409
49.3	7.734	2.409
49.4	7.734	2.409
49.5	7.733	2.409
49.6	7.733	2.409
49.7	7.733	2.409
49.8	7.733	2.409
49.9	7.733	2.409
50	7.733	2.409
50.1	7.733	2.409
50.2	7.733	2.409
50.3	7.733	2.409
50.4	7.733	2.409
50.5	7.733	2.409
50.6	7.733	2.409
50.7	7.733	2.409
50.8	7.733	2.409
50.9	7.733	2.409
51	7.733	2.409
51.1	7.733	2.409
51.2	7.733	2.409
51.3	7.733	2.409
51.4	7.733	2.409
51.5	7.733	2.409
51.6	7.733	2.409
51.7	7.733	2.409
51.8	7.733	2.409
51.9	7.733	2.409
52	7.733	2.409
52.1	7.733	2.409
52.2	7.733	2.409
52.3	7.733	2.409
52.4	7.733	2.409
52.5	7.733	2.409
52.6	7.733	2.409
52.7	7.733	2.409
52.8	7.733	2.409
52.9	7.732	2.409
53	7.732	2.409
53.1	7.733	2.409
53.2	7.733	2.409
53.3	7.733	2.409
53.4	7.733	2.409
53.5	7.733	2.409
53.6	7.732	2.409
53.7	7.732	2.409
53.8	7.733	2.409
53.9	7.732	2.409
54	7.732	2.409
54.1	7.732	2.409
54.2	7.733	2.409
54.3	7.732	2.409
54.4	7.732	2.409
54.5	7.732	2.409
54.6	7.733	2.409
54.7	7.733	2.409
54.8	7.733	2.409
54.9	7.733	2.409
55	7.733	2.409
55.1	7.732	2.409
55.2	7.732	2.409
55.3	7.732	2.409
55.4	7.733	2.409
55.5	7.733	2.409
55.6	7.732	2.409
55.7	7.732	2.409
55.8	7.732	2.409
55.9	7.732	2.409
56	7.733	2.409
56.1	7.733	2.409
56.2	7.733	2.409
56.3	7.733	2.409
56.4	7.733	2.409
56.5	7.733	2.409
56.6	7.733	2.409
56.7	7.733	2.409
56.8	7.732	2.409
56.9	7.732	2.409
57	7.733	2.409
57.1	7.733	2.409
57.2	7.732	2.409
57.3	7.733	2.409
57.4	7.733	2.409
57.5	7.733	2.409
57.6	7.733	2.409
57.7	7.733	2.409
57.8	7.733	2.409
57.9	7.733	2.409
58	7.733	2.409
58.1	7.733	2.409
58.2	7.733	2.409
58.3	7.733	2.409
58.4	7.733	2.409
58.5	7.733	2.409
58.6	7.732	2.409
58.7	7.733	2.409
58.8	7.733	2.409
58.9	7.733	2.409
59	7.733	2.409
59.1	7.733	2.409
59.2	7.733	2.409
59.3	7.733	2.409
59.4	7.732	2.409
59.5	7.733	2.409
59.6	7.732	2.409
59.7	7.733	2.409
59.8	7.733	2.409
59.9	7.733	2.409
60	7.733	2.409
60.1	7.733	2.409
60.2	7.733	2.409
60.3	7.732	2.409
60.4	7.733	2.409
60.5	7.733	2.409
60.6	7.733	2.409
60.7	7.733	2.409
60.8	7.733	2.409
60.9	7.733	2.409
61	7.733	2.409
61.1	7.733	2.409
61.2	7.732	2.409
61.3	7.733	2.409
61.4	7.732	2.409
61.5	7.733	2.409
61.6	7.733	2.409
61.7	7.733	2.409
61.8	7.733	2.409
61.9	7.733	2.409
62	7.733	2.409
62.1	7.733	2.409
62.2	7.733	2.409
62.3	7.733	2.409
62.4	7.733	2.409
62.5	7.733	2.409
62.6	7.733	2.409
62.7	7.733	2.409
62.8	7.733	2.409
62.9	7.733	2.409
63	7.733	2.409
63.1	7.733	2.409
63.2	7.733	2.409
63.3	7.733	2.409
63.4	7.733	2.409
63.5	7.733	2.409
63.6	7.733	2.409
63.7	7.734	2.409
63.8	7.734	2.409
63.9	7.734	2.409
64	7.734	2.409
64.1	7.733	2.409
64.2	7.734	2.409
64.3	7.733	2.409
64.4	7.733	2.409
64.5	7.733	2.409
64.6	7.733	2.409
64.7	7.733	2.409
64.8	7.733	2.409
64.9	7.733	2.409
65	7.733	2.409
65.1	7.733	2.409
65.2	7.733	2.409
65.3	7.733	2.409
65.4	7.733	2.409
65.5	7.733	2.409
65.6	7.733	2.409
65.7	7.733	2.409
65.8	7.733	2.409
65.9	7.733	2.409
66	7.733	2.409
66.1	7.733	2.409
66.2	7.733	2.409
66.3	7.733	2.409
66.4	7.733	2.409
66.5	7.733	2.409
66.6	7.733	2.409
66.7	7.733	2.409
66.8	7.733	2.409
66.9	7.733	2.409
67	7.732	2.409
67.1	7.733	2.409
67.2	7.733	2.409
67.3	7.733	2.409
67.4	7.733	2.409
67.5	7.733	2.409
67.6	7.733	2.409
67.7	7.733	2.409
67.8	7.733	2.409
67.9	7.733	2.409
68	7.733	2.409
68.1	7.733	2.409
68.2	7.733	2.409
68.3	7.733	2.409
68.4	7.733	2.409
68.5	7.734	2.409
68.6	7.733	2.409
68.7	7.734	2.409
68.8	7.733	2.409
68.9	7.733	2.409
69	7.733	2.409
69.1	7.733	2.409
69.2	7.733	2.409
69.3	7.733	2.409
69.4	7.733	2.409
69.5	7.734	2.409
69.6	7.734	2.409
69.7	7.733	2.409
69.8	7.734	2.409
69.9	7.734	2.409
70	7.734	2.409
70.1	7.734	2.409
70.2	7.734	2.409
70.3	7.734	2.409
70.4	7.734	2.409
70.5	7.734	2.409
70.6	7.734	2.409
70.7	7.734	2.409
70.8	7.734	2.409
70.9	7.734	2.409
71	7.733	2.409
71.1	7.734	2.409
71.2	7.734	2.409
71.3	7.734	2.409
71.4	7.734	2.409
71.5	7.734	2.409
71.6	7.734	2.409
71.7	7.734	2.409
71.8	7.734	2.409
71.9	7.734	2.409
72	7.734	2.409
72.1	7.734	2.409
72.2	7.734	2.409
72.3	7.734	2.409
72.4	7.734	2.409
72.5	7.734	2.409
72.6	7.734	2.409
72.7	7.733	2.409
72.8	7.734	2.409
72.9	7.734	2.41
73	7.734	2.41
73.1	7.733	2.409
73.2	7.733	2.41
73.3	7.733	2.409
73.4	7.733	2.41
73.5	7.734	2.41
73.6	7.734	2.409
73.7	7.734	2.41
73.8	7.734	2.409
73.9	7.734	2.41
74	7.734	2.41
74.1	7.734	2.409
74.2	7.734	2.41
74.3	7.734	2.409
74.4	7.733	2.41
74.5	7.734	2.409
74.6	7.734	2.41
74.7	7.734	2.409
74.8	7.734	2.41
74.9	7.734	2.409
75	7.734	2.41
75.1	7.733	2.409
75.2	7.733	2.41
75.3	7.733	2.409
75.4	7.733	2.41
75.5	7.734	2.41
75.6	7.733	2.41
75.7	7.734	2.41
75.8	7.733	2.409
75.9	7.733	2.41
76	7.734	2.409
76.1	7.734	2.41
76.2	7.734	2.409
76.3	7.733	2.41
76.4	7.734	2.409
76.5	7.733	2.409
76.6	7.734	2.409
76.7	7.734	2.409
76.8	7.734	2.41
76.9	7.734	2.409
77	7.734	2.409
77.1	7.734	2.409
77.2	7.734	2.409
77.3	7.734	2.409
77.4	7.734	2.409
77.5	7.734	2.409
77.6	7.734	2.409
77.7	7.733	2.409
77.8	7.734	2.409
77.9	7.734	2.41
78	7.734	2.409
78.1	7.734	2.409
78.2	7.734	2.409
78.3	7.734	2.409
78.4	7.734	2.409
78.5	7.734	2.409
78.6	7.734	2.409
78.7	7.734	2.409
78.8	7.734	2.409
78.9	7.733	2.409
79	7.733	2.409
79.1	7.734	2.409
79.2	7.734	2.409
79.3	7.734	2.409
79.4	7.734	2.409
79.5	7.734	2.409
79.6	7.734	2.409
79.7	7.734	2.409
79.8	7.733	2.409
79.9	7.734	2.409
80	7.734	2.409
80.1	7.734	2.409
80.2	7.734	2.409
80.3	7.733	2.409
80.4	7.734	2.409
80.5	7.734	2.409
80.6	7.733	2.409
80.7	7.733	2.409
80.8	7.734	2.409
80.9	7.734	2.409
81	7.734	2.409
81.1	7.733	2.409
81.2	7.734	2.409
81.3	7.734	2.409
81.4	7.734	2.409
81.5	7.733	2.409
81.6	7.734	2.409
81.7	7.733	2.409
81.8	7.734	2.409
81.9	7.734	2.409
82	7.734	2.409
82.1	7.734	2.409
82.2	7.734	2.409
82.3	7.734	2.409
82.4	7.734	2.409
82.5	7.734	2.409
82.6	7.734	2.409
82.7	7.734	2.409
82.8	7.733	2.409
82.9	7.734	2.409
83	7.734	2.409
83.1	7.734	2.409
83.2	7.734	2.409
83.3	7.734	2.409
83.4	7.734	2.409
83.5	7.734	2.409
83.6	7.734	2.409
83.7	7.734	2.409
83.8	7.734	2.409
83.9	7.734	2.409
84	7.734	2.409
84.1	7.734	2.409
84.2	7.734	2.409
84.3	7.734	2.41
84.4	7.734	2.41
84.5	7.734	2.409
84.6	7.734	2.409
84.7	7.734	2.409
84.8	7.734	2.409
84.9	7.734	2.409
85	7.734	2.409
85.1	7.734	2.409
85.2	7.734	2.409
85.3	7.734	2.409
85.4	7.734	2.409
85.5	7.734	2.409
85.6	7.734	2.41
85.7	7.734	2.409
85.8	7.734	2.409
85.9	7.733	2.409
86	7.734	2.409
86.1	7.734	2.409
86.2	7.734	2.409
86.3	7.734	2.409
86.4	7.734	2.409
86.5	7.734	2.409
86.6	7.734	2.409
86.7	7.734	2.409
86.8	7.734	2.409
86.9	7.734	2.41
87	7.734	2.41
87.1	7.734	2.409
87.2	7.734	2.409
87.3	7.734	2.409
87.4	7.734	2.409
87.5	7.734	2.409
87.6	7.734	2.409
87.7	7.734	2.409
87.8	7.734	2.409
87.9	7.734	2.409
88	7.734	2.41
88.1	7.734	2.409
88.2	7.734	2.409
88.3	7.734	2.409
88.4	7.734	2.409
88.5	7.734	2.409
88.6	7.734	2.409
88.7	7.734	2.41
88.8	7.734	2.409
88.9	7.734	2.409
89	7.734	2.409
89.1	7.734	2.409
89.2	7.733	2.409
89.3	7.73	2.41
89.4	7.728	2.41
89.5	7.725	2.41
89.6	7.722	2.406
89.7	7.719	2.405
89.8	7.718	2.406
89.9	7.714	2.413
90	7.713	2.431
90.1	7.709	2.468
90.2	7.693	2.532
90.3	7.667	2.623
90.4	7.635	2.72
90.5	7.616	2.835
90.6	7.62	2.95
90.7	7.637	3.048
90.8	7.647	3.132
90.9	7.657	3.203
91	7.661	3.258
91.1	7.647	3.309
91.2	7.619	3.363
91.3	7.582	3.421
91.4	7.535	3.474
91.5	7.484	3.516
91.6	7.444	3.549
91.7	7.418	3.574
91.8	7.406	3.594
91.9	7.406	3.613
92	7.403	3.636
92.1	7.398	3.672
92.2	7.387	3.711
92.3	7.375	3.749
92.4	7.368	3.774
92.5	7.361	3.785
92.6	7.346	3.791
92.7	7.326	3.795
92.8	7.303	3.799
92.9	7.282	3.803
93	7.264	3.802
93.1	7.251	3.801
93.2	7.247	3.801
93.3	7.249	3.803
93.4	7.254	3.802
93.5	7.258	3.801
93.6	7.262	3.804
93.7	7.274	3.81
93.8	7.295	3.816
93.9	7.322	3.821
94	7.346	3.827
94.1	7.349	3.84
94.2	7.344	3.856
94.3	7.337	3.878
94.4	7.335	3.908
94.5	7.343	3.937
94.6	7.355	3.943
94.7	7.358	3.925
94.8	7.349	3.898
94.9	7.347	3.887
95	7.353	3.891
95.1	7.362	3.898
95.2	7.373	3.902
95.3	7.382	3.894
95.4	7.384	3.881
95.5	7.384	3.872
95.6	7.382	3.866
95.7	7.378	3.864
95.8	7.373	3.863
95.9	7.371	3.861
96	7.373	3.86
96.1	7.374	3.861
96.2	7.375	3.862
96.3	7.377	3.861
96.4	7.374	3.86
96.5	7.368	3.864
96.6	7.361	3.877
96.7	7.349	3.895
96.8	7.335	3.918
96.9	7.314	3.931
97	7.302	3.944
97.1	7.296	3.958
97.2	7.296	3.98
97.3	7.299	4.014
97.4	7.302	4.046
97.5	7.292	4.072
97.6	7.295	4.103
97.7	7.302	4.134
97.8	7.303	4.166
97.9	7.302	4.193
98	7.304	4.213
98.1	7.311	4.217
98.2	7.313	4.2
98.3	7.31	4.166
98.4	7.301	4.136
98.5	7.284	4.132
98.6	7.265	4.135
98.7	7.243	4.144
98.8	7.21	4.176
98.9	7.183	4.225
99	7.178	4.254
99.1	7.199	4.278
99.2	7.223	4.316
99.3	7.234	4.367
99.4	7.241	4.424
99.5	7.258	4.468
99.6	7.284	4.494
99.7	7.316	4.507
99.8	7.344	4.52
99.9	7.366	4.529
100	7.381	4.538
100.1	7.395	4.544
100.2	7.414	4.546
100.3	7.425	4.551
100.4	7.436	4.555
100.5	7.446	4.559
100.6	7.457	4.561
100.7	7.469	4.562
100.8	7.476	4.565
100.9	7.475	4.566
101	7.487	4.572
101.1	7.49	4.576
101.2	7.495	4.582
101.3	7.502	4.587
101.4	7.517	4.599
101.5	7.538	4.616
101.6	7.543	4.623
101.7	7.55	4.63
101.8	7.569	4.644
101.9	7.568	4.646
102	7.575	4.652
102.1	7.589	4.661
102.2	7.598	4.669
102.3	7.6	4.67
102.4	7.618	4.682
102.5	7.616	4.682
102.6	7.615	4.681
102.7	7.622	4.687
102.8	7.634	4.693
102.9	7.64	4.695
103	7.647	4.699
103.1	7.652	4.7
103.2	7.649	4.7
103.3	7.652	4.703
103.4	7.672	4.717
103.5	7.682	4.727
103.6	7.69	4.734
103.7	7.704	4.743
103.8	7.71	4.747
103.9	7.714	4.753
104	7.703	4.746
104.1	7.703	4.748
104.2	7.706	4.756
104.3	7.707	4.756
104.4	7.717	4.764
104.5	7.726	4.771
104.6	7.729	4.774
104.7	7.748	4.787
104.8	7.759	4.791
104.9	7.758	4.788
105	7.754	4.783
105.1	7.764	4.786
105.2	7.762	4.781
105.3	7.762	4.78
105.4	7.768	4.784
105.5	7.767	4.784
105.6	7.764	4.783
105.7	7.757	4.777
105.8	7.746	4.772
105.9	7.727	4.767
106	7.717	4.767
106.1	7.704	4.767
106.2	7.7	4.768
106.3	7.698	4.77
106.4	7.695	4.768
106.5	7.697	4.772
106.6	7.703	4.774
106.7	7.702	4.773
106.8	7.699	4.773
106.9	7.701	4.774
107	7.7	4.773
107.1	7.699	4.773
107.2	7.698	4.775
107.3	7.696	4.775
107.4	7.694	4.774
107.5	7.688	4.771
107.6	7.683	4.768
107.7	7.682	4.771
107.8	7.682	4.773
107.9	7.687	4.778
108	7.693	4.783
108.1	7.694	4.786
108.2	7.692	4.785
108.3	7.696	4.784
108.4	7.7	4.788
108.5	7.697	4.792
108.6	7.695	4.795
108.7	7.694	4.798
108.8	7.696	4.801
108.9	7.69	4.799
109	7.688	4.803
109.1	7.691	4.809
109.2	7.698	4.817
109.3	7.698	4.82
109.4	7.702	4.825
109.5	7.702	4.828
109.6	7.7	4.827
109.7	7.7	4.829
109.8	7.694	4.829
109.9	7.691	4.829
110	7.683	4.826
110.1	7.673	4.822
110.2	7.669	4.82
110.3	7.653	4.812
110.4	7.663	4.816
110.5	7.669	4.823
110.6	7.654	4.813
110.7	7.646	4.806
110.8	7.64	4.803
110.9	7.637	4.798
111	7.633	4.794
111.1	7.621	4.785
111.2	7.606	4.774
111.3	7.593	4.761
111.4	7.58	4.749
111.5	7.569	4.732
111.6	7.559	4.724
111.7	7.547	4.726
111.8	7.54	4.744
111.9	7.541	4.772
112	7.55	4.798
112.1	7.555	4.808
112.2	7.553	4.808
112.3	7.549	4.802
112.4	7.543	4.79
112.5	7.537	4.776
112.6	7.53	4.763
112.7	7.525	4.75
112.8	7.521	4.737
112.9	7.517	4.729
113	7.511	4.727
113.1	7.505	4.732
113.2	7.5	4.739
113.3	7.493	4.743
113.4	7.486	4.749
113.5	7.483	4.756
113.6	7.482	4.763
113.7	7.483	4.77
113.8	7.479	4.77
113.9	7.48	4.76
114	7.484	4.745
114.1	7.487	4.725
114.2	7.491	4.704
114.3	7.492	4.685
114.4	7.495	4.671
114.5	7.496	4.66
114.6	7.49	4.66
114.7	7.477	4.67
114.8	7.478	4.687
114.9	7.481	4.702
115	7.485	4.713
115.1	7.489	4.719
115.2	7.488	4.724
115.3	7.486	4.735
115.4	7.489	4.75
115.5	7.495	4.761
115.6	7.5	4.772
115.7	7.502	4.78
115.8	7.503	4.788
115.9	7.499	4.798
116	7.498	4.803
116.1	7.498	4.802
116.2	7.496	4.799
116.3	7.495	4.795
116.4	7.495	4.792
116.5	7.496	4.79
116.6	7.496	4.787
116.7	7.496	4.783
116.8	7.497	4.779
116.9	7.497	4.776
117	7.501	4.776
117.1	7.504	4.777
117.2	7.507	4.777
117.3	7.508	4.777
117.4	7.511	4.78
117.5	7.515	4.783
117.6	7.515	4.785
117.7	7.516	4.781
117.8	7.506	4.772
117.9	7.492	4.763
118	7.479	4.759
118.1	7.463	4.754
118.2	7.449	4.749
118.3	7.438	4.742
118.4	7.433	4.738
118.5	7.432	4.735
118.6	7.433	4.733
118.7	7.434	4.733
118.8	7.438	4.735
118.9	7.446	4.733
119	7.458	4.72
119.1	7.466	4.698
119.2	7.473	4.669
119.3	7.487	4.641
119.4	7.501	4.623
119.5	7.512	4.608
119.6	7.522	4.593
119.7	7.532	4.579
119.8	7.541	4.57
119.9	7.547	4.565
120	7.552	4.562
120.1	7.556	4.559
120.2	7.561	4.562
120.3	7.565	4.564
120.4	7.57	4.562
120.5	7.578	4.555
120.6	7.581	4.549
120.7	7.574	4.544
120.8	7.556	4.537
120.9	7.528	4.546
121	7.497	4.574
121.1	7.471	4.604
121.2	7.458	4.619
121.3	7.454	4.62
121.4	7.454	4.621
121.5	7.446	4.618
121.6	7.438	4.616
121.7	7.431	4.6
121.8	7.427	4.565
121.9	7.421	4.511
122	7.414	4.451
122.1	7.415	4.395
122.2	7.418	4.35
122.3	7.427	4.316
122.4	7.438	4.292
122.5	7.45	4.281
122.6	7.46	4.283
122.7	7.464	4.287
122.8	7.465	4.291
122.9	7.464	4.291
123	7.462	4.289
123.1	7.461	4.287
123.2	7.458	4.286
123.3	7.453	4.277
123.4	7.45	4.268
123.5	7.449	4.262
123.6	7.45	4.252
123.7	7.446	4.251
123.8	7.44	4.263
123.9	7.435	4.275
124	7.431	4.286
124.1	7.432	4.297
124.2	7.431	4.29
124.3	7.431	4.282
124.4	7.433	4.28
124.5	7.434	4.276
124.6	7.435	4.276
124.7	7.437	4.279
124.8	7.439	4.284
124.9	7.441	4.286
125	7.443	4.282
125.1	7.446	4.277
125.2	7.453	4.273
125.3	7.458	4.269
125.4	7.466	4.268
125.5	7.473	4.268
125.6	7.475	4.267
125.7	7.474	4.267
125.8	7.478	4.267
125.9	7.49	4.269
126	7.5	4.27
126.1	7.506	4.271
126.2	7.505	4.274
126.3	7.501	4.283
126.4	7.496	4.301
126.5	7.492	4.322
126.6	7.494	4.342
126.7	7.5	4.359
126.8	7.51	4.376
126.9	7.527	4.391
127	7.545	4.403
127.1	7.56	4.411
127.2	7.569	4.416
127.3	7.573	4.418
127.4	7.562	4.418
127.5	7.523	4.412
127.6	7.466	4.382
127.7	7.42	4.334
127.8	7.402	4.286
127.9	7.397	4.253
128	7.399	4.233
128.1	7.404	4.222
128.2	7.41	4.218
128.3	7.413	4.222
128.4	7.411	4.233
128.5	7.419	4.244
128.6	7.43	4.253
128.7	7.435	4.259
128.8	7.437	4.262
128.9	7.438	4.263
129	7.445	4.266
129.1	7.455	4.268
129.2	7.46	4.269
129.3	7.459	4.269
129.4	7.457	4.266
129.5	7.452	4.26
129.6	7.449	4.255
129.7	7.446	4.252
129.8	7.443	4.249
129.9	7.441	4.247
130	7.44	4.246
130.1	7.438	4.244
130.2	7.439	4.245
130.3	7.44	4.246
130.4	7.443	4.248
130.5	7.445	4.25
130.6	7.447	4.251
130.7	7.45	4.253
130.8	7.453	4.254
130.9	7.455	4.255
131	7.457	4.255
131.1	7.458	4.255
131.2	7.459	4.254
131.3	7.459	4.254
131.4	7.459	4.253
131.5	7.458	4.252
131.6	7.458	4.252
131.7	7.459	4.251
131.8	7.459	4.248
131.9	7.46	4.243
132	7.461	4.236
132.1	7.463	4.228
132.2	7.465	4.224
132.3	7.465	4.223
132.4	7.465	4.226
132.5	7.464	4.231
132.6	7.464	4.238
132.7	7.464	4.244
132.8	7.464	4.249
132.9	7.464	4.254
133	7.464	4.258
133.1	7.463	4.261
133.2	7.464	4.266
133.3	7.465	4.269
133.4	7.465	4.269
133.5	7.466	4.27
133.6	7.467	4.271
133.7	7.468	4.272
133.8	7.469	4.272
133.9	7.47	4.271
134	7.471	4.271
134.1	7.47	4.271
134.2	7.468	4.272
134.3	7.465	4.273
134.4	7.462	4.274
134.5	7.459	4.275
134.6	7.457	4.275
134.7	7.455	4.276
134.8	7.454	4.276
134.9	7.454	4.276
135	7.454	4.274
135.1	7.455	4.273
135.2	7.455	4.272
135.3	7.456	4.272
135.4	7.456	4.271
135.5	7.456	4.27
135.6	7.455	4.268
135.7	7.455	4.265
135.8	7.454	4.262
135.9	7.453	4.261
136	7.451	4.26
136.1	7.45	4.26
136.2	7.449	4.26
136.3	7.448	4.26
136.4	7.447	4.261
136.5	7.447	4.262
136.6	7.448	4.263
136.7	7.448	4.264
136.8	7.449	4.265
136.9	7.449	4.264
137	7.45	4.263
137.1	7.451	4.263
137.2	7.451	4.262
137.3	7.452	4.262
137.4	7.452	4.261
137.5	7.451	4.261
137.6	7.452	4.261
137.7	7.452	4.261
137.8	7.452	4.262
137.9	7.452	4.263
138	7.451	4.263
138.1	7.45	4.262
138.2	7.45	4.262
138.3	7.45	4.262
138.4	7.45	4.262
138.5	7.45	4.262
138.6	7.45	4.262
138.7	7.45	4.262
138.8	7.45	4.262
138.9	7.45	4.262
139	7.45	4.262
139.1	7.45	4.262
139.2	7.45	4.26
139.3	7.449	4.258
139.4	7.449	4.256
139.5	7.449	4.254
139.6	7.448	4.249
139.7	7.448	4.245
139.8	7.449	4.242
139.9	7.449	4.242
140	7.448	4.246
140.1	7.448	4.255
140.2	7.448	4.265
140.3	7.449	4.273
140.4	7.448	4.275
140.5	7.448	4.276
140.6	7.447	4.275
140.7	7.445	4.274
140.8	7.444	4.273
140.9	7.443	4.273
141	7.442	4.273
141.1	7.442	4.273
141.2	7.441	4.273
141.3	7.441	4.273
141.4	7.441	4.274
141.5	7.441	4.275
141.6	7.441	4.275
141.7	7.441	4.275
141.8	7.441	4.276
141.9	7.44	4.276
142	7.439	4.276
142.1	7.438	4.275
142.2	7.436	4.272
142.3	7.434	4.269
142.4	7.433	4.265
142.5	7.432	4.262
142.6	7.431	4.26
142.7	7.431	4.259
142.8	7.431	4.258
142.9	7.432	4.257
143	7.435	4.257
143.1	7.438	4.258
143.2	7.441	4.258
143.3	7.444	4.258
143.4	7.448	4.257
143.5	7.458	4.254
143.6	7.472	4.251
143.7	7.481	4.254
143.8	7.478	4.266
143.9	7.47	4.275
144	7.464	4.276
144.1	7.46	4.273
144.2	7.45	4.268
144.3	7.436	4.269
144.4	7.421	4.275
144.5	7.412	4.284
144.6	7.409	4.288
144.7	7.409	4.292
144.8	7.415	4.302
144.9	7.417	4.31
145	7.42	4.317
145.1	7.422	4.325
145.2	7.422	4.334
145.3	7.419	4.341
145.4	7.412	4.344
145.5	7.4	4.343
145.6	7.382	4.339
145.7	7.359	4.333
145.8	7.33	4.324
145.9	7.296	4.313
146	7.255	4.295
146.1	7.206	4.278
146.2	7.152	4.261
146.3	7.101	4.244
146.4	7.055	4.231
146.5	7.014	4.223
146.6	6.974	4.218
146.7	6.929	4.217
146.8	6.879	4.222
146.9	6.822	4.236
147	6.758	4.259
147.1	6.689	4.285
147.2	6.626	4.307
147.3	6.571	4.322
147.4	6.52	4.329
147.5	6.468	4.33
147.6	6.411	4.326
147.7	6.347	4.315
147.8	6.275	4.296
147.9	6.199	4.275
148	6.13	4.263
148.1	6.073	4.259
148.2	6.019	4.258
148.3	5.962	4.261
148.4	5.905	4.269
148.5	5.849	4.282
148.6	5.794	4.3
148.7	5.737	4.319
148.8	5.679	4.342
148.9	5.624	4.362
149	5.571	4.374
149.1	5.518	4.378
149.2	5.463	4.371
149.3	5.405	4.354
149.4	5.347	4.329
149.5	5.291	4.297
149.6	5.243	4.266
149.7	5.201	4.24
149.8	5.163	4.219
149.9	5.135	4.205
150	5.119	4.197
150.1	5.109	4.201
150.2	5.088	4.21
150.3	5.063	4.213
150.4	5.047	4.212
150.5	5.037	4.208
150.6	5.032	4.205
150.7	5.024	4.204
150.8	5.014	4.208
150.9	5.004	4.214
151	4.991	4.226
151.1	4.982	4.243
151.2	4.979	4.26
151.3	4.98	4.274
151.4	4.983	4.287
151.5	4.989	4.295
151.6	4.994	4.298
151.7	4.997	4.299
151.8	4.999	4.299
151.9	5	4.298
152	5	4.297
152.1	5	4.295
152.2	5	4.293
152.3	5	4.291
152.4	5.001	4.29
152.5	5.002	4.29
152.6	5.003	4.29
152.7	5.003	4.291
152.8	5.003	4.292
152.9	5.002	4.293
153	5.001	4.295
153.1	5	4.297
153.2	4.999	4.298
153.3	4.997	4.298
153.4	4.995	4.297
153.5	4.994	4.291
153.6	4.999	4.262
153.7	5.014	4.234
153.8	5.024	4.218
153.9	5.026	4.209
154	5.026	4.203
154.1	5.024	4.2
154.2	5.022	4.198
154.3	5.018	4.197
154.4	5.011	4.19
154.5	5.011	4.189
154.6	5.013	4.193
154.7	5.012	4.199
154.8	5.006	4.202
154.9	4.991	4.198
155	4.966	4.184
155.1	4.945	4.157
155.2	4.925	4.119
155.3	4.917	4.068
155.4	4.916	4.003
155.5	4.916	3.928
155.6	4.917	3.857
155.7	4.917	3.791
155.8	4.915	3.734
155.9	4.91	3.688
156	4.899	3.645
156.1	4.884	3.599
156.2	4.863	3.548
156.3	4.838	3.495
156.4	4.814	3.445
156.5	4.796	3.402
156.6	4.788	3.363
156.7	4.786	3.327
156.8	4.788	3.29
156.9	4.791	3.25
157	4.797	3.207
157.1	4.808	3.156
157.2	4.818	3.114
157.3	4.829	3.074
157.4	4.836	3.037
157.5	4.838	3.005
157.6	4.843	2.975
157.7	4.849	2.946
157.8	4.855	2.925
157.9	4.86	2.905
158	4.868	2.883
158.1	4.881	2.87
158.2	4.892	2.864
158.3	4.906	2.861
158.4	4.911	2.853
158.5	4.902	2.829
158.6	4.88	2.794
158.7	4.847	2.752
158.8	4.815	2.705
158.9	4.788	2.662
159	4.776	2.626
159.1	4.779	2.601
159.2	4.788	2.573
159.3	4.804	2.542
159.4	4.829	2.513
159.5	4.866	2.485
159.6	4.906	2.461
159.7	4.943	2.44
159.8	4.971	2.42
159.9	4.989	2.404
160	5.004	2.386
160.1	5.016	2.365
160.2	5.022	2.341
160.3	5.021	2.311
160.4	5.013	2.268
160.5	4.994	2.213
160.6	4.972	2.154
160.7	4.953	2.095
160.8	4.936	2.042
160.9	4.926	2
161	4.925	1.973
161.1	4.929	1.957
161.2	4.933	1.949
161.3	4.94	1.95
161.4	4.947	1.956
161.5	4.955	1.964
161.6	4.962	1.97
161.7	4.969	1.975
161.8	4.976	1.977
161.9	4.981	1.981
162	4.985	1.989
162.1	4.988	1.998
162.2	4.997	2.016
162.3	5.01	2.043
162.4	5.021	2.073
162.5	5.03	2.099
162.6	5.035	2.114
162.7	5.037	2.122
162.8	5.038	2.125
162.9	5.04	2.129
163	5.041	2.131
163.1	5.042	2.131
163.2	5.043	2.13
163.3	5.042	2.128
163.4	5.041	2.126
163.5	5.038	2.126
163.6	5.03	2.125
163.7	5.026	2.125
163.8	5.022	2.126
163.9	5.02	2.124
164	5.021	2.121
164.1	5.022	2.119
164.2	5.024	2.118
164.3	5.027	2.117
164.4	5.034	2.12
164.5	5.04	2.131
164.6	5.04	2.136
164.7	5.041	2.139
164.8	5.042	2.14
164.9	5.042	2.14
165	5.039	2.136
165.1	5.037	2.134
165.2	5.035	2.132
165.3	5.031	2.129
165.4	5.027	2.128
165.5	5.024	2.127
165.6	5.019	2.127
165.7	5.014	2.126
165.8	5.009	2.127
165.9	5.005	2.129
166	5.002	2.131
166.1	4.999	2.133
166.2	4.996	2.135
166.3	4.995	2.135
166.4	4.995	2.136
166.5	4.996	2.137
166.6	4.997	2.137
166.7	5.001	2.137
166.8	5.008	2.137
166.9	5.014	2.137
167	5.021	2.135
167.1	5.026	2.131
167.2	5.032	2.127
167.3	5.036	2.121
167.4	5.037	2.107
167.5	5.03	2.089
167.6	5.022	2.074
167.7	5.014	2.062
167.8	5.005	2.053
167.9	4.999	2.046
168	4.995	2.043
168.1	4.996	2.043
168.2	5.009	2.052
168.3	5.024	2.069
168.4	5.035	2.088
168.5	5.042	2.105
168.6	5.046	2.12
168.7	5.047	2.136
168.8	5.049	2.158
168.9	5.054	2.181
169	5.063	2.2
169.1	5.075	2.214
169.2	5.087	2.217
169.3	5.096	2.217
169.4	5.102	2.211
169.5	5.113	2.199
169.6	5.126	2.187
169.7	5.134	2.179
169.8	5.137	2.173
169.9	5.138	2.168
170	5.137	2.165
170.1	5.134	2.161
170.2	5.134	2.158
170.3	5.135	2.157
170.4	5.137	2.157
170.5	5.139	2.158
170.6	5.14	2.16
170.7	5.142	2.162
170.8	5.14	2.167
170.9	5.127	2.178
171	5.101	2.191
171.1	5.067	2.204
171.2	5.031	2.222
171.3	5	2.241
171.4	4.976	2.262
171.5	4.96	2.28
171.6	4.949	2.291
171.7	4.943	2.298
171.8	4.939	2.307
171.9	4.934	2.313
172	4.932	2.315
172.1	4.931	2.317
172.2	4.924	2.314
172.3	4.917	2.311
172.4	4.912	2.309
172.5	4.911	2.308
172.6	4.911	2.307
172.7	4.912	2.307
172.8	4.914	2.308
172.9	4.919	2.309
173	4.923	2.31
173.1	4.924	2.31
173.2	4.922	2.311
173.3	4.92	2.312
173.4	4.919	2.312
173.5	4.922	2.312
173.6	4.924	2.316
173.7	4.918	2.32
173.8	4.908	2.321
173.9	4.898	2.317
174	4.89	2.313
174.1	4.886	2.312
174.2	4.884	2.314
174.3	4.881	2.314
174.4	4.878	2.312
174.5	4.877	2.308
174.6	4.878	2.302
174.7	4.879	2.296
174.8	4.882	2.293
174.9	4.886	2.292
175	4.889	2.291
175.1	4.891	2.292
175.2	4.892	2.294
175.3	4.892	2.295
175.4	4.892	2.296
175.5	4.891	2.295
175.6	4.89	2.294
175.7	4.888	2.293
175.8	4.888	2.292
175.9	4.888	2.292
176	4.889	2.293
176.1	4.891	2.294
176.2	4.892	2.295
176.3	4.893	2.296
176.4	4.893	2.297
176.5	4.893	2.297
176.6	4.893	2.297
176.7	4.893	2.297
176.8	4.893	2.297
176.9	4.894	2.297
177	4.895	2.297
177.1	4.896	2.298
177.2	4.896	2.299
177.3	4.895	2.298
177.4	4.895	2.298
177.5	4.894	2.298
177.6	4.894	2.299
177.7	4.894	2.299
177.8	4.895	2.299
177.9	4.896	2.3
178	4.897	2.3
178.1	4.898	2.301
178.2	4.899	2.301
178.3	4.9	2.302
178.4	4.901	2.302
178.5	4.901	2.302
178.6	4.901	2.302
178.7	4.902	2.302
178.8	4.902	2.302
178.9	4.902	2.302
179	4.901	2.3
179.1	4.9	2.299
179.2	4.899	2.299
179.3	4.899	2.299
179.4	4.899	2.299
179.5	4.898	2.299
179.6	4.897	2.299
179.7	4.897	2.299
179.8	4.898	2.3
179.9	4.898	2.301
180	4.902	2.298
180.1	4.919	2.301
180.2	4.954	2.298
180.3	4.996	2.278
180.4	5.026	2.243
180.5	5.041	2.21
180.6	5.049	2.193
180.7	5.054	2.18
180.8	5.055	2.169
180.9	5.056	2.161
181	5.056	2.158
181.1	5.055	2.16
181.2	5.054	2.161
181.3	5.052	2.164
181.4	5.052	2.17
181.5	5.052	2.187
181.6	5.047	2.214
181.7	5.039	2.236
181.8	5.037	2.234
181.9	5.04	2.23
182	5.04	2.23
182.1	5.033	2.227
182.2	5.027	2.219
182.3	5.025	2.207
182.4	5.029	2.187
182.5	5.03	2.171
182.6	5.03	2.165
182.7	5.03	2.164
182.8	5.031	2.175
182.9	5.028	2.186
183	5.025	2.19
183.1	5.021	2.189
183.2	5.017	2.186
183.3	5.014	2.184
183.4	5.014	2.184
183.5	5.011	2.185
183.6	5.006	2.189
183.7	5	2.2
183.8	4.989	2.211
183.9	4.972	2.205
184	4.961	2.202
184.1	4.956	2.209
184.2	4.949	2.214
184.3	4.938	2.195
184.4	4.927	2.173
184.5	4.914	2.155
184.6	4.904	2.141
184.7	4.899	2.136
184.8	4.897	2.14
184.9	4.898	2.166
185	4.899	2.204
185.1	4.896	2.23
185.2	4.892	2.245
185.3	4.891	2.255
185.4	4.893	2.261
185.5	4.897	2.266
185.6	4.901	2.269
185.7	4.903	2.271
185.8	4.904	2.273
185.9	4.898	2.275
186	4.888	2.276
186.1	4.883	2.279
186.2	4.882	2.282
186.3	4.882	2.285
186.4	4.883	2.288
186.5	4.883	2.29
186.6	4.882	2.293
186.7	4.882	2.299
186.8	4.881	2.307
186.9	4.878	2.31
187	4.88	2.307
187.1	4.892	2.297
187.2	4.914	2.286
187.3	4.943	2.277
187.4	4.976	2.267
187.5	5.006	2.26
187.6	5.029	2.254
187.7	5.044	2.248
187.8	5.052	2.245
187.9	5.056	2.245
188	5.055	2.247
188.1	5.053	2.245
188.2	5.048	2.243
188.3	5.044	2.239
188.4	5.039	2.237
188.5	5.033	2.239
188.6	5.028	2.241
188.7	5.025	2.241
188.8	5.025	2.24
188.9	5.025	2.238
189	5.027	2.237
189.1	5.027	2.235
189.2	5.024	2.23
189.3	5.023	2.221
189.4	5.02	2.22
189.5	5.019	2.22
189.6	5.017	2.218
189.7	5.017	2.218
189.8	5.02	2.215
189.9	5.023	2.219
190	5.028	2.22
190.1	5.032	2.218
190.2	5.035	2.216
190.3	5.036	2.218
190.4	5.036	2.218
190.5	5.032	2.217
190.6	5.029	2.218
190.7	5.028	2.225
190.8	5.025	2.231
190.9	5.019	2.234
191	5.013	2.235
191.1	5.009	2.236
191.2	5.007	2.237
191.3	5.007	2.238
191.4	5.007	2.239
191.5	5.008	2.24
191.6	5.008	2.239
191.7	5.008	2.238
191.8	5.008	2.237
191.9	5.007	2.235
192	5.006	2.233
192.1	4.999	2.23
192.2	4.993	2.226
192.3	4.99	2.223
192.4	4.99	2.222
192.5	4.993	2.221
192.6	4.998	2.221
192.7	5.003	2.222
192.8	5.005	2.222
192.9	5.002	2.218
193	4.98	2.203
193.1	4.952	2.171
193.2	4.936	2.139
193.3	4.929	2.119
193.4	4.925	2.107
193.5	4.922	2.099
193.6	4.92	2.096
193.7	4.917	2.094
193.8	4.916	2.092
193.9	4.914	2.091
194	4.914	2.092
194.1	4.914	2.098
194.2	4.916	2.113
194.3	4.927	2.141
194.4	4.951	2.177
194.5	4.983	2.206
194.6	5.013	2.222
194.7	5.034	2.229
194.8	5.047	2.234
194.9	5.054	2.237
195	5.055	2.24
195.1	5.053	2.241
195.2	5.049	2.243
195.3	5.041	2.245
195.4	5.03	2.246
195.5	5.021	2.246
195.6	5.015	2.246
195.7	5.012	2.246
195.8	5.01	2.245
195.9	5.008	2.244
196	5.005	2.241
196.1	5.003	2.238
196.2	5.003	2.236
196.3	5.004	2.235
196.4	5.007	2.236
196.5	5.01	2.237
196.6	5.013	2.238
196.7	5.015	2.239
196.8	5.015	2.239
196.9	5.015	2.239
197	5.014	2.238
197.1	5.014	2.237
197.2	5.013	2.237
197.3	5.013	2.236
197.4	5.013	2.235
197.5	5.012	2.235
197.6	5.012	2.234
197.7	5.012	2.234
197.8	5.012	2.234
197.9	5.012	2.234
198	5.012	2.236
198.1	5.013	2.237
198.2	5.013	2.238
198.3	5.013	2.239
198.4	5.013	2.24
198.5	5.013	2.241
198.6	5.013	2.241
198.7	5.013	2.241
198.8	5.014	2.241
198.9	5.015	2.241
199	5.016	2.241
199.1	5.017	2.242
199.2	5.018	2.242
199.3	5.018	2.242
199.4	5.018	2.241
199.5	5.017	2.241
199.6	5.017	2.24
199.7	5.017	2.239
199.8	5.016	2.239
199.9	5.016	2.238
200	5.015	2.237
200.1	5.015	2.236
200.2	5.015	2.236
200.3	5.015	2.235
200.4	5.015	2.236
200.5	5.016	2.235
200.6	5.019	2.235
200.7	5.022	2.235
200.8	5.028	2.235
200.9	5.035	2.233
201	5.039	2.231
201.1	5.041	2.23
201.2	5.041	2.23
201.3	5.039	2.23
201.4	5.036	2.23
201.5	5.034	2.23
201.6	5.032	2.229
201.7	5.031	2.229
201.8	5.03	2.229
201.9	5.03	2.23
202	5.03	2.23
202.1	5.031	2.231
202.2	5.032	2.232
202.3	5.033	2.233
202.4	5.035	2.234
202.5	5.036	2.235
202.6	5.036	2.235
202.7	5.035	2.236
202.8	5.033	2.236
202.9	5.03	2.236
203	5.026	2.235
203.1	5.023	2.234
203.2	5.022	2.233
203.3	5.021	2.232
203.4	5.021	2.232
203.5	5.021	2.232
203.6	5.021	2.233
203.7	5.02	2.233
203.8	5.018	2.233
203.9	5.018	2.232
204	5.018	2.23
204.1	5.019	2.229
204.2	5.02	2.228
204.3	5.02	2.226
204.4	5.018	2.222
204.5	5.017	2.221
204.6	5.017	2.221
204.7	5.017	2.222
204.8	5.016	2.222
204.9	5.016	2.223
205	5.017	2.223
205.1	5.018	2.224
205.2	5.019	2.225
205.3	5.021	2.226
205.4	5.023	2.23
205.5	5.027	2.236
205.6	5.035	2.236
205.7	5.046	2.231
205.8	5.057	2.225
205.9	5.065	2.219
206	5.074	2.219
206.1	5.081	2.222
206.2	5.08	2.223
206.3	5.072	2.226
206.4	5.072	2.222
206.5	5.076	2.218
206.6	5.086	2.216
206.7	5.103	2.212
206.8	5.119	2.208
206.9	5.132	2.207
207	5.148	2.206
207.1	5.171	2.201
207.2	5.192	2.196
207.3	5.201	2.192
207.4	5.201	2.19
207.5	5.191	2.194
207.6	5.179	2.2
207.7	5.172	2.204
207.8	5.169	2.208
207.9	5.169	2.21
208	5.17	2.212
208.1	5.169	2.216
208.2	5.168	2.218
208.3	5.167	2.22
208.4	5.162	2.221
208.5	5.153	2.219
208.6	5.148	2.214
208.7	5.149	2.213
208.8	5.152	2.218
208.9	5.155	2.217
209	5.154	2.209
209.1	5.156	2.204
209.2	5.157	2.2
209.3	5.156	2.197
209.4	5.157	2.195
209.5	5.158	2.194
209.6	5.159	2.194
209.7	5.159	2.194
209.8	5.158	2.194
209.9	5.157	2.194
210	5.156	2.194
210.1	5.154	2.195
210.2	5.152	2.196
210.3	5.15	2.197
210.4	5.148	2.198
210.5	5.146	2.199
210.6	5.144	2.2
210.7	5.141	2.2
210.8	5.139	2.201
210.9	5.139	2.202
211	5.137	2.203
211.1	5.136	2.204
211.2	5.135	2.205
211.3	5.133	2.208
211.4	5.129	2.211
211.5	5.124	2.21
211.6	5.123	2.21
211.7	5.124	2.21
211.8	5.126	2.21
211.9	5.126	2.21
212	5.127	2.212
212.1	5.128	2.213
212.2	5.128	2.213
212.3	5.129	2.214
212.4	5.129	2.215
212.5	5.129	2.215
212.6	5.128	2.214
212.7	5.127	2.213
212.8	5.127	2.211
212.9	5.126	2.21
213	5.126	2.208
213.1	5.126	2.207
213.2	5.127	2.206
213.3	5.127	2.205
213.4	5.128	2.205
213.5	5.129	2.204
213.6	5.129	2.203
213.7	5.129	2.202
213.8	5.129	2.2
213.9	5.13	2.199
214	5.13	2.198
214.1	5.13	2.197
214.2	5.13	2.196
214.3	5.13	2.196
214.4	5.13	2.197
214.5	5.13	2.197
214.6	5.128	2.198
214.7	5.122	2.197
214.8	5.11	2.193
214.9	5.097	2.186
215	5.086	2.183
215.1	5.077	2.182
215.2	5.07	2.183
215.3	5.066	2.185
215.4	5.063	2.184
215.5	5.062	2.184
215.6	5.062	2.185
215.7	5.066	2.191
215.8	5.073	2.198
215.9	5.079	2.202
216	5.084	2.205
216.1	5.091	2.208
