Time	X	Z
0	1.885	3.718
0.1	1.885	3.718
0.2	1.885	3.718
0.3	1.885	3.718
0.4	1.885	3.718
0.5	1.885	3.718
0.6	1.885	3.718
0.7	1.885	3.718
0.8	1.885	3.718
0.9	1.885	3.718
1	1.885	3.718
1.1	1.885	3.718
1.2	1.885	3.718
1.3	1.885	3.718
1.4	1.885	3.718
1.5	1.885	3.718
1.6	1.885	3.718
1.7	1.885	3.718
1.8	1.885	3.718
1.9	1.885	3.718
2	1.885	3.718
2.1	1.885	3.718
2.2	1.885	3.718
2.3	1.885	3.718
2.4	1.885	3.718
2.5	1.885	3.718
2.6	1.885	3.718
2.7	1.885	3.718
2.8	1.885	3.718
2.9	1.885	3.718
3	1.885	3.718
3.1	1.885	3.718
3.2	1.885	3.718
3.3	1.885	3.718
3.4	1.885	3.718
3.5	1.885	3.718
3.6	1.885	3.718
3.7	1.885	3.718
3.8	1.885	3.718
3.9	1.885	3.718
4	1.885	3.718
4.1	1.885	3.718
4.2	1.885	3.718
4.3	1.885	3.718
4.4	1.885	3.718
4.5	1.885	3.718
4.6	1.885	3.718
4.7	1.885	3.718
4.8	1.885	3.718
4.9	1.885	3.718
5	1.885	3.718
5.1	1.885	3.718
5.2	1.885	3.718
5.3	1.885	3.718
5.4	1.885	3.718
5.5	1.885	3.718
5.6	1.885	3.718
5.7	1.885	3.718
5.8	1.885	3.718
5.9	1.885	3.718
6	1.885	3.718
6.1	1.885	3.718
6.2	1.885	3.718
6.3	1.885	3.718
6.4	1.885	3.718
6.5	1.885	3.718
6.6	1.885	3.718
6.7	1.885	3.718
6.8	1.885	3.718
6.9	1.885	3.718
7	1.885	3.718
7.1	1.885	3.718
7.2	1.885	3.718
7.3	1.885	3.718
7.4	1.885	3.718
7.5	1.885	3.718
7.6	1.885	3.718
7.7	1.885	3.718
7.8	1.885	3.718
7.9	1.885	3.718
8	1.885	3.718
8.1	1.885	3.718
8.2	1.885	3.718
8.3	1.885	3.718
8.4	1.885	3.718
8.5	1.885	3.718
8.6	1.885	3.718
8.7	1.885	3.718
8.8	1.885	3.718
8.9	1.885	3.718
9	1.885	3.718
9.1	1.885	3.718
9.2	1.885	3.718
9.3	1.885	3.718
9.4	1.885	3.718
9.5	1.885	3.718
9.6	1.885	3.718
9.7	1.885	3.718
9.8	1.885	3.718
9.9	1.885	3.718
10	1.885	3.718
10.1	1.885	3.718
10.2	1.885	3.718
10.3	1.885	3.718
10.4	1.885	3.718
10.5	1.885	3.718
10.6	1.885	3.718
10.7	1.885	3.718
10.8	1.885	3.718
10.9	1.885	3.718
11	1.885	3.718
11.1	1.885	3.718
11.2	1.885	3.718
11.3	1.885	3.718
11.4	1.885	3.718
11.5	1.885	3.718
11.6	1.885	3.718
11.7	1.885	3.718
11.8	1.885	3.718
11.9	1.885	3.718
12	1.885	3.718
12.1	1.885	3.718
12.2	1.885	3.718
12.3	1.885	3.718
12.4	1.885	3.718
12.5	1.885	3.718
12.6	1.885	3.718
12.7	1.885	3.718
12.8	1.885	3.718
12.9	1.885	3.718
13	1.885	3.718
13.1	1.885	3.718
13.2	1.885	3.718
13.3	1.885	3.718
13.4	1.885	3.718
13.5	1.885	3.718
13.6	1.885	3.718
13.7	1.885	3.718
13.8	1.885	3.718
13.9	1.885	3.718
14	1.885	3.718
14.1	1.885	3.718
14.2	1.885	3.718
14.3	1.885	3.718
14.4	1.885	3.718
14.5	1.885	3.718
14.6	1.885	3.718
14.7	1.885	3.718
14.8	1.885	3.718
14.9	1.885	3.718
15	1.885	3.718
15.1	1.885	3.718
15.2	1.885	3.718
15.3	1.885	3.718
15.4	1.885	3.718
15.5	1.885	3.718
15.6	1.885	3.718
15.7	1.885	3.718
15.8	1.885	3.718
15.9	1.885	3.718
16	1.885	3.718
16.1	1.885	3.718
16.2	1.885	3.718
16.3	1.885	3.718
16.4	1.885	3.718
16.5	1.885	3.718
16.6	1.885	3.718
16.7	1.885	3.718
16.8	1.885	3.718
16.9	1.885	3.718
17	1.885	3.718
17.1	1.885	3.718
17.2	1.885	3.718
17.3	1.885	3.718
17.4	1.885	3.718
17.5	1.885	3.718
17.6	1.885	3.718
17.7	1.885	3.718
17.8	1.885	3.718
17.9	1.885	3.718
18	1.885	3.718
18.1	1.885	3.718
18.2	1.885	3.718
18.3	1.885	3.718
18.4	1.885	3.718
18.5	1.885	3.718
18.6	1.885	3.718
18.7	1.885	3.718
18.8	1.885	3.718
18.9	1.885	3.718
19	1.885	3.718
19.1	1.885	3.718
19.2	1.885	3.718
19.3	1.885	3.718
19.4	1.885	3.718
19.5	1.885	3.718
19.6	1.885	3.718
19.7	1.885	3.718
19.8	1.885	3.718
19.9	1.885	3.718
20	1.885	3.718
20.1	1.885	3.718
20.2	1.885	3.718
20.3	1.885	3.718
20.4	1.885	3.718
20.5	1.885	3.718
20.6	1.885	3.718
20.7	1.885	3.718
20.8	1.885	3.718
20.9	1.885	3.718
21	1.885	3.718
21.1	1.885	3.718
21.2	1.885	3.718
21.3	1.885	3.718
21.4	1.885	3.718
21.5	1.885	3.718
21.6	1.885	3.718
21.7	1.885	3.718
21.8	1.885	3.718
21.9	1.885	3.718
22	1.885	3.718
22.1	1.885	3.718
22.2	1.885	3.718
22.3	1.885	3.718
22.4	1.885	3.718
22.5	1.885	3.718
22.6	1.885	3.718
22.7	1.885	3.718
22.8	1.885	3.718
22.9	1.885	3.718
23	1.885	3.718
23.1	1.885	3.718
23.2	1.885	3.718
23.3	1.885	3.718
23.4	1.885	3.718
23.5	1.885	3.718
23.6	1.885	3.718
23.7	1.885	3.718
23.8	1.885	3.718
23.9	1.885	3.718
24	1.885	3.718
24.1	1.885	3.718
24.2	1.885	3.718
24.3	1.885	3.718
24.4	1.885	3.718
24.5	1.885	3.718
24.6	1.885	3.718
24.7	1.885	3.718
24.8	1.885	3.718
24.9	1.885	3.718
25	1.885	3.718
25.1	1.885	3.718
25.2	1.885	3.718
25.3	1.885	3.718
25.4	1.885	3.718
25.5	1.885	3.718
25.6	1.885	3.718
25.7	1.885	3.718
25.8	1.885	3.718
25.9	1.885	3.718
26	1.885	3.718
26.1	1.885	3.718
26.2	1.885	3.718
26.3	1.885	3.718
26.4	1.885	3.718
26.5	1.885	3.718
26.6	1.885	3.718
26.7	1.885	3.718
26.8	1.885	3.718
26.9	1.885	3.718
27	1.885	3.718
27.1	1.885	3.718
27.2	1.885	3.718
27.3	1.885	3.718
27.4	1.885	3.718
27.5	1.885	3.718
27.6	1.885	3.718
27.7	1.885	3.718
27.8	1.885	3.718
27.9	1.885	3.718
28	1.885	3.718
28.1	1.885	3.718
28.2	1.885	3.718
28.3	1.885	3.718
28.4	1.885	3.718
28.5	1.885	3.718
28.6	1.885	3.718
28.7	1.885	3.718
28.8	1.885	3.718
28.9	1.885	3.718
29	1.885	3.718
29.1	1.885	3.718
29.2	1.885	3.718
29.3	1.885	3.718
29.4	1.885	3.718
29.5	1.885	3.718
29.6	1.885	3.718
29.7	1.885	3.718
29.8	1.885	3.718
29.9	1.885	3.718
30	1.885	3.718
30.1	1.885	3.718
30.2	1.885	3.718
30.3	1.885	3.718
30.4	1.885	3.718
30.5	1.885	3.718
30.6	1.885	3.718
30.7	1.885	3.718
30.8	1.885	3.718
30.9	1.885	3.718
31	1.885	3.718
31.1	1.885	3.718
31.2	1.885	3.718
31.3	1.885	3.718
31.4	1.885	3.718
31.5	1.885	3.718
31.6	1.885	3.718
31.7	1.885	3.718
31.8	1.885	3.718
31.9	1.885	3.718
32	1.885	3.718
32.1	1.885	3.718
32.2	1.885	3.718
32.3	1.885	3.718
32.4	1.885	3.718
32.5	1.885	3.718
32.6	1.885	3.718
32.7	1.885	3.718
32.8	1.885	3.718
32.9	1.885	3.718
33	1.885	3.718
33.1	1.885	3.718
33.2	1.885	3.718
33.3	1.885	3.718
33.4	1.885	3.718
33.5	1.885	3.718
33.6	1.885	3.718
33.7	1.885	3.718
33.8	1.885	3.718
33.9	1.885	3.718
34	1.885	3.718
34.1	1.885	3.718
34.2	1.885	3.718
34.3	1.885	3.718
34.4	1.885	3.718
34.5	1.885	3.718
34.6	1.885	3.718
34.7	1.885	3.718
34.8	1.885	3.718
34.9	1.885	3.718
35	1.885	3.718
35.1	1.885	3.718
35.2	1.885	3.718
35.3	1.885	3.718
35.4	1.885	3.718
35.5	1.885	3.718
35.6	1.885	3.718
35.7	1.885	3.718
35.8	1.885	3.718
35.9	1.885	3.718
36	1.885	3.718
36.1	1.885	3.718
36.2	1.885	3.718
36.3	1.885	3.718
36.4	1.885	3.718
36.5	1.885	3.718
36.6	1.885	3.718
36.7	1.885	3.718
36.8	1.885	3.718
36.9	1.885	3.718
37	1.885	3.718
37.1	1.885	3.718
37.2	1.885	3.718
37.3	1.885	3.718
37.4	1.885	3.718
37.5	1.885	3.718
37.6	1.885	3.718
37.7	1.885	3.718
37.8	1.885	3.718
37.9	1.885	3.718
38	1.885	3.718
38.1	1.885	3.718
38.2	1.885	3.718
38.3	1.885	3.718
38.4	1.885	3.718
38.5	1.885	3.718
38.6	1.885	3.718
38.7	1.885	3.718
38.8	1.885	3.718
38.9	1.885	3.718
39	1.885	3.718
39.1	1.885	3.718
39.2	1.885	3.718
39.3	1.885	3.718
39.4	1.885	3.718
39.5	1.885	3.718
39.6	1.885	3.718
39.7	1.885	3.718
39.8	1.885	3.718
39.9	1.885	3.718
40	1.885	3.718
40.1	1.885	3.718
40.2	1.885	3.718
40.3	1.885	3.718
40.4	1.885	3.718
40.5	1.885	3.718
40.6	1.885	3.718
40.7	1.885	3.718
40.8	1.885	3.718
40.9	1.885	3.718
41	1.885	3.718
41.1	1.885	3.718
41.2	1.885	3.718
41.3	1.885	3.718
41.4	1.885	3.718
41.5	1.885	3.718
41.6	1.885	3.718
41.7	1.885	3.718
41.8	1.885	3.718
41.9	1.885	3.718
42	1.885	3.718
42.1	1.885	3.718
42.2	1.885	3.718
42.3	1.885	3.718
42.4	1.885	3.718
42.5	1.885	3.718
42.6	1.885	3.718
42.7	1.885	3.718
42.8	1.885	3.718
42.9	1.885	3.718
43	1.885	3.718
43.1	1.885	3.718
43.2	1.885	3.718
43.3	1.885	3.718
43.4	1.885	3.718
43.5	1.885	3.718
43.6	1.885	3.718
43.7	1.885	3.718
43.8	1.885	3.718
43.9	1.885	3.718
44	1.885	3.718
44.1	1.885	3.718
44.2	1.885	3.718
44.3	1.885	3.718
44.4	1.885	3.718
44.5	1.885	3.718
44.6	1.885	3.718
44.7	1.885	3.718
44.8	1.885	3.718
44.9	1.885	3.718
45	1.885	3.718
45.1	1.885	3.718
45.2	1.885	3.718
45.3	1.885	3.718
45.4	1.885	3.718
45.5	1.885	3.718
45.6	1.885	3.718
45.7	1.885	3.718
45.8	1.885	3.718
45.9	1.885	3.718
46	1.885	3.718
46.1	1.885	3.718
46.2	1.885	3.718
46.3	1.885	3.718
46.4	1.885	3.718
46.5	1.885	3.718
46.6	1.885	3.718
46.7	1.885	3.718
46.8	1.885	3.718
46.9	1.885	3.718
47	1.885	3.718
47.1	1.885	3.718
47.2	1.885	3.718
47.3	1.885	3.718
47.4	1.885	3.718
47.5	1.885	3.718
47.6	1.885	3.718
47.7	1.885	3.718
47.8	1.885	3.718
47.9	1.885	3.718
48	1.885	3.718
48.1	1.885	3.718
48.2	1.885	3.718
48.3	1.885	3.718
48.4	1.885	3.718
48.5	1.885	3.718
48.6	1.885	3.718
48.7	1.885	3.718
48.8	1.885	3.718
48.9	1.885	3.718
49	1.885	3.718
49.1	1.885	3.718
49.2	1.885	3.718
49.3	1.885	3.718
49.4	1.885	3.718
49.5	1.885	3.718
49.6	1.885	3.718
49.7	1.885	3.718
49.8	1.885	3.718
49.9	1.885	3.718
50	1.885	3.718
50.1	1.885	3.718
50.2	1.885	3.718
50.3	1.885	3.718
50.4	1.885	3.718
50.5	1.885	3.718
50.6	1.885	3.718
50.7	1.885	3.718
50.8	1.885	3.718
50.9	1.885	3.718
51	1.885	3.718
51.1	1.885	3.718
51.2	1.885	3.718
51.3	1.885	3.718
51.4	1.885	3.718
51.5	1.885	3.718
51.6	1.885	3.718
51.7	1.885	3.718
51.8	1.885	3.718
51.9	1.885	3.718
52	1.885	3.718
52.1	1.885	3.718
52.2	1.885	3.718
52.3	1.885	3.718
52.4	1.885	3.718
52.5	1.885	3.718
52.6	1.885	3.718
52.7	1.885	3.718
52.8	1.885	3.718
52.9	1.885	3.718
53	1.885	3.718
53.1	1.885	3.718
53.2	1.885	3.718
53.3	1.885	3.718
53.4	1.885	3.718
53.5	1.885	3.718
53.6	1.885	3.718
53.7	1.885	3.718
53.8	1.885	3.718
53.9	1.885	3.718
54	1.885	3.718
54.1	1.885	3.718
54.2	1.885	3.718
54.3	1.885	3.718
54.4	1.885	3.718
54.5	1.885	3.718
54.6	1.885	3.718
54.7	1.885	3.718
54.8	1.885	3.718
54.9	1.885	3.718
55	1.885	3.718
55.1	1.885	3.718
55.2	1.885	3.718
55.3	1.885	3.718
55.4	1.885	3.718
55.5	1.885	3.718
55.6	1.885	3.718
55.7	1.885	3.718
55.8	1.885	3.718
55.9	1.885	3.718
56	1.885	3.718
56.1	1.885	3.718
56.2	1.885	3.718
56.3	1.885	3.718
56.4	1.885	3.718
56.5	1.885	3.718
56.6	1.885	3.718
56.7	1.885	3.718
56.8	1.885	3.718
56.9	1.885	3.718
57	1.885	3.718
57.1	1.885	3.718
57.2	1.885	3.718
57.3	1.885	3.718
57.4	1.885	3.718
57.5	1.885	3.718
57.6	1.885	3.718
57.7	1.885	3.718
57.8	1.885	3.718
57.9	1.885	3.718
58	1.885	3.718
58.1	1.885	3.718
58.2	1.885	3.718
58.3	1.885	3.718
58.4	1.885	3.718
58.5	1.885	3.718
58.6	1.885	3.718
58.7	1.885	3.718
58.8	1.885	3.718
58.9	1.885	3.718
59	1.885	3.718
59.1	1.885	3.718
59.2	1.885	3.718
59.3	1.885	3.718
59.4	1.885	3.718
59.5	1.885	3.718
59.6	1.885	3.718
59.7	1.885	3.718
59.8	1.885	3.718
59.9	1.885	3.718
60	1.885	3.718
60.1	1.885	3.718
60.2	1.885	3.718
60.3	1.885	3.718
60.4	1.885	3.718
60.5	1.885	3.718
60.6	1.885	3.718
60.7	1.885	3.718
60.8	1.885	3.718
60.9	1.885	3.718
61	1.885	3.718
61.1	1.885	3.718
61.2	1.885	3.718
61.3	1.885	3.718
61.4	1.885	3.718
61.5	1.885	3.718
61.6	1.885	3.718
61.7	1.885	3.718
61.8	1.885	3.718
61.9	1.885	3.718
62	1.885	3.718
62.1	1.885	3.718
62.2	1.885	3.718
62.3	1.885	3.718
62.4	1.885	3.718
62.5	1.885	3.718
62.6	1.885	3.718
62.7	1.885	3.718
62.8	1.885	3.718
62.9	1.885	3.718
63	1.885	3.718
63.1	1.885	3.718
63.2	1.885	3.718
63.3	1.885	3.718
63.4	1.885	3.718
63.5	1.885	3.718
63.6	1.885	3.718
63.7	1.885	3.718
63.8	1.885	3.718
63.9	1.885	3.718
64	1.885	3.718
64.1	1.885	3.718
64.2	1.885	3.718
64.3	1.885	3.718
64.4	1.885	3.718
64.5	1.885	3.718
64.6	1.885	3.718
64.7	1.885	3.718
64.8	1.885	3.718
64.9	1.885	3.718
65	1.885	3.718
65.1	1.885	3.718
65.2	1.885	3.718
65.3	1.885	3.718
65.4	1.885	3.718
65.5	1.885	3.718
65.6	1.885	3.718
65.7	1.885	3.718
65.8	1.885	3.718
65.9	1.885	3.718
66	1.885	3.718
66.1	1.885	3.718
66.2	1.885	3.718
66.3	1.885	3.718
66.4	1.885	3.718
66.5	1.885	3.718
66.6	1.885	3.718
66.7	1.885	3.718
66.8	1.885	3.718
66.9	1.885	3.718
67	1.885	3.718
67.1	1.885	3.718
67.2	1.885	3.718
67.3	1.885	3.718
67.4	1.885	3.718
67.5	1.885	3.718
67.6	1.885	3.718
67.7	1.885	3.718
67.8	1.885	3.718
67.9	1.885	3.718
68	1.885	3.718
68.1	1.885	3.718
68.2	1.885	3.718
68.3	1.885	3.718
68.4	1.885	3.718
68.5	1.885	3.718
68.6	1.885	3.718
68.7	1.885	3.718
68.8	1.885	3.718
68.9	1.885	3.718
69	1.885	3.718
69.1	1.885	3.718
69.2	1.885	3.718
69.3	1.885	3.718
69.4	1.885	3.718
69.5	1.885	3.718
69.6	1.885	3.718
69.7	1.885	3.718
69.8	1.885	3.718
69.9	1.885	3.718
70	1.885	3.718
70.1	1.885	3.718
70.2	1.885	3.718
70.3	1.885	3.718
70.4	1.885	3.718
70.5	1.885	3.718
70.6	1.885	3.718
70.7	1.885	3.718
70.8	1.885	3.718
70.9	1.885	3.718
71	1.885	3.718
71.1	1.885	3.718
71.2	1.885	3.718
71.3	1.885	3.718
71.4	1.885	3.718
71.5	1.885	3.718
71.6	1.885	3.718
71.7	1.885	3.718
71.8	1.885	3.718
71.9	1.885	3.718
72	1.885	3.718
72.1	1.885	3.718
72.2	1.885	3.718
72.3	1.885	3.718
72.4	1.885	3.718
72.5	1.885	3.718
72.6	1.885	3.718
72.7	1.885	3.718
72.8	1.885	3.718
72.9	1.885	3.718
73	1.885	3.718
73.1	1.885	3.718
73.2	1.885	3.718
73.3	1.885	3.718
73.4	1.885	3.718
73.5	1.885	3.718
73.6	1.885	3.718
73.7	1.885	3.718
73.8	1.885	3.718
73.9	1.885	3.718
74	1.885	3.718
74.1	1.885	3.718
74.2	1.885	3.718
74.3	1.885	3.718
74.4	1.885	3.718
74.5	1.885	3.718
74.6	1.885	3.718
74.7	1.885	3.718
74.8	1.885	3.718
74.9	1.885	3.718
75	1.885	3.718
75.1	1.885	3.718
75.2	1.885	3.718
75.3	1.885	3.718
75.4	1.885	3.718
75.5	1.885	3.718
75.6	1.885	3.718
75.7	1.885	3.718
75.8	1.885	3.718
75.9	1.885	3.718
76	1.885	3.718
76.1	1.885	3.718
76.2	1.885	3.718
76.3	1.885	3.718
76.4	1.885	3.718
76.5	1.885	3.718
76.6	1.885	3.718
76.7	1.885	3.718
76.8	1.885	3.718
76.9	1.885	3.718
77	1.885	3.718
77.1	1.885	3.718
77.2	1.885	3.718
77.3	1.885	3.718
77.4	1.885	3.718
77.5	1.885	3.718
77.6	1.885	3.718
77.7	1.885	3.718
77.8	1.885	3.718
77.9	1.885	3.718
78	1.885	3.718
78.1	1.885	3.718
78.2	1.885	3.718
78.3	1.885	3.718
78.4	1.885	3.718
78.5	1.885	3.718
78.6	1.885	3.718
78.7	1.885	3.718
78.8	1.885	3.718
78.9	1.885	3.718
79	1.885	3.718
79.1	1.885	3.718
79.2	1.885	3.718
79.3	1.885	3.718
79.4	1.885	3.718
79.5	1.885	3.718
79.6	1.885	3.718
79.7	1.885	3.718
79.8	1.885	3.718
79.9	1.885	3.718
80	1.885	3.718
80.1	1.885	3.718
80.2	1.885	3.718
80.3	1.885	3.718
80.4	1.885	3.718
80.5	1.885	3.718
80.6	1.885	3.718
80.7	1.885	3.718
80.8	1.885	3.718
80.9	1.885	3.718
81	1.885	3.718
81.1	1.885	3.718
81.2	1.885	3.718
81.3	1.885	3.718
81.4	1.885	3.718
81.5	1.885	3.718
81.6	1.885	3.718
81.7	1.885	3.718
81.8	1.885	3.718
81.9	1.885	3.718
82	1.885	3.718
82.1	1.885	3.718
82.2	1.885	3.718
82.3	1.885	3.718
82.4	1.885	3.718
82.5	1.885	3.718
82.6	1.885	3.718
82.7	1.885	3.718
82.8	1.885	3.718
82.9	1.885	3.718
83	1.885	3.718
83.1	1.885	3.718
83.2	1.885	3.718
83.3	1.885	3.718
83.4	1.885	3.718
83.5	1.885	3.718
83.6	1.885	3.718
83.7	1.885	3.718
83.8	1.885	3.718
83.9	1.885	3.718
84	1.885	3.718
84.1	1.885	3.718
84.2	1.885	3.718
84.3	1.885	3.718
84.4	1.885	3.718
84.5	1.885	3.718
84.6	1.885	3.718
84.7	1.885	3.718
84.8	1.885	3.718
84.9	1.885	3.718
85	1.885	3.718
85.1	1.885	3.718
85.2	1.885	3.718
85.3	1.885	3.718
85.4	1.885	3.718
85.5	1.885	3.718
85.6	1.885	3.718
85.7	1.885	3.718
85.8	1.885	3.718
85.9	1.885	3.718
86	1.885	3.718
86.1	1.885	3.718
86.2	1.885	3.718
86.3	1.885	3.718
86.4	1.885	3.718
86.5	1.885	3.718
86.6	1.885	3.718
86.7	1.885	3.718
86.8	1.885	3.718
86.9	1.885	3.718
87	1.885	3.718
87.1	1.885	3.718
87.2	1.885	3.718
87.3	1.885	3.718
87.4	1.885	3.718
87.5	1.885	3.718
87.6	1.885	3.718
87.7	1.885	3.718
87.8	1.885	3.718
87.9	1.885	3.718
88	1.885	3.718
88.1	1.885	3.718
88.2	1.885	3.718
88.3	1.885	3.718
88.4	1.885	3.718
88.5	1.885	3.718
88.6	1.885	3.718
88.7	1.885	3.718
88.8	1.885	3.718
88.9	1.885	3.718
89	1.885	3.718
89.1	1.885	3.718
89.2	1.885	3.718
89.3	1.885	3.718
89.4	1.885	3.718
89.5	1.885	3.718
89.6	1.885	3.718
89.7	1.885	3.718
89.8	1.885	3.718
89.9	1.885	3.718
90	1.885	3.718
90.1	1.885	3.718
90.2	1.885	3.718
90.3	1.885	3.718
90.4	1.885	3.718
90.5	1.885	3.718
90.6	1.885	3.718
90.7	1.885	3.718
90.8	1.885	3.718
90.9	1.885	3.718
91	1.885	3.718
91.1	1.885	3.718
91.2	1.885	3.718
91.3	1.885	3.718
91.4	1.885	3.718
91.5	1.885	3.718
91.6	1.885	3.718
91.7	1.885	3.718
91.8	1.885	3.718
91.9	1.885	3.718
92	1.885	3.718
92.1	1.885	3.718
92.2	1.885	3.718
92.3	1.885	3.718
92.4	1.885	3.718
92.5	1.885	3.718
92.6	1.885	3.718
92.7	1.885	3.718
92.8	1.885	3.718
92.9	1.885	3.718
93	1.885	3.718
93.1	1.885	3.718
93.2	1.885	3.718
93.3	1.885	3.718
93.4	1.885	3.718
93.5	1.885	3.718
93.6	1.885	3.718
93.7	1.885	3.718
93.8	1.885	3.718
93.9	1.885	3.718
94	1.885	3.718
94.1	1.885	3.718
94.2	1.885	3.718
94.3	1.885	3.718
94.4	1.885	3.718
94.5	1.885	3.718
94.6	1.885	3.718
94.7	1.885	3.718
94.8	1.885	3.718
94.9	1.885	3.718
95	1.885	3.718
95.1	1.885	3.718
95.2	1.885	3.718
95.3	1.885	3.718
95.4	1.885	3.718
95.5	1.885	3.718
95.6	1.885	3.718
95.7	1.885	3.718
95.8	1.885	3.718
95.9	1.885	3.718
96	1.885	3.718
96.1	1.885	3.718
96.2	1.885	3.718
96.3	1.885	3.718
96.4	1.885	3.718
96.5	1.885	3.718
96.6	1.885	3.718
96.7	1.885	3.718
96.8	1.885	3.718
96.9	1.885	3.718
97	1.885	3.718
97.1	1.885	3.718
97.2	1.885	3.718
97.3	1.885	3.718
97.4	1.885	3.718
97.5	1.885	3.718
97.6	1.885	3.718
97.7	1.885	3.718
97.8	1.885	3.718
97.9	1.885	3.718
98	1.885	3.718
98.1	1.885	3.718
98.2	1.885	3.718
98.3	1.885	3.718
98.4	1.885	3.718
98.5	1.885	3.718
98.6	1.885	3.718
98.7	1.885	3.718
98.8	1.885	3.718
98.9	1.885	3.718
99	1.885	3.718
99.1	1.885	3.718
99.2	1.885	3.718
99.3	1.885	3.718
99.4	1.885	3.718
99.5	1.885	3.718
99.6	1.885	3.718
99.7	1.885	3.718
99.8	1.885	3.718
99.9	1.885	3.718
100	1.885	3.718
100.1	1.885	3.718
100.2	1.885	3.718
100.3	1.885	3.718
100.4	1.885	3.718
100.5	1.885	3.718
100.6	1.885	3.718
100.7	1.885	3.718
100.8	1.885	3.718
100.9	1.885	3.718
101	1.885	3.718
101.1	1.885	3.718
101.2	1.885	3.718
101.3	1.885	3.718
101.4	1.885	3.718
101.5	1.885	3.718
101.6	1.885	3.718
101.7	1.885	3.718
101.8	1.885	3.718
101.9	1.885	3.718
102	1.885	3.718
102.1	1.885	3.718
102.2	1.885	3.718
102.3	1.885	3.718
102.4	1.885	3.718
102.5	1.885	3.718
102.6	1.885	3.718
102.7	1.885	3.718
102.8	1.885	3.718
102.9	1.885	3.718
103	1.885	3.718
103.1	1.885	3.718
103.2	1.885	3.718
103.3	1.885	3.718
103.4	1.885	3.718
103.5	1.885	3.718
103.6	1.885	3.718
103.7	1.885	3.718
103.8	1.885	3.718
103.9	1.885	3.718
104	1.885	3.718
104.1	1.885	3.718
104.2	1.885	3.718
104.3	1.885	3.718
104.4	1.885	3.718
104.5	1.885	3.718
104.6	1.885	3.718
104.7	1.885	3.718
104.8	1.885	3.718
104.9	1.885	3.718
105	1.885	3.718
105.1	1.885	3.718
105.2	1.885	3.718
105.3	1.885	3.718
105.4	1.885	3.718
105.5	1.885	3.718
105.6	1.885	3.718
105.7	1.885	3.718
105.8	1.885	3.718
105.9	1.885	3.718
106	1.885	3.718
106.1	1.885	3.718
106.2	1.885	3.718
106.3	1.885	3.718
106.4	1.885	3.718
106.5	1.885	3.718
106.6	1.885	3.718
106.7	1.885	3.718
106.8	1.885	3.718
106.9	1.885	3.718
107	1.885	3.718
107.1	1.885	3.718
107.2	1.885	3.718
107.3	1.885	3.718
107.4	1.885	3.718
107.5	1.885	3.718
107.6	1.885	3.718
107.7	1.885	3.718
107.8	1.885	3.718
107.9	1.885	3.718
108	1.885	3.718
108.1	1.885	3.718
108.2	1.885	3.718
108.3	1.885	3.718
108.4	1.885	3.718
108.5	1.885	3.718
108.6	1.885	3.718
108.7	1.885	3.718
108.8	1.885	3.718
108.9	1.885	3.718
109	1.885	3.718
109.1	1.885	3.718
109.2	1.885	3.718
109.3	1.885	3.718
109.4	1.885	3.718
109.5	1.885	3.718
109.6	1.885	3.718
109.7	1.885	3.718
109.8	1.885	3.718
109.9	1.885	3.718
110	1.885	3.718
110.1	1.885	3.718
110.2	1.885	3.718
110.3	1.885	3.718
110.4	1.885	3.718
110.5	1.885	3.718
110.6	1.885	3.718
110.7	1.885	3.718
110.8	1.885	3.718
110.9	1.885	3.718
111	1.885	3.718
111.1	1.885	3.718
111.2	1.885	3.718
111.3	1.885	3.718
111.4	1.885	3.718
111.5	1.885	3.718
111.6	1.885	3.718
111.7	1.885	3.718
111.8	1.885	3.718
111.9	1.885	3.718
112	1.885	3.718
112.1	1.885	3.718
112.2	1.885	3.718
112.3	1.885	3.718
112.4	1.885	3.718
112.5	1.885	3.718
112.6	1.885	3.718
112.7	1.885	3.718
112.8	1.885	3.718
112.9	1.885	3.718
113	1.885	3.718
113.1	1.885	3.718
113.2	1.885	3.718
113.3	1.885	3.718
113.4	1.885	3.718
113.5	1.885	3.718
113.6	1.885	3.718
113.7	1.885	3.718
113.8	1.885	3.718
113.9	1.885	3.718
114	1.885	3.718
114.1	1.885	3.718
114.2	1.885	3.718
114.3	1.885	3.718
114.4	1.885	3.718
114.5	1.885	3.718
114.6	1.885	3.718
114.7	1.885	3.718
114.8	1.885	3.718
114.9	1.885	3.718
115	1.885	3.718
115.1	1.885	3.718
115.2	1.885	3.718
115.3	1.885	3.718
115.4	1.885	3.718
115.5	1.885	3.718
115.6	1.885	3.718
115.7	1.885	3.718
115.8	1.885	3.718
115.9	1.885	3.718
116	1.885	3.718
116.1	1.885	3.718
116.2	1.885	3.718
116.3	1.885	3.718
116.4	1.885	3.718
116.5	1.885	3.718
116.6	1.885	3.718
116.7	1.885	3.718
116.8	1.885	3.718
116.9	1.885	3.718
117	1.885	3.718
117.1	1.885	3.718
117.2	1.885	3.718
117.3	1.885	3.718
117.4	1.885	3.718
117.5	1.885	3.718
117.6	1.885	3.718
117.7	1.885	3.718
117.8	1.885	3.718
117.9	1.885	3.718
118	1.885	3.718
118.1	1.885	3.718
118.2	1.885	3.718
118.3	1.885	3.718
118.4	1.885	3.718
118.5	1.885	3.718
118.6	1.885	3.718
118.7	1.885	3.718
118.8	1.885	3.718
118.9	1.885	3.718
119	1.885	3.718
119.1	1.885	3.718
119.2	1.885	3.718
119.3	1.885	3.718
119.4	1.885	3.718
119.5	1.885	3.718
119.6	1.885	3.718
119.7	1.885	3.718
119.8	1.885	3.718
119.9	1.885	3.718
120	1.885	3.718
120.1	1.885	3.718
120.2	1.885	3.718
120.3	1.885	3.718
120.4	1.885	3.718
120.5	1.885	3.718
120.6	1.885	3.718
120.7	1.885	3.718
120.8	1.885	3.718
120.9	1.885	3.718
121	1.885	3.718
121.1	1.885	3.718
121.2	1.885	3.718
121.3	1.885	3.718
121.4	1.885	3.718
121.5	1.885	3.718
121.6	1.885	3.718
121.7	1.885	3.718
121.8	1.885	3.718
121.9	1.885	3.718
122	1.885	3.718
122.1	1.885	3.718
122.2	1.885	3.718
122.3	1.885	3.718
122.4	1.885	3.718
122.5	1.885	3.718
122.6	1.885	3.718
122.7	1.885	3.718
122.8	1.885	3.718
122.9	1.885	3.718
123	1.885	3.718
123.1	1.885	3.718
123.2	1.885	3.718
123.3	1.885	3.718
123.4	1.885	3.718
123.5	1.885	3.718
123.6	1.885	3.718
123.7	1.885	3.718
123.8	1.885	3.718
123.9	1.885	3.718
124	1.885	3.718
124.1	1.885	3.718
124.2	1.885	3.718
124.3	1.885	3.718
124.4	1.885	3.718
124.5	1.885	3.718
124.6	1.885	3.718
124.7	1.885	3.718
124.8	1.885	3.718
124.9	1.885	3.718
125	1.885	3.718
125.1	1.885	3.718
125.2	1.885	3.718
125.3	1.885	3.718
125.4	1.885	3.718
125.5	1.885	3.718
125.6	1.885	3.718
125.7	1.885	3.718
125.8	1.885	3.718
125.9	1.885	3.718
126	1.885	3.718
126.1	1.885	3.718
126.2	1.885	3.718
126.3	1.885	3.718
126.4	1.885	3.718
126.5	1.885	3.718
126.6	1.885	3.718
126.7	1.885	3.718
126.8	1.885	3.718
126.9	1.885	3.718
127	1.885	3.718
127.1	1.885	3.718
127.2	1.885	3.718
127.3	1.885	3.718
127.4	1.885	3.718
127.5	1.885	3.718
127.6	1.885	3.718
127.7	1.885	3.718
127.8	1.885	3.718
127.9	1.885	3.718
128	1.885	3.718
128.1	1.885	3.718
128.2	1.885	3.718
128.3	1.885	3.718
128.4	1.885	3.718
128.5	1.885	3.718
128.6	1.885	3.718
128.7	1.885	3.718
128.8	1.885	3.718
128.9	1.885	3.718
129	1.885	3.718
129.1	1.885	3.718
129.2	1.885	3.718
129.3	1.885	3.718
129.4	1.885	3.718
129.5	1.885	3.718
129.6	1.885	3.718
129.7	1.885	3.718
129.8	1.885	3.718
129.9	1.885	3.718
130	1.885	3.718
130.1	1.885	3.718
130.2	1.885	3.718
130.3	1.885	3.718
130.4	1.885	3.718
130.5	1.885	3.718
130.6	1.885	3.718
130.7	1.885	3.718
130.8	1.885	3.718
130.9	1.885	3.718
131	1.885	3.718
131.1	1.885	3.718
131.2	1.885	3.718
131.3	1.885	3.718
131.4	1.885	3.718
131.5	1.885	3.718
131.6	1.885	3.718
131.7	1.885	3.718
131.8	1.885	3.718
131.9	1.885	3.718
132	1.885	3.718
132.1	1.885	3.718
132.2	1.885	3.718
132.3	1.885	3.718
132.4	1.885	3.718
132.5	1.885	3.718
132.6	1.885	3.718
132.7	1.885	3.718
132.8	1.885	3.718
132.9	1.885	3.718
133	1.885	3.718
133.1	1.885	3.718
133.2	1.885	3.718
133.3	1.885	3.718
133.4	1.885	3.718
133.5	1.885	3.718
133.6	1.885	3.718
133.7	1.885	3.718
133.8	1.885	3.718
133.9	1.885	3.718
134	1.885	3.718
134.1	1.885	3.718
134.2	1.885	3.718
134.3	1.885	3.718
134.4	1.885	3.718
134.5	1.885	3.718
134.6	1.885	3.718
134.7	1.885	3.718
134.8	1.885	3.718
134.9	1.885	3.718
135	1.885	3.718
135.1	1.885	3.718
135.2	1.885	3.718
135.3	1.885	3.718
135.4	1.885	3.718
135.5	1.885	3.718
135.6	1.885	3.718
135.7	1.885	3.718
135.8	1.885	3.718
135.9	1.885	3.718
136	1.885	3.718
136.1	1.885	3.718
136.2	1.885	3.718
136.3	1.885	3.718
136.4	1.885	3.718
136.5	1.885	3.718
136.6	1.885	3.718
136.7	1.885	3.718
136.8	1.885	3.718
136.9	1.885	3.718
137	1.885	3.718
137.1	1.885	3.718
137.2	1.885	3.718
137.3	1.885	3.718
137.4	1.885	3.718
137.5	1.885	3.718
137.6	1.885	3.718
137.7	1.885	3.718
137.8	1.885	3.718
137.9	1.885	3.718
138	1.885	3.718
138.1	1.885	3.718
138.2	1.885	3.718
138.3	1.885	3.718
138.4	1.885	3.718
138.5	1.885	3.718
138.6	1.885	3.718
138.7	1.885	3.718
138.8	1.885	3.718
138.9	1.885	3.718
139	1.885	3.718
139.1	1.885	3.718
139.2	1.885	3.718
139.3	1.885	3.718
139.4	1.885	3.718
139.5	1.885	3.718
139.6	1.885	3.718
139.7	1.885	3.718
139.8	1.885	3.718
139.9	1.885	3.718
140	1.885	3.718
140.1	1.885	3.718
140.2	1.885	3.718
140.3	1.885	3.718
140.4	1.885	3.718
140.5	1.885	3.718
140.6	1.885	3.718
140.7	1.885	3.718
140.8	1.885	3.718
140.9	1.885	3.718
141	1.885	3.718
141.1	1.885	3.718
141.2	1.885	3.718
141.3	1.885	3.718
141.4	1.885	3.718
141.5	1.885	3.718
141.6	1.885	3.718
141.7	1.885	3.718
141.8	1.885	3.718
141.9	1.885	3.718
142	1.885	3.718
142.1	1.885	3.718
142.2	1.885	3.718
142.3	1.885	3.718
142.4	1.885	3.718
142.5	1.885	3.718
142.6	1.885	3.718
142.7	1.885	3.718
142.8	1.885	3.718
142.9	1.885	3.718
143	1.885	3.718
143.1	1.885	3.718
143.2	1.885	3.718
143.3	1.885	3.718
143.4	1.885	3.718
143.5	1.885	3.718
143.6	1.885	3.718
143.7	1.885	3.718
143.8	1.885	3.718
143.9	1.885	3.718
144	1.885	3.718
144.1	1.885	3.718
144.2	1.885	3.718
144.3	1.885	3.718
144.4	1.885	3.718
144.5	1.885	3.718
144.6	1.885	3.718
144.7	1.885	3.718
144.8	1.885	3.718
144.9	1.885	3.718
145	1.885	3.718
145.1	1.885	3.718
145.2	1.885	3.718
145.3	1.885	3.718
145.4	1.885	3.718
145.5	1.885	3.718
145.6	1.885	3.718
145.7	1.885	3.718
145.8	1.885	3.718
145.9	1.885	3.718
146	1.885	3.718
146.1	1.885	3.718
146.2	1.885	3.718
146.3	1.885	3.718
146.4	1.885	3.718
146.5	1.885	3.718
146.6	1.885	3.718
146.7	1.885	3.718
146.8	1.885	3.718
146.9	1.885	3.718
147	1.885	3.718
147.1	1.885	3.718
147.2	1.885	3.718
147.3	1.885	3.718
147.4	1.885	3.718
147.5	1.885	3.718
147.6	1.889	3.718
147.7	1.902	3.718
147.8	1.932	3.717
147.9	1.979	3.716
148	2.049	3.715
148.1	2.141	3.714
148.2	2.252	3.712
148.3	2.379	3.71
148.4	2.515	3.71
148.5	2.654	3.719
148.6	2.789	3.745
148.7	2.92	3.795
148.8	3.053	3.838
148.9	3.187	3.879
149	3.323	3.915
149.1	3.461	3.94
149.2	3.6	3.961
149.3	3.737	3.97
149.4	3.877	3.974
149.5	4.01	3.973
149.6	4.132	3.953
149.7	4.233	3.936
149.8	4.314	3.913
149.9	4.372	3.889
150	4.411	3.874
150.1	4.432	3.865
150.2	4.441	3.861
150.3	4.443	3.861
150.4	4.439	3.862
150.5	4.419	3.868
150.6	4.375	3.882
150.7	4.302	3.906
150.8	4.202	3.939
150.9	4.081	3.978
151	3.949	4.021
151.1	3.82	4.063
151.2	3.703	4.101
151.3	3.611	4.13
151.4	3.548	4.151
151.5	3.512	4.163
151.6	3.498	4.167
151.7	3.496	4.168
151.8	3.496	4.168
151.9	3.496	4.168
152	3.496	4.168
152.1	3.496	4.168
152.2	3.496	4.168
152.3	3.496	4.168
152.4	3.496	4.168
152.5	3.496	4.168
152.6	3.496	4.168
152.7	3.496	4.168
152.8	3.496	4.168
152.9	3.496	4.168
153	3.496	4.168
153.1	3.496	4.168
153.2	3.496	4.168
153.3	3.496	4.168
153.4	3.496	4.168
153.5	3.496	4.168
153.6	3.496	4.168
153.7	3.496	4.168
153.8	3.496	4.168
153.9	3.496	4.168
154	3.496	4.168
154.1	3.496	4.168
154.2	3.496	4.168
154.3	3.496	4.168
154.4	3.496	4.168
154.5	3.496	4.168
154.6	3.496	4.168
154.7	3.496	4.168
154.8	3.496	4.168
154.9	3.496	4.168
155	3.496	4.168
155.1	3.496	4.168
155.2	3.496	4.168
155.3	3.496	4.168
155.4	3.496	4.168
155.5	3.496	4.168
155.6	3.496	4.168
155.7	3.496	4.168
155.8	3.496	4.168
155.9	3.496	4.168
156	3.496	4.168
156.1	3.496	4.168
156.2	3.496	4.168
156.3	3.496	4.168
156.4	3.496	4.168
156.5	3.496	4.168
156.6	3.496	4.168
156.7	3.496	4.168
156.8	3.496	4.168
156.9	3.496	4.168
157	3.496	4.168
157.1	3.496	4.168
157.2	3.496	4.168
157.3	3.496	4.168
157.4	3.496	4.168
157.5	3.496	4.168
157.6	3.496	4.168
157.7	3.496	4.168
157.8	3.496	4.168
157.9	3.496	4.168
158	3.496	4.168
158.1	3.496	4.168
158.2	3.496	4.168
158.3	3.496	4.168
158.4	3.496	4.168
158.5	3.496	4.168
158.6	3.496	4.168
158.7	3.496	4.168
158.8	3.496	4.168
158.9	3.496	4.168
159	3.496	4.168
159.1	3.496	4.168
159.2	3.496	4.168
159.3	3.496	4.168
159.4	3.496	4.168
159.5	3.496	4.168
159.6	3.496	4.168
159.7	3.496	4.168
159.8	3.496	4.168
159.9	3.496	4.168
160	3.496	4.168
160.1	3.496	4.168
160.2	3.496	4.168
160.3	3.496	4.168
160.4	3.496	4.168
160.5	3.496	4.168
160.6	3.496	4.168
160.7	3.496	4.168
160.8	3.496	4.168
160.9	3.496	4.168
161	3.496	4.168
161.1	3.496	4.168
161.2	3.496	4.168
161.3	3.496	4.168
161.4	3.496	4.168
161.5	3.496	4.168
161.6	3.496	4.168
161.7	3.496	4.168
161.8	3.496	4.168
161.9	3.496	4.168
162	3.496	4.168
162.1	3.496	4.168
162.2	3.496	4.168
162.3	3.496	4.168
162.4	3.496	4.168
162.5	3.496	4.168
162.6	3.496	4.168
162.7	3.496	4.168
162.8	3.496	4.168
162.9	3.496	4.168
163	3.496	4.168
163.1	3.496	4.168
163.2	3.496	4.168
163.3	3.496	4.168
163.4	3.496	4.168
163.5	3.496	4.168
163.6	3.496	4.168
163.7	3.496	4.168
163.8	3.496	4.168
163.9	3.496	4.168
164	3.496	4.168
164.1	3.496	4.168
164.2	3.496	4.168
164.3	3.496	4.168
164.4	3.496	4.168
164.5	3.496	4.168
164.6	3.496	4.168
164.7	3.496	4.168
164.8	3.496	4.168
164.9	3.496	4.168
165	3.496	4.168
165.1	3.496	4.168
165.2	3.496	4.168
165.3	3.496	4.168
165.4	3.496	4.168
165.5	3.496	4.168
165.6	3.496	4.168
165.7	3.496	4.168
165.8	3.496	4.168
165.9	3.496	4.168
166	3.496	4.168
166.1	3.496	4.168
166.2	3.496	4.168
166.3	3.496	4.168
166.4	3.496	4.168
166.5	3.496	4.168
166.6	3.496	4.168
166.7	3.496	4.168
166.8	3.496	4.168
166.9	3.496	4.168
167	3.496	4.168
167.1	3.496	4.168
167.2	3.496	4.168
167.3	3.496	4.168
167.4	3.496	4.168
167.5	3.496	4.168
167.6	3.496	4.168
167.7	3.496	4.168
167.8	3.496	4.168
167.9	3.496	4.168
168	3.496	4.168
168.1	3.496	4.168
168.2	3.496	4.168
168.3	3.496	4.168
168.4	3.496	4.168
168.5	3.496	4.168
168.6	3.496	4.168
168.7	3.496	4.168
168.8	3.496	4.168
168.9	3.496	4.168
169	3.496	4.168
169.1	3.496	4.168
169.2	3.496	4.168
169.3	3.496	4.168
169.4	3.496	4.168
169.5	3.496	4.168
169.6	3.496	4.168
169.7	3.496	4.168
169.8	3.496	4.168
169.9	3.496	4.168
170	3.496	4.168
170.1	3.496	4.168
170.2	3.496	4.168
170.3	3.496	4.168
170.4	3.496	4.168
170.5	3.496	4.168
170.6	3.496	4.168
170.7	3.496	4.168
170.8	3.496	4.168
170.9	3.496	4.168
171	3.496	4.168
171.1	3.496	4.168
171.2	3.496	4.168
171.3	3.496	4.168
171.4	3.496	4.168
171.5	3.496	4.168
171.6	3.496	4.168
171.7	3.496	4.168
171.8	3.496	4.168
171.9	3.496	4.168
172	3.496	4.168
172.1	3.496	4.168
172.2	3.496	4.168
172.3	3.496	4.168
172.4	3.496	4.168
172.5	3.496	4.168
172.6	3.496	4.168
172.7	3.496	4.168
172.8	3.496	4.168
172.9	3.496	4.168
173	3.496	4.168
173.1	3.496	4.168
173.2	3.496	4.168
173.3	3.496	4.168
173.4	3.496	4.168
173.5	3.496	4.168
173.6	3.496	4.168
173.7	3.496	4.168
173.8	3.496	4.168
173.9	3.496	4.168
174	3.496	4.168
174.1	3.496	4.168
174.2	3.496	4.168
174.3	3.496	4.168
174.4	3.496	4.168
174.5	3.496	4.168
174.6	3.496	4.168
174.7	3.496	4.168
174.8	3.496	4.168
174.9	3.496	4.168
175	3.496	4.168
175.1	3.496	4.168
175.2	3.496	4.168
175.3	3.496	4.168
175.4	3.496	4.168
175.5	3.496	4.168
175.6	3.496	4.168
175.7	3.496	4.168
175.8	3.496	4.168
175.9	3.496	4.168
176	3.496	4.168
176.1	3.496	4.168
176.2	3.496	4.168
176.3	3.496	4.168
176.4	3.496	4.168
176.5	3.496	4.168
176.6	3.496	4.168
176.7	3.496	4.168
176.8	3.496	4.168
176.9	3.496	4.168
177	3.496	4.168
177.1	3.496	4.168
177.2	3.496	4.168
177.3	3.496	4.168
177.4	3.496	4.168
177.5	3.496	4.168
177.6	3.496	4.168
177.7	3.496	4.168
177.8	3.496	4.168
177.9	3.496	4.168
178	3.496	4.168
178.1	3.496	4.168
178.2	3.496	4.168
178.3	3.496	4.168
178.4	3.496	4.168
178.5	3.496	4.168
178.6	3.496	4.168
178.7	3.496	4.168
178.8	3.496	4.168
178.9	3.496	4.168
179	3.496	4.168
179.1	3.496	4.168
179.2	3.496	4.168
179.3	3.496	4.168
179.4	3.496	4.168
179.5	3.496	4.168
179.6	3.496	4.168
179.7	3.496	4.168
179.8	3.496	4.168
179.9	3.496	4.168
180	3.496	4.168
180.1	3.496	4.168
180.2	3.496	4.168
180.3	3.496	4.168
180.4	3.496	4.168
180.5	3.496	4.168
180.6	3.496	4.168
180.7	3.496	4.168
180.8	3.496	4.168
180.9	3.496	4.168
181	3.496	4.168
181.1	3.496	4.168
181.2	3.496	4.168
181.3	3.496	4.168
181.4	3.496	4.168
181.5	3.496	4.168
181.6	3.496	4.168
181.7	3.496	4.168
181.8	3.496	4.168
181.9	3.496	4.168
182	3.496	4.168
182.1	3.496	4.168
182.2	3.496	4.168
182.3	3.496	4.168
182.4	3.496	4.168
182.5	3.496	4.168
182.6	3.496	4.168
182.7	3.496	4.168
182.8	3.496	4.168
182.9	3.496	4.168
183	3.496	4.168
183.1	3.496	4.168
183.2	3.496	4.168
183.3	3.496	4.168
183.4	3.496	4.168
183.5	3.496	4.168
183.6	3.496	4.168
183.7	3.496	4.168
183.8	3.496	4.168
183.9	3.496	4.168
184	3.496	4.168
184.1	3.496	4.168
184.2	3.496	4.168
184.3	3.496	4.168
184.4	3.496	4.168
184.5	3.496	4.168
184.6	3.496	4.168
184.7	3.496	4.168
184.8	3.496	4.168
184.9	3.496	4.168
185	3.496	4.168
185.1	3.496	4.168
185.2	3.496	4.168
185.3	3.496	4.168
185.4	3.496	4.168
185.5	3.496	4.168
185.6	3.496	4.168
185.7	3.496	4.168
185.8	3.496	4.168
185.9	3.496	4.168
186	3.496	4.168
186.1	3.496	4.168
186.2	3.496	4.168
186.3	3.496	4.168
186.4	3.496	4.168
186.5	3.496	4.168
186.6	3.496	4.168
186.7	3.496	4.168
186.8	3.496	4.168
186.9	3.496	4.168
187	3.496	4.168
187.1	3.496	4.168
187.2	3.496	4.168
187.3	3.496	4.168
187.4	3.496	4.168
187.5	3.496	4.168
187.6	3.496	4.168
187.7	3.496	4.168
187.8	3.496	4.168
187.9	3.496	4.168
188	3.496	4.168
188.1	3.496	4.168
188.2	3.496	4.168
188.3	3.496	4.168
188.4	3.496	4.168
188.5	3.496	4.168
188.6	3.496	4.168
188.7	3.496	4.168
188.8	3.496	4.168
188.9	3.496	4.168
189	3.496	4.168
189.1	3.496	4.168
189.2	3.496	4.168
189.3	3.496	4.168
189.4	3.496	4.168
189.5	3.496	4.168
189.6	3.496	4.168
189.7	3.496	4.168
189.8	3.496	4.168
189.9	3.496	4.168
190	3.496	4.168
190.1	3.496	4.168
190.2	3.496	4.168
190.3	3.496	4.168
190.4	3.496	4.168
190.5	3.496	4.168
190.6	3.496	4.168
190.7	3.496	4.168
190.8	3.496	4.168
190.9	3.496	4.168
191	3.496	4.168
191.1	3.496	4.168
191.2	3.496	4.168
191.3	3.496	4.168
191.4	3.496	4.168
191.5	3.496	4.168
191.6	3.496	4.168
191.7	3.496	4.168
191.8	3.496	4.168
191.9	3.496	4.168
192	3.496	4.168
192.1	3.496	4.168
192.2	3.496	4.168
192.3	3.496	4.168
192.4	3.496	4.168
192.5	3.496	4.168
192.6	3.496	4.168
192.7	3.496	4.168
192.8	3.496	4.168
192.9	3.496	4.168
193	3.496	4.168
193.1	3.496	4.168
193.2	3.496	4.168
193.3	3.496	4.168
193.4	3.496	4.168
193.5	3.496	4.168
193.6	3.496	4.168
193.7	3.496	4.168
193.8	3.496	4.168
193.9	3.496	4.168
194	3.496	4.168
194.1	3.496	4.168
194.2	3.496	4.168
194.3	3.496	4.168
194.4	3.496	4.168
194.5	3.496	4.168
194.6	3.496	4.168
194.7	3.496	4.168
194.8	3.496	4.168
194.9	3.496	4.168
195	3.496	4.168
195.1	3.496	4.168
195.2	3.496	4.168
195.3	3.496	4.168
195.4	3.496	4.168
195.5	3.496	4.168
195.6	3.496	4.168
195.7	3.496	4.168
195.8	3.496	4.168
195.9	3.496	4.168
196	3.496	4.168
196.1	3.496	4.168
196.2	3.496	4.168
196.3	3.496	4.168
196.4	3.496	4.168
196.5	3.496	4.168
196.6	3.496	4.168
196.7	3.496	4.168
196.8	3.496	4.168
196.9	3.496	4.168
197	3.496	4.168
197.1	3.496	4.168
197.2	3.496	4.168
197.3	3.496	4.168
197.4	3.496	4.168
197.5	3.496	4.168
197.6	3.496	4.168
197.7	3.496	4.168
197.8	3.496	4.168
197.9	3.496	4.168
198	3.496	4.168
198.1	3.496	4.168
198.2	3.496	4.168
198.3	3.496	4.168
198.4	3.496	4.168
198.5	3.496	4.168
198.6	3.496	4.168
198.7	3.496	4.168
198.8	3.496	4.168
198.9	3.496	4.168
199	3.496	4.168
199.1	3.496	4.168
199.2	3.496	4.168
199.3	3.496	4.168
199.4	3.496	4.168
199.5	3.496	4.168
199.6	3.496	4.168
199.7	3.496	4.168
199.8	3.496	4.168
199.9	3.496	4.168
200	3.496	4.168
200.1	3.496	4.168
200.2	3.496	4.168
200.3	3.496	4.168
200.4	3.496	4.168
200.5	3.496	4.168
200.6	3.496	4.168
200.7	3.496	4.168
200.8	3.496	4.168
200.9	3.496	4.168
201	3.496	4.168
201.1	3.496	4.168
201.2	3.496	4.168
201.3	3.496	4.168
201.4	3.496	4.168
201.5	3.496	4.168
201.6	3.496	4.168
201.7	3.496	4.168
201.8	3.496	4.168
201.9	3.496	4.168
202	3.496	4.168
202.1	3.496	4.168
202.2	3.496	4.168
202.3	3.496	4.168
202.4	3.496	4.168
202.5	3.496	4.168
202.6	3.496	4.168
202.7	3.496	4.168
202.8	3.496	4.168
202.9	3.496	4.168
203	3.496	4.168
203.1	3.496	4.168
203.2	3.496	4.168
203.3	3.496	4.168
203.4	3.496	4.168
203.5	3.496	4.168
203.6	3.496	4.168
203.7	3.496	4.168
203.8	3.496	4.168
203.9	3.496	4.168
204	3.496	4.168
204.1	3.496	4.168
204.2	3.496	4.168
204.3	3.496	4.168
204.4	3.496	4.168
204.5	3.496	4.168
204.6	3.496	4.168
204.7	3.496	4.168
204.8	3.496	4.168
204.9	3.496	4.168
205	3.496	4.168
205.1	3.496	4.168
205.2	3.496	4.168
205.3	3.496	4.168
205.4	3.496	4.168
205.5	3.496	4.168
205.6	3.496	4.168
205.7	3.496	4.168
205.8	3.496	4.168
205.9	3.496	4.168
206	3.496	4.168
206.1	3.496	4.168
206.2	3.496	4.168
206.3	3.496	4.168
206.4	3.496	4.168
206.5	3.496	4.168
206.6	3.496	4.168
206.7	3.496	4.168
206.8	3.496	4.168
206.9	3.496	4.168
207	3.496	4.168
207.1	3.496	4.168
207.2	3.496	4.168
207.3	3.496	4.168
207.4	3.496	4.168
207.5	3.496	4.168
207.6	3.496	4.168
207.7	3.496	4.168
207.8	3.496	4.168
207.9	3.496	4.168
208	3.496	4.168
208.1	3.496	4.168
208.2	3.496	4.168
208.3	3.496	4.168
208.4	3.496	4.168
208.5	3.496	4.168
208.6	3.496	4.168
208.7	3.496	4.168
208.8	3.496	4.168
208.9	3.496	4.168
209	3.496	4.168
209.1	3.496	4.168
209.2	3.496	4.168
209.3	3.496	4.168
209.4	3.496	4.168
209.5	3.496	4.168
209.6	3.496	4.168
209.7	3.496	4.168
209.8	3.496	4.168
209.9	3.496	4.168
210	3.496	4.168
210.1	3.496	4.168
210.2	3.496	4.168
210.3	3.496	4.168
210.4	3.496	4.168
210.5	3.496	4.168
210.6	3.496	4.168
210.7	3.496	4.168
210.8	3.496	4.168
210.9	3.496	4.168
211	3.496	4.168
211.1	3.496	4.168
211.2	3.496	4.168
211.3	3.496	4.168
211.4	3.496	4.168
211.5	3.496	4.168
211.6	3.496	4.168
211.7	3.496	4.168
211.8	3.496	4.168
211.9	3.496	4.168
212	3.496	4.168
212.1	3.496	4.168
212.2	3.496	4.168
212.3	3.496	4.168
212.4	3.496	4.168
212.5	3.496	4.168
212.6	3.496	4.168
212.7	3.496	4.168
212.8	3.496	4.168
212.9	3.496	4.168
213	3.496	4.168
213.1	3.496	4.168
213.2	3.496	4.168
213.3	3.496	4.168
213.4	3.496	4.168
213.5	3.496	4.168
213.6	3.496	4.168
213.7	3.496	4.168
213.8	3.496	4.168
213.9	3.496	4.168
214	3.496	4.168
214.1	3.496	4.168
214.2	3.496	4.168
214.3	3.496	4.168
214.4	3.496	4.168
214.5	3.496	4.168
214.6	3.496	4.168
214.7	3.496	4.168
214.8	3.496	4.168
214.9	3.496	4.168
215	3.496	4.168
215.1	3.496	4.168
215.2	3.496	4.168
215.3	3.496	4.168
215.4	3.496	4.168
215.5	3.496	4.168
215.6	3.496	4.168
215.7	3.496	4.168
215.8	3.496	4.168
215.9	3.496	4.168
216	3.496	4.168
216.1	3.496	4.168
