Time	Velocity
0	0
0.1	0.03
0.2	0.13
0.3	0.29
0.4	0.46
0.5	0.7
0.6	0.91
0.7	1.11
0.8	1.26
0.9	1.36
1	1.4
1.1	1.4
1.2	1.4
1.3	1.4
1.4	1.38
1.5	1.29
1.6	1.15
1.7	0.96
1.8	0.75
1.9	0.53
2	0.33
2.1	0.16
2.2	0.05
0	0
0.1	-0.4
0.2	-1.21
0.3	-1.24
0	0
0.1	-0.49
0.2	-1.27
0.3	-1.23
0	0
0.1	-0.49
0.2	-1.27
0.3	-1.24
0	0
0.1	-0.35
0.2	-0.91
0.3	-1
0.4	-0.92
0	0
0.1	-0.21
0.2	-0.54
0.3	-0.6
0.4	-0.6
0.5	-0.6
0.6	-0.59
0	0
0.1	-0.2
0.2	-0.64
0.3	-0.7
0.4	-0.7
0.5	-0.7
0.6	-0.46
0	0
0.1	-0.35
0.2	-0.86
0.3	-1
0.4	-0.92
0	0
0.1	-0.28
0.2	-0.91
0.3	-1
0.4	-0.88
0	0
0.1	-0.28
0.2	-0.91
0.3	-1
0.4	-0.88
0	0
0.1	-0.28
0.2	-0.87
0.3	-1
0.4	-0.92
0	0
0.1	-0.28
0.2	-0.91
0.3	-1
0.4	-0.88
0	0
0.1	-0.28
0.2	-0.91
0.3	-1
0.4	-0.92
0	0
0.1	-0.23
0.2	-0.69
0.3	-0.8
0.4	-0.8
0.5	-0.71
0	0
0.1	-0.28
0.2	-0.72
0.3	-0.8
0.4	-0.8
0.5	-0.67
