Time	X	Z
0	7.258	2.279
0.1	7.258	2.279
0.2	7.258	2.279
0.3	7.258	2.279
0.4	7.258	2.279
0.5	7.258	2.279
0.6	7.258	2.279
0.7	7.258	2.279
0.8	7.258	2.279
0.9	7.258	2.279
1	7.258	2.279
1.1	7.258	2.279
1.2	7.258	2.279
1.3	7.258	2.279
1.4	7.258	2.279
1.5	7.258	2.279
1.6	7.258	2.279
1.7	7.258	2.279
1.8	7.258	2.279
1.9	7.258	2.279
2	7.258	2.279
2.1	7.258	2.279
2.2	7.258	2.279
2.3	7.258	2.279
2.4	7.258	2.279
2.5	7.258	2.279
2.6	7.258	2.279
2.7	7.258	2.279
2.8	7.258	2.279
2.9	7.258	2.279
3	7.258	2.279
3.1	7.258	2.279
3.2	7.258	2.28
3.3	7.258	2.279
3.4	7.258	2.279
3.5	7.258	2.279
3.6	7.258	2.279
3.7	7.258	2.279
3.8	7.258	2.279
3.9	7.258	2.279
4	7.258	2.279
4.1	7.258	2.279
4.2	7.258	2.279
4.3	7.258	2.279
4.4	7.258	2.279
4.5	7.258	2.279
4.6	7.258	2.279
4.7	7.258	2.279
4.8	7.258	2.279
4.9	7.258	2.279
5	7.258	2.279
5.1	7.258	2.279
5.2	7.258	2.279
5.3	7.258	2.279
5.4	7.258	2.279
5.5	7.258	2.279
5.6	7.258	2.279
5.7	7.258	2.279
5.8	7.258	2.279
5.9	7.258	2.279
6	7.258	2.279
6.1	7.258	2.279
6.2	7.258	2.279
6.3	7.258	2.279
6.4	7.258	2.279
6.5	7.258	2.279
6.6	7.258	2.279
6.7	7.258	2.279
6.8	7.258	2.279
6.9	7.258	2.279
7	7.258	2.279
7.1	7.258	2.279
7.2	7.258	2.279
7.3	7.258	2.279
7.4	7.258	2.279
7.5	7.258	2.279
7.6	7.258	2.279
7.7	7.258	2.279
7.8	7.258	2.279
7.9	7.258	2.279
8	7.258	2.279
8.1	7.258	2.279
8.2	7.258	2.279
8.3	7.258	2.279
8.4	7.258	2.279
8.5	7.258	2.279
8.6	7.258	2.279
8.7	7.258	2.279
8.8	7.258	2.279
8.9	7.258	2.279
9	7.258	2.279
9.1	7.258	2.279
9.2	7.258	2.279
9.3	7.258	2.279
9.4	7.258	2.279
9.5	7.258	2.279
9.6	7.258	2.279
9.7	7.258	2.279
9.8	7.258	2.279
9.9	7.258	2.279
10	7.258	2.279
10.1	7.258	2.279
10.2	7.258	2.279
10.3	7.258	2.279
10.4	7.258	2.279
10.5	7.258	2.279
10.6	7.258	2.279
10.7	7.258	2.279
10.8	7.258	2.279
10.9	7.258	2.279
11	7.258	2.279
11.1	7.258	2.279
11.2	7.258	2.279
11.3	7.258	2.279
11.4	7.258	2.279
11.5	7.257	2.279
11.6	7.257	2.279
11.7	7.257	2.279
11.8	7.258	2.279
11.9	7.257	2.279
12	7.257	2.279
12.1	7.245	2.305
12.2	7.222	2.322
12.3	7.17	2.345
12.4	7.109	2.373
12.5	7.063	2.401
12.6	7.039	2.425
12.7	7.036	2.463
12.8	7.049	2.511
12.9	7.073	2.575
13	7.099	2.648
13.1	7.131	2.752
13.2	7.166	2.882
13.3	7.199	3.025
13.4	7.218	3.164
13.5	7.223	3.288
13.6	7.249	3.398
13.7	7.265	3.484
13.8	7.282	3.551
13.9	7.295	3.606
14	7.303	3.65
14.1	7.301	3.691
14.2	7.294	3.731
14.3	7.289	3.778
14.4	7.293	3.831
14.5	7.303	3.894
14.6	7.311	3.953
14.7	7.304	4.005
14.8	7.284	4.052
14.9	7.257	4.093
15	7.236	4.111
15.1	7.214	4.124
15.2	7.198	4.14
15.3	7.186	4.159
15.4	7.179	4.178
15.5	7.186	4.192
15.6	7.197	4.202
15.7	7.205	4.215
15.8	7.215	4.226
15.9	7.218	4.234
16	7.221	4.238
16.1	7.233	4.246
16.2	7.231	4.246
16.3	7.226	4.248
16.4	7.219	4.254
16.5	7.208	4.261
16.6	7.203	4.267
16.7	7.201	4.276
16.8	7.198	4.289
16.9	7.192	4.297
17	7.189	4.309
17.1	7.182	4.327
17.2	7.174	4.351
17.3	7.166	4.377
17.4	7.164	4.4
17.5	7.165	4.427
17.6	7.167	4.455
17.7	7.169	4.486
17.8	7.175	4.517
17.9	7.175	4.546
18	7.176	4.576
18.1	7.18	4.604
18.2	7.189	4.626
18.3	7.202	4.642
18.4	7.217	4.655
18.5	7.231	4.667
18.6	7.246	4.677
18.7	7.264	4.683
18.8	7.283	4.685
18.9	7.308	4.682
19	7.337	4.676
19.1	7.353	4.676
19.2	7.357	4.678
19.3	7.358	4.679
19.4	7.371	4.677
19.5	7.394	4.678
19.6	7.395	4.68
19.7	7.392	4.681
19.8	7.405	4.678
19.9	7.409	4.678
20	7.414	4.679
20.1	7.419	4.68
20.2	7.424	4.681
20.3	7.429	4.679
20.4	7.434	4.68
20.5	7.441	4.681
20.6	7.445	4.682
20.7	7.446	4.685
20.8	7.444	4.687
20.9	7.443	4.69
21	7.443	4.694
21.1	7.444	4.695
21.2	7.446	4.693
21.3	7.445	4.695
21.4	7.446	4.693
21.5	7.453	4.686
21.6	7.457	4.688
21.7	7.46	4.693
21.8	7.459	4.695
21.9	7.458	4.7
22	7.456	4.702
22.1	7.456	4.703
22.2	7.454	4.701
22.3	7.452	4.699
22.4	7.452	4.701
22.5	7.451	4.7
22.6	7.45	4.697
22.7	7.446	4.696
22.8	7.442	4.694
22.9	7.44	4.694
23	7.439	4.693
23.1	7.448	4.698
23.2	7.449	4.698
23.3	7.45	4.698
23.4	7.451	4.698
23.5	7.45	4.697
23.6	7.45	4.697
23.7	7.451	4.696
23.8	7.453	4.696
23.9	7.453	4.696
24	7.452	4.696
24.1	7.451	4.697
24.2	7.45	4.699
24.3	7.448	4.7
24.4	7.447	4.702
24.5	7.446	4.703
24.6	7.435	4.697
24.7	7.431	4.698
24.8	7.426	4.702
24.9	7.42	4.705
25	7.416	4.704
25.1	7.414	4.704
25.2	7.415	4.704
25.3	7.414	4.705
25.4	7.413	4.709
25.5	7.41	4.712
25.6	7.41	4.712
25.7	7.412	4.71
25.8	7.413	4.707
25.9	7.416	4.703
26	7.421	4.701
26.1	7.427	4.704
26.2	7.438	4.706
26.3	7.448	4.706
26.4	7.454	4.705
26.5	7.452	4.703
26.6	7.447	4.703
26.7	7.443	4.703
26.8	7.441	4.702
26.9	7.44	4.701
27	7.44	4.7
27.1	7.441	4.7
27.2	7.44	4.702
27.3	7.438	4.704
27.4	7.435	4.705
27.5	7.435	4.705
27.6	7.436	4.705
27.7	7.436	4.706
27.8	7.434	4.707
27.9	7.437	4.708
28	7.436	4.705
28.1	7.434	4.705
28.2	7.433	4.706
28.3	7.431	4.707
28.4	7.427	4.707
28.5	7.423	4.706
28.6	7.419	4.704
28.7	7.418	4.703
28.8	7.419	4.701
28.9	7.422	4.701
29	7.427	4.699
29.1	7.433	4.699
29.2	7.436	4.702
29.3	7.436	4.702
29.4	7.437	4.696
29.5	7.439	4.691
29.6	7.439	4.691
29.7	7.44	4.694
29.8	7.441	4.695
29.9	7.444	4.696
30	7.447	4.698
30.1	7.447	4.698
30.2	7.447	4.699
30.3	7.444	4.701
30.4	7.441	4.702
30.5	7.441	4.702
30.6	7.441	4.702
30.7	7.441	4.703
30.8	7.444	4.701
30.9	7.448	4.698
31	7.453	4.695
31.1	7.454	4.693
31.2	7.454	4.692
31.3	7.454	4.691
31.4	7.453	4.691
31.5	7.452	4.692
31.6	7.45	4.694
31.7	7.449	4.696
31.8	7.448	4.697
31.9	7.447	4.697
32	7.445	4.697
32.1	7.444	4.697
32.2	7.443	4.696
32.3	7.442	4.696
32.4	7.441	4.696
32.5	7.442	4.695
32.6	7.442	4.695
32.7	7.443	4.694
32.8	7.444	4.694
32.9	7.445	4.694
33	7.446	4.693
33.1	7.447	4.689
33.2	7.448	4.681
33.3	7.45	4.671
33.4	7.453	4.661
33.5	7.457	4.651
33.6	7.461	4.641
33.7	7.468	4.629
33.8	7.478	4.618
33.9	7.49	4.611
34	7.499	4.607
34.1	7.509	4.603
34.2	7.52	4.599
34.3	7.53	4.597
34.4	7.539	4.595
34.5	7.548	4.595
34.6	7.557	4.597
34.7	7.567	4.6
34.8	7.58	4.606
34.9	7.597	4.614
35	7.614	4.621
35.1	7.631	4.623
35.2	7.643	4.622
35.3	7.651	4.617
35.4	7.654	4.612
35.5	7.653	4.609
35.6	7.649	4.607
35.7	7.644	4.604
35.8	7.64	4.601
35.9	7.637	4.599
36	7.632	4.595
36.1	7.605	4.578
36.2	7.559	4.568
36.3	7.515	4.578
36.4	7.49	4.595
36.5	7.474	4.614
36.6	7.465	4.631
36.7	7.462	4.644
36.8	7.463	4.657
36.9	7.462	4.665
37	7.462	4.668
37.1	7.46	4.67
37.2	7.458	4.672
37.3	7.455	4.674
37.4	7.453	4.674
37.5	7.452	4.67
37.6	7.451	4.664
37.7	7.452	4.655
37.8	7.457	4.643
37.9	7.462	4.634
38	7.466	4.63
38.1	7.466	4.631
38.2	7.464	4.638
38.3	7.464	4.65
38.4	7.462	4.662
38.5	7.461	4.677
38.6	7.459	4.692
38.7	7.456	4.704
38.8	7.451	4.715
38.9	7.445	4.722
39	7.438	4.724
39.1	7.431	4.723
39.2	7.427	4.721
39.3	7.425	4.718
39.4	7.424	4.713
39.5	7.424	4.707
39.6	7.425	4.701
39.7	7.427	4.694
39.8	7.428	4.686
39.9	7.428	4.676
40	7.431	4.669
40.1	7.437	4.666
40.2	7.442	4.662
40.3	7.446	4.66
40.4	7.45	4.657
40.5	7.453	4.657
40.6	7.454	4.658
40.7	7.457	4.659
40.8	7.458	4.66
40.9	7.46	4.66
41	7.462	4.659
41.1	7.464	4.66
41.2	7.458	4.658
41.3	7.466	4.661
41.4	7.469	4.659
41.5	7.469	4.658
41.6	7.466	4.657
41.7	7.462	4.653
41.8	7.459	4.651
41.9	7.457	4.651
42	7.456	4.65
42.1	7.457	4.653
42.2	7.459	4.656
42.3	7.461	4.657
42.4	7.462	4.658
42.5	7.465	4.657
42.6	7.466	4.655
42.7	7.466	4.652
42.8	7.457	4.647
42.9	7.447	4.646
43	7.45	4.646
43.1	7.451	4.643
43.2	7.451	4.639
43.3	7.449	4.641
43.4	7.446	4.644
43.5	7.446	4.647
43.6	7.45	4.646
43.7	7.457	4.643
43.8	7.46	4.646
43.9	7.459	4.654
44	7.455	4.657
44.1	7.45	4.654
44.2	7.445	4.653
44.3	7.446	4.654
44.4	7.448	4.66
44.5	7.459	4.661
44.6	7.463	4.667
44.7	7.464	4.671
44.8	7.463	4.673
44.9	7.463	4.674
45	7.461	4.673
45.1	7.459	4.675
45.2	7.46	4.68
45.3	7.455	4.68
45.4	7.453	4.68
45.5	7.45	4.679
45.6	7.448	4.678
45.7	7.446	4.677
45.8	7.445	4.675
45.9	7.444	4.673
46	7.443	4.67
46.1	7.442	4.667
46.2	7.439	4.665
46.3	7.433	4.662
46.4	7.424	4.658
46.5	7.428	4.663
46.6	7.436	4.665
46.7	7.433	4.667
46.8	7.415	4.661
46.9	7.383	4.652
47	7.351	4.636
47.1	7.309	4.616
47.2	7.256	4.591
47.3	7.208	4.55
47.4	7.178	4.483
47.5	7.16	4.386
47.6	7.15	4.252
47.7	7.173	4.081
47.8	7.267	3.912
47.9	7.403	3.785
48	7.538	3.688
48.1	7.634	3.598
48.2	7.683	3.485
48.3	7.685	3.361
48.4	7.632	3.225
48.5	7.535	3.085
48.6	7.435	2.963
48.7	7.36	2.838
48.8	7.294	2.702
48.9	7.243	2.578
49	7.214	2.471
49.1	7.209	2.393
49.2	7.226	2.341
49.3	7.253	2.313
49.4	7.279	2.306
49.5	7.3	2.31
49.6	7.312	2.311
49.7	7.308	2.315
49.8	7.304	2.322
49.9	7.276	2.326
50	7.279	2.324
50.1	7.278	2.324
50.2	7.278	2.324
50.3	7.279	2.325
50.4	7.279	2.325
50.5	7.279	2.325
50.6	7.279	2.325
50.7	7.279	2.325
50.8	7.279	2.325
50.9	7.279	2.325
51	7.28	2.325
51.1	7.28	2.325
51.2	7.28	2.325
51.3	7.28	2.325
51.4	7.28	2.325
51.5	7.28	2.325
51.6	7.28	2.325
51.7	7.28	2.325
51.8	7.28	2.325
51.9	7.28	2.325
52	7.281	2.325
52.1	7.281	2.325
52.2	7.281	2.325
52.3	7.282	2.326
52.4	7.282	2.326
52.5	7.283	2.326
52.6	7.284	2.326
52.7	7.285	2.326
52.8	7.286	2.326
52.9	7.281	2.325
53	7.281	2.325
53.1	7.281	2.326
53.2	7.281	2.326
53.3	7.281	2.326
53.4	7.282	2.326
53.5	7.282	2.326
53.6	7.282	2.326
53.7	7.282	2.326
53.8	7.282	2.326
53.9	7.282	2.326
54	7.282	2.326
54.1	7.282	2.326
54.2	7.282	2.326
54.3	7.282	2.326
54.4	7.282	2.326
54.5	7.283	2.326
54.6	7.283	2.326
54.7	7.283	2.326
54.8	7.283	2.326
54.9	7.283	2.326
55	7.283	2.326
55.1	7.283	2.326
55.2	7.283	2.326
55.3	7.283	2.326
55.4	7.283	2.326
55.5	7.283	2.326
55.6	7.283	2.326
55.7	7.283	2.326
55.8	7.283	2.326
55.9	7.283	2.326
56	7.284	2.326
56.1	7.284	2.326
56.2	7.284	2.326
56.3	7.284	2.326
56.4	7.284	2.326
56.5	7.284	2.326
56.6	7.284	2.326
56.7	7.284	2.326
56.8	7.284	2.326
56.9	7.284	2.326
57	7.284	2.326
57.1	7.284	2.326
57.2	7.284	2.326
57.3	7.284	2.326
57.4	7.284	2.326
57.5	7.284	2.326
57.6	7.284	2.326
57.7	7.284	2.326
57.8	7.284	2.326
57.9	7.285	2.326
58	7.285	2.326
58.1	7.285	2.326
58.2	7.285	2.326
58.3	7.285	2.326
58.4	7.285	2.326
58.5	7.285	2.326
58.6	7.285	2.326
58.7	7.285	2.326
58.8	7.285	2.326
58.9	7.285	2.326
59	7.285	2.326
59.1	7.285	2.326
59.2	7.285	2.326
59.3	7.285	2.326
59.4	7.285	2.326
59.5	7.285	2.326
59.6	7.285	2.326
59.7	7.285	2.326
59.8	7.285	2.326
59.9	7.285	2.326
60	7.285	2.326
60.1	7.285	2.326
60.2	7.285	2.326
60.3	7.285	2.326
60.4	7.285	2.326
60.5	7.285	2.326
60.6	7.285	2.326
60.7	7.285	2.327
60.8	7.286	2.326
60.9	7.286	2.326
61	7.286	2.326
61.1	7.286	2.327
61.2	7.286	2.326
61.3	7.286	2.326
61.4	7.286	2.326
61.5	7.286	2.327
61.6	7.286	2.327
61.7	7.286	2.326
61.8	7.286	2.327
61.9	7.286	2.327
62	7.286	2.326
62.1	7.286	2.327
62.2	7.286	2.327
62.3	7.286	2.327
62.4	7.286	2.326
62.5	7.286	2.327
62.6	7.286	2.327
62.7	7.286	2.327
62.8	7.286	2.327
62.9	7.286	2.327
63	7.286	2.327
63.1	7.286	2.327
63.2	7.286	2.327
63.3	7.286	2.327
63.4	7.286	2.327
63.5	7.286	2.327
63.6	7.286	2.327
63.7	7.286	2.327
63.8	7.286	2.327
63.9	7.286	2.327
64	7.286	2.327
64.1	7.286	2.327
64.2	7.286	2.327
64.3	7.286	2.327
64.4	7.286	2.327
64.5	7.286	2.327
64.6	7.286	2.327
64.7	7.286	2.327
64.8	7.286	2.327
64.9	7.287	2.327
65	7.287	2.327
65.1	7.287	2.327
65.2	7.286	2.327
65.3	7.287	2.327
65.4	7.287	2.327
65.5	7.287	2.327
65.6	7.287	2.327
65.7	7.287	2.327
65.8	7.287	2.327
65.9	7.287	2.327
66	7.287	2.327
66.1	7.287	2.327
66.2	7.287	2.327
66.3	7.287	2.327
66.4	7.287	2.327
66.5	7.287	2.327
66.6	7.287	2.327
66.7	7.287	2.327
66.8	7.287	2.327
66.9	7.287	2.327
67	7.287	2.327
67.1	7.287	2.327
67.2	7.287	2.327
67.3	7.287	2.327
67.4	7.287	2.327
67.5	7.287	2.327
67.6	7.287	2.327
67.7	7.287	2.327
67.8	7.287	2.327
67.9	7.287	2.327
68	7.287	2.327
68.1	7.287	2.327
68.2	7.287	2.327
68.3	7.287	2.327
68.4	7.287	2.327
68.5	7.287	2.327
68.6	7.287	2.327
68.7	7.287	2.327
68.8	7.287	2.327
68.9	7.287	2.327
69	7.287	2.327
69.1	7.287	2.327
69.2	7.287	2.327
69.3	7.287	2.327
69.4	7.287	2.327
69.5	7.287	2.327
69.6	7.287	2.327
69.7	7.287	2.327
69.8	7.288	2.327
69.9	7.288	2.327
70	7.288	2.327
70.1	7.288	2.327
70.2	7.288	2.327
70.3	7.288	2.327
70.4	7.288	2.327
70.5	7.288	2.327
70.6	7.288	2.327
70.7	7.288	2.327
70.8	7.288	2.327
70.9	7.288	2.327
71	7.288	2.327
71.1	7.288	2.327
71.2	7.288	2.327
71.3	7.288	2.327
71.4	7.288	2.327
71.5	7.288	2.327
71.6	7.288	2.327
71.7	7.288	2.327
71.8	7.288	2.327
71.9	7.288	2.327
72	7.288	2.327
72.1	7.288	2.327
72.2	7.288	2.327
72.3	7.288	2.327
72.4	7.288	2.327
72.5	7.288	2.327
72.6	7.288	2.327
72.7	7.288	2.327
72.8	7.288	2.327
72.9	7.288	2.327
73	7.288	2.327
73.1	7.288	2.327
73.2	7.288	2.327
73.3	7.288	2.327
73.4	7.288	2.327
73.5	7.288	2.327
73.6	7.288	2.327
73.7	7.288	2.327
73.8	7.288	2.327
73.9	7.288	2.327
74	7.288	2.327
74.1	7.288	2.327
74.2	7.288	2.327
74.3	7.288	2.327
74.4	7.288	2.327
74.5	7.288	2.327
74.6	7.288	2.327
74.7	7.288	2.327
74.8	7.288	2.327
74.9	7.288	2.327
75	7.288	2.327
75.1	7.288	2.327
75.2	7.288	2.327
75.3	7.288	2.327
75.4	7.288	2.327
75.5	7.288	2.327
75.6	7.288	2.327
75.7	7.288	2.327
75.8	7.288	2.327
75.9	7.288	2.327
76	7.288	2.327
76.1	7.288	2.327
76.2	7.288	2.327
76.3	7.289	2.327
76.4	7.289	2.327
76.5	7.289	2.327
76.6	7.289	2.327
76.7	7.289	2.327
76.8	7.289	2.327
76.9	7.289	2.327
77	7.289	2.327
77.1	7.289	2.327
77.2	7.289	2.327
77.3	7.289	2.327
77.4	7.289	2.327
77.5	7.289	2.327
77.6	7.289	2.327
77.7	7.289	2.327
77.8	7.289	2.327
77.9	7.289	2.327
78	7.289	2.327
78.1	7.289	2.327
78.2	7.289	2.327
78.3	7.289	2.327
78.4	7.289	2.327
78.5	7.289	2.327
78.6	7.289	2.327
78.7	7.289	2.327
78.8	7.289	2.327
78.9	7.289	2.327
79	7.289	2.327
79.1	7.289	2.327
79.2	7.289	2.327
79.3	7.289	2.327
79.4	7.289	2.327
79.5	7.289	2.327
79.6	7.289	2.327
79.7	7.289	2.327
79.8	7.289	2.327
79.9	7.289	2.327
80	7.289	2.327
80.1	7.289	2.327
80.2	7.289	2.327
80.3	7.289	2.327
80.4	7.289	2.327
80.5	7.289	2.327
80.6	7.289	2.327
80.7	7.289	2.327
80.8	7.289	2.327
80.9	7.289	2.327
81	7.289	2.327
81.1	7.289	2.327
81.2	7.289	2.327
81.3	7.289	2.327
81.4	7.289	2.327
81.5	7.289	2.327
81.6	7.289	2.327
81.7	7.289	2.327
81.8	7.289	2.327
81.9	7.289	2.327
82	7.289	2.327
82.1	7.289	2.327
82.2	7.289	2.327
82.3	7.289	2.327
82.4	7.289	2.327
82.5	7.289	2.327
82.6	7.289	2.327
82.7	7.289	2.327
82.8	7.289	2.327
82.9	7.289	2.327
83	7.289	2.327
83.1	7.289	2.327
83.2	7.289	2.327
83.3	7.289	2.327
83.4	7.289	2.327
83.5	7.289	2.327
83.6	7.289	2.327
83.7	7.289	2.327
83.8	7.29	2.327
83.9	7.289	2.327
84	7.289	2.327
84.1	7.29	2.327
84.2	7.29	2.327
84.3	7.29	2.327
84.4	7.289	2.327
84.5	7.29	2.327
84.6	7.29	2.327
84.7	7.29	2.327
84.8	7.29	2.327
84.9	7.29	2.327
85	7.29	2.327
85.1	7.29	2.327
85.2	7.29	2.327
85.3	7.29	2.327
85.4	7.29	2.327
85.5	7.29	2.327
85.6	7.29	2.327
85.7	7.29	2.327
85.8	7.29	2.327
85.9	7.29	2.327
86	7.29	2.327
86.1	7.29	2.327
86.2	7.29	2.327
86.3	7.29	2.327
86.4	7.29	2.327
86.5	7.29	2.327
86.6	7.29	2.327
86.7	7.29	2.327
86.8	7.29	2.327
86.9	7.29	2.327
87	7.29	2.327
87.1	7.29	2.327
87.2	7.29	2.327
87.3	7.29	2.327
87.4	7.29	2.327
87.5	7.29	2.327
87.6	7.29	2.327
87.7	7.29	2.327
87.8	7.29	2.327
87.9	7.29	2.327
88	7.29	2.327
88.1	7.29	2.327
88.2	7.29	2.327
88.3	7.29	2.327
88.4	7.29	2.327
88.5	7.29	2.327
88.6	7.29	2.327
88.7	7.29	2.327
88.8	7.29	2.327
88.9	7.29	2.327
89	7.29	2.327
89.1	7.29	2.327
89.2	7.29	2.327
89.3	7.29	2.327
89.4	7.29	2.327
89.5	7.29	2.327
89.6	7.29	2.327
89.7	7.29	2.327
89.8	7.29	2.327
89.9	7.29	2.327
90	7.29	2.327
90.1	7.29	2.327
90.2	7.29	2.327
90.3	7.29	2.327
90.4	7.29	2.327
90.5	7.29	2.327
90.6	7.29	2.327
90.7	7.29	2.327
90.8	7.29	2.327
90.9	7.29	2.327
91	7.29	2.327
91.1	7.29	2.327
91.2	7.29	2.327
91.3	7.29	2.327
91.4	7.29	2.327
91.5	7.29	2.327
91.6	7.29	2.327
91.7	7.29	2.327
91.8	7.29	2.327
91.9	7.29	2.327
92	7.29	2.327
92.1	7.29	2.327
92.2	7.29	2.327
92.3	7.29	2.327
92.4	7.29	2.327
92.5	7.29	2.327
92.6	7.29	2.327
92.7	7.29	2.327
92.8	7.29	2.327
92.9	7.29	2.327
93	7.29	2.327
93.1	7.29	2.327
93.2	7.29	2.327
93.3	7.29	2.327
93.4	7.29	2.327
93.5	7.29	2.327
93.6	7.291	2.327
93.7	7.291	2.327
93.8	7.291	2.327
93.9	7.29	2.327
94	7.29	2.327
94.1	7.291	2.327
94.2	7.29	2.328
94.3	7.29	2.328
94.4	7.291	2.327
94.5	7.291	2.328
94.6	7.291	2.327
94.7	7.291	2.327
94.8	7.291	2.328
94.9	7.291	2.327
95	7.291	2.328
95.1	7.291	2.328
95.2	7.291	2.328
95.3	7.291	2.328
95.4	7.291	2.327
95.5	7.291	2.327
95.6	7.291	2.327
95.7	7.291	2.327
95.8	7.291	2.328
95.9	7.291	2.328
96	7.291	2.327
96.1	7.291	2.327
96.2	7.291	2.327
96.3	7.291	2.328
96.4	7.291	2.327
96.5	7.291	2.328
96.6	7.291	2.328
96.7	7.291	2.328
96.8	7.291	2.328
96.9	7.291	2.327
97	7.291	2.328
97.1	7.291	2.327
97.2	7.291	2.327
97.3	7.291	2.327
97.4	7.291	2.327
97.5	7.291	2.328
97.6	7.291	2.328
97.7	7.291	2.328
97.8	7.291	2.328
97.9	7.291	2.328
98	7.291	2.328
98.1	7.291	2.328
98.2	7.291	2.327
98.3	7.291	2.328
98.4	7.291	2.328
98.5	7.291	2.328
98.6	7.291	2.327
98.7	7.291	2.328
98.8	7.291	2.328
98.9	7.291	2.328
99	7.291	2.328
99.1	7.291	2.328
99.2	7.291	2.328
99.3	7.291	2.328
99.4	7.291	2.328
99.5	7.291	2.328
99.6	7.291	2.328
99.7	7.291	2.328
99.8	7.291	2.327
99.9	7.291	2.328
100	7.291	2.328
100.1	7.291	2.327
100.2	7.291	2.328
100.3	7.291	2.328
100.4	7.291	2.328
100.5	7.291	2.328
100.6	7.291	2.328
100.7	7.291	2.328
100.8	7.291	2.328
100.9	7.291	2.328
101	7.291	2.328
101.1	7.291	2.328
101.2	7.291	2.328
101.3	7.291	2.328
101.4	7.291	2.328
101.5	7.291	2.328
101.6	7.291	2.328
101.7	7.291	2.327
101.8	7.291	2.328
101.9	7.291	2.328
102	7.291	2.328
102.1	7.291	2.328
102.2	7.291	2.328
102.3	7.291	2.328
102.4	7.291	2.328
102.5	7.291	2.328
102.6	7.291	2.328
102.7	7.291	2.328
102.8	7.291	2.328
102.9	7.291	2.328
103	7.291	2.328
103.1	7.291	2.328
103.2	7.291	2.328
103.3	7.291	2.328
103.4	7.291	2.328
103.5	7.291	2.328
103.6	7.291	2.328
103.7	7.291	2.328
103.8	7.291	2.328
103.9	7.291	2.328
104	7.291	2.328
104.1	7.291	2.328
104.2	7.291	2.328
104.3	7.291	2.328
104.4	7.291	2.328
104.5	7.291	2.328
104.6	7.291	2.328
104.7	7.291	2.328
104.8	7.291	2.328
104.9	7.291	2.328
105	7.291	2.328
105.1	7.291	2.328
105.2	7.291	2.328
105.3	7.291	2.328
105.4	7.291	2.328
105.5	7.291	2.328
105.6	7.291	2.328
105.7	7.291	2.328
105.8	7.291	2.328
105.9	7.291	2.328
106	7.291	2.328
106.1	7.291	2.328
106.2	7.291	2.328
106.3	7.291	2.328
106.4	7.291	2.328
106.5	7.291	2.328
106.6	7.291	2.328
106.7	7.291	2.328
106.8	7.291	2.328
106.9	7.291	2.328
107	7.291	2.328
107.1	7.291	2.328
107.2	7.291	2.328
107.3	7.291	2.328
107.4	7.291	2.328
107.5	7.292	2.328
107.6	7.291	2.328
107.7	7.291	2.328
107.8	7.292	2.328
107.9	7.291	2.328
108	7.292	2.328
108.1	7.292	2.328
108.2	7.291	2.328
108.3	7.292	2.328
108.4	7.291	2.328
108.5	7.291	2.328
108.6	7.291	2.328
108.7	7.291	2.328
108.8	7.291	2.328
108.9	7.292	2.328
109	7.291	2.328
109.1	7.292	2.328
109.2	7.292	2.328
109.3	7.292	2.328
109.4	7.292	2.328
109.5	7.292	2.328
109.6	7.292	2.328
109.7	7.292	2.328
109.8	7.292	2.328
109.9	7.292	2.328
110	7.292	2.328
110.1	7.292	2.328
110.2	7.292	2.328
110.3	7.292	2.328
110.4	7.292	2.328
110.5	7.292	2.328
110.6	7.292	2.328
110.7	7.292	2.328
110.8	7.292	2.328
110.9	7.292	2.328
111	7.292	2.328
111.1	7.292	2.328
111.2	7.292	2.328
111.3	7.292	2.328
111.4	7.292	2.328
111.5	7.292	2.328
111.6	7.292	2.328
111.7	7.292	2.328
111.8	7.292	2.328
111.9	7.292	2.328
112	7.292	2.328
112.1	7.292	2.328
112.2	7.292	2.328
112.3	7.292	2.328
112.4	7.292	2.328
112.5	7.292	2.328
112.6	7.292	2.328
112.7	7.292	2.328
112.8	7.292	2.328
112.9	7.292	2.328
113	7.292	2.328
113.1	7.292	2.328
113.2	7.292	2.328
113.3	7.292	2.328
113.4	7.292	2.328
113.5	7.292	2.328
113.6	7.292	2.328
113.7	7.292	2.328
113.8	7.292	2.328
113.9	7.292	2.328
114	7.292	2.328
114.1	7.292	2.328
114.2	7.292	2.328
114.3	7.292	2.328
114.4	7.292	2.328
114.5	7.292	2.328
114.6	7.292	2.328
114.7	7.292	2.328
114.8	7.292	2.328
114.9	7.292	2.328
115	7.292	2.328
115.1	7.292	2.328
115.2	7.292	2.328
115.3	7.292	2.328
115.4	7.292	2.328
115.5	7.292	2.328
115.6	7.292	2.328
115.7	7.292	2.328
115.8	7.292	2.328
115.9	7.292	2.328
116	7.292	2.328
116.1	7.292	2.328
116.2	7.292	2.328
116.3	7.292	2.328
116.4	7.292	2.328
116.5	7.292	2.328
116.6	7.292	2.328
116.7	7.292	2.328
116.8	7.292	2.328
116.9	7.292	2.328
117	7.292	2.328
117.1	7.292	2.328
117.2	7.292	2.328
117.3	7.292	2.328
117.4	7.292	2.328
117.5	7.292	2.328
117.6	7.292	2.328
117.7	7.292	2.328
117.8	7.292	2.328
117.9	7.292	2.328
118	7.292	2.328
118.1	7.292	2.328
118.2	7.292	2.328
118.3	7.292	2.328
118.4	7.292	2.328
118.5	7.292	2.328
118.6	7.292	2.328
118.7	7.292	2.328
118.8	7.292	2.328
118.9	7.292	2.328
119	7.292	2.328
119.1	7.292	2.328
119.2	7.292	2.328
119.3	7.292	2.328
119.4	7.292	2.328
119.5	7.292	2.328
119.6	7.292	2.328
119.7	7.292	2.328
119.8	7.292	2.328
119.9	7.292	2.328
120	7.292	2.328
120.1	7.292	2.328
120.2	7.292	2.328
120.3	7.292	2.328
120.4	7.292	2.328
120.5	7.292	2.328
120.6	7.292	2.328
120.7	7.292	2.328
120.8	7.292	2.328
120.9	7.292	2.328
121	7.292	2.328
121.1	7.292	2.328
121.2	7.292	2.328
121.3	7.292	2.328
121.4	7.292	2.328
121.5	7.292	2.328
121.6	7.292	2.328
121.7	7.292	2.328
121.8	7.292	2.328
121.9	7.292	2.328
122	7.292	2.328
122.1	7.292	2.328
122.2	7.292	2.328
122.3	7.292	2.328
122.4	7.292	2.328
122.5	7.292	2.328
122.6	7.292	2.328
122.7	7.292	2.328
122.8	7.292	2.328
122.9	7.292	2.328
123	7.292	2.328
123.1	7.292	2.328
123.2	7.292	2.328
123.3	7.292	2.328
123.4	7.292	2.328
123.5	7.292	2.328
123.6	7.292	2.328
123.7	7.292	2.328
123.8	7.292	2.328
123.9	7.292	2.328
124	7.292	2.328
124.1	7.292	2.328
124.2	7.292	2.328
124.3	7.292	2.328
124.4	7.292	2.328
124.5	7.292	2.328
124.6	7.292	2.328
124.7	7.292	2.328
124.8	7.292	2.328
124.9	7.292	2.328
125	7.292	2.328
125.1	7.292	2.328
125.2	7.292	2.328
125.3	7.292	2.328
125.4	7.292	2.328
125.5	7.292	2.328
125.6	7.292	2.328
125.7	7.292	2.328
125.8	7.292	2.328
125.9	7.292	2.328
126	7.292	2.328
126.1	7.292	2.328
126.2	7.292	2.328
126.3	7.292	2.328
126.4	7.292	2.328
126.5	7.292	2.328
126.6	7.292	2.328
126.7	7.292	2.328
126.8	7.292	2.328
126.9	7.292	2.328
127	7.292	2.328
127.1	7.292	2.328
127.2	7.292	2.328
127.3	7.292	2.328
127.4	7.292	2.328
127.5	7.292	2.328
127.6	7.292	2.328
127.7	7.292	2.328
127.8	7.292	2.328
127.9	7.292	2.328
128	7.292	2.328
128.1	7.292	2.328
128.2	7.292	2.328
128.3	7.292	2.328
128.4	7.292	2.328
128.5	7.292	2.328
128.6	7.292	2.328
128.7	7.292	2.328
128.8	7.292	2.328
128.9	7.292	2.328
129	7.292	2.328
129.1	7.292	2.328
129.2	7.292	2.328
129.3	7.292	2.328
129.4	7.292	2.328
129.5	7.292	2.328
129.6	7.293	2.328
129.7	7.292	2.328
129.8	7.292	2.328
129.9	7.293	2.328
130	7.293	2.328
130.1	7.293	2.328
130.2	7.293	2.328
130.3	7.292	2.328
130.4	7.293	2.328
130.5	7.293	2.328
130.6	7.293	2.328
130.7	7.293	2.328
130.8	7.293	2.328
130.9	7.293	2.328
131	7.293	2.328
131.1	7.292	2.328
131.2	7.292	2.328
131.3	7.292	2.328
131.4	7.293	2.328
131.5	7.293	2.328
131.6	7.293	2.328
131.7	7.293	2.328
131.8	7.293	2.328
131.9	7.293	2.328
132	7.293	2.328
132.1	7.293	2.328
132.2	7.293	2.328
132.3	7.293	2.328
132.4	7.293	2.328
132.5	7.293	2.328
132.6	7.293	2.328
132.7	7.293	2.328
132.8	7.293	2.328
132.9	7.293	2.328
133	7.293	2.328
133.1	7.293	2.328
133.2	7.293	2.328
133.3	7.293	2.328
133.4	7.293	2.328
133.5	7.293	2.328
133.6	7.293	2.328
133.7	7.293	2.328
133.8	7.293	2.328
133.9	7.293	2.328
134	7.293	2.328
134.1	7.293	2.328
134.2	7.293	2.328
134.3	7.293	2.328
134.4	7.293	2.328
134.5	7.293	2.328
134.6	7.293	2.328
134.7	7.293	2.328
134.8	7.293	2.328
134.9	7.293	2.328
135	7.293	2.328
135.1	7.293	2.328
135.2	7.293	2.328
135.3	7.293	2.328
135.4	7.293	2.328
135.5	7.293	2.328
135.6	7.293	2.328
135.7	7.293	2.328
135.8	7.293	2.328
135.9	7.293	2.328
136	7.293	2.328
136.1	7.293	2.328
136.2	7.293	2.328
136.3	7.293	2.328
136.4	7.293	2.328
136.5	7.293	2.328
136.6	7.293	2.328
136.7	7.293	2.328
136.8	7.293	2.328
136.9	7.293	2.328
137	7.293	2.328
137.1	7.293	2.328
137.2	7.292	2.328
137.3	7.293	2.328
137.4	7.293	2.328
137.5	7.293	2.328
137.6	7.293	2.328
137.7	7.293	2.328
137.8	7.293	2.328
137.9	7.293	2.328
138	7.293	2.328
138.1	7.293	2.328
138.2	7.293	2.328
138.3	7.293	2.328
138.4	7.293	2.328
138.5	7.293	2.328
138.6	7.293	2.328
138.7	7.293	2.328
138.8	7.293	2.328
138.9	7.293	2.328
139	7.293	2.328
139.1	7.293	2.328
139.2	7.293	2.328
139.3	7.293	2.328
139.4	7.293	2.328
139.5	7.293	2.328
139.6	7.293	2.328
139.7	7.293	2.328
139.8	7.293	2.328
139.9	7.293	2.328
140	7.293	2.328
140.1	7.293	2.328
140.2	7.293	2.328
140.3	7.293	2.328
140.4	7.293	2.328
140.5	7.293	2.328
140.6	7.293	2.328
140.7	7.293	2.328
140.8	7.293	2.328
140.9	7.293	2.328
141	7.293	2.328
141.1	7.293	2.328
141.2	7.293	2.328
141.3	7.293	2.328
141.4	7.293	2.328
141.5	7.293	2.328
141.6	7.293	2.328
141.7	7.293	2.328
141.8	7.293	2.328
141.9	7.293	2.328
142	7.293	2.328
142.1	7.293	2.328
142.2	7.293	2.328
142.3	7.293	2.328
142.4	7.293	2.328
142.5	7.293	2.328
142.6	7.293	2.328
142.7	7.293	2.328
142.8	7.293	2.328
142.9	7.293	2.328
143	7.293	2.328
143.1	7.293	2.328
143.2	7.293	2.328
143.3	7.293	2.328
143.4	7.293	2.328
143.5	7.293	2.328
143.6	7.293	2.328
143.7	7.293	2.328
143.8	7.293	2.328
143.9	7.293	2.328
144	7.293	2.328
144.1	7.293	2.328
144.2	7.293	2.328
144.3	7.293	2.328
144.4	7.293	2.328
144.5	7.293	2.328
144.6	7.293	2.328
144.7	7.293	2.328
144.8	7.293	2.328
144.9	7.293	2.328
145	7.293	2.328
145.1	7.293	2.328
145.2	7.293	2.328
145.3	7.293	2.328
145.4	7.293	2.328
145.5	7.293	2.328
145.6	7.293	2.328
145.7	7.293	2.328
145.8	7.293	2.328
145.9	7.293	2.328
146	7.293	2.328
146.1	7.293	2.328
146.2	7.293	2.328
146.3	7.293	2.328
146.4	7.293	2.328
146.5	7.293	2.328
146.6	7.293	2.328
146.7	7.293	2.328
146.8	7.293	2.328
146.9	7.293	2.328
147	7.293	2.328
147.1	7.293	2.328
147.2	7.293	2.328
147.3	7.293	2.328
147.4	7.293	2.328
147.5	7.293	2.328
147.6	7.293	2.328
147.7	7.293	2.328
147.8	7.293	2.328
147.9	7.293	2.328
148	7.293	2.328
148.1	7.293	2.328
148.2	7.293	2.328
148.3	7.293	2.328
148.4	7.293	2.328
148.5	7.293	2.328
148.6	7.293	2.328
148.7	7.293	2.328
148.8	7.293	2.328
148.9	7.293	2.328
149	7.293	2.328
149.1	7.293	2.328
149.2	7.293	2.328
149.3	7.293	2.328
149.4	7.293	2.328
149.5	7.293	2.328
149.6	7.293	2.328
149.7	7.293	2.328
149.8	7.293	2.328
149.9	7.293	2.328
150	7.293	2.328
150.1	7.293	2.328
150.2	7.293	2.328
150.3	7.293	2.328
150.4	7.293	2.328
150.5	7.293	2.328
150.6	7.293	2.328
150.7	7.293	2.328
150.8	7.293	2.328
150.9	7.293	2.328
151	7.293	2.328
151.1	7.293	2.328
151.2	7.293	2.328
151.3	7.293	2.328
151.4	7.293	2.328
151.5	7.293	2.328
151.6	7.293	2.328
151.7	7.293	2.328
151.8	7.293	2.328
151.9	7.293	2.328
152	7.293	2.328
152.1	7.293	2.328
152.2	7.293	2.328
152.3	7.293	2.328
152.4	7.293	2.328
152.5	7.293	2.328
152.6	7.293	2.328
152.7	7.293	2.328
152.8	7.293	2.328
152.9	7.293	2.328
153	7.293	2.328
153.1	7.293	2.328
153.2	7.293	2.328
153.3	7.293	2.328
153.4	7.293	2.328
153.5	7.293	2.328
153.6	7.293	2.328
153.7	7.293	2.328
153.8	7.293	2.328
153.9	7.293	2.328
154	7.293	2.328
154.1	7.293	2.328
154.2	7.293	2.328
154.3	7.293	2.328
154.4	7.293	2.328
154.5	7.293	2.328
154.6	7.293	2.328
154.7	7.293	2.328
154.8	7.293	2.328
154.9	7.293	2.328
155	7.293	2.328
155.1	7.293	2.328
155.2	7.293	2.328
155.3	7.293	2.328
155.4	7.293	2.328
155.5	7.293	2.328
155.6	7.293	2.328
155.7	7.293	2.328
155.8	7.293	2.328
155.9	7.293	2.328
156	7.293	2.328
156.1	7.293	2.328
156.2	7.293	2.328
156.3	7.293	2.328
156.4	7.293	2.328
156.5	7.293	2.328
156.6	7.293	2.328
156.7	7.293	2.328
156.8	7.293	2.328
156.9	7.293	2.328
157	7.293	2.328
157.1	7.293	2.328
157.2	7.293	2.328
157.3	7.293	2.328
157.4	7.293	2.328
157.5	7.293	2.328
157.6	7.293	2.328
157.7	7.293	2.328
157.8	7.293	2.328
157.9	7.293	2.328
158	7.293	2.328
158.1	7.293	2.328
158.2	7.293	2.328
158.3	7.293	2.328
158.4	7.293	2.328
158.5	7.293	2.328
158.6	7.293	2.328
158.7	7.293	2.328
158.8	7.293	2.328
158.9	7.293	2.328
159	7.293	2.328
159.1	7.293	2.328
159.2	7.293	2.328
159.3	7.293	2.328
159.4	7.293	2.328
159.5	7.293	2.328
159.6	7.293	2.328
159.7	7.293	2.328
159.8	7.293	2.328
159.9	7.293	2.328
160	7.293	2.328
160.1	7.293	2.328
160.2	7.293	2.328
160.3	7.293	2.328
160.4	7.293	2.328
160.5	7.293	2.328
160.6	7.293	2.328
160.7	7.293	2.328
160.8	7.293	2.328
160.9	7.293	2.328
161	7.293	2.328
161.1	7.293	2.328
161.2	7.293	2.328
161.3	7.293	2.328
161.4	7.293	2.328
161.5	7.293	2.328
161.6	7.293	2.328
161.7	7.293	2.328
161.8	7.293	2.328
161.9	7.293	2.328
162	7.293	2.328
162.1	7.293	2.328
162.2	7.293	2.328
162.3	7.293	2.328
162.4	7.293	2.328
162.5	7.293	2.328
162.6	7.293	2.328
162.7	7.293	2.328
162.8	7.293	2.328
162.9	7.293	2.328
163	7.293	2.328
163.1	7.293	2.328
163.2	7.293	2.328
163.3	7.293	2.328
163.4	7.293	2.328
163.5	7.293	2.328
163.6	7.293	2.328
163.7	7.293	2.328
163.8	7.293	2.328
163.9	7.293	2.328
164	7.293	2.328
164.1	7.293	2.328
164.2	7.293	2.328
164.3	7.293	2.328
164.4	7.293	2.328
164.5	7.293	2.328
164.6	7.293	2.328
164.7	7.293	2.328
164.8	7.293	2.328
164.9	7.293	2.328
165	7.293	2.328
165.1	7.293	2.328
165.2	7.293	2.328
165.3	7.293	2.328
165.4	7.293	2.328
165.5	7.293	2.328
165.6	7.293	2.328
165.7	7.293	2.328
165.8	7.293	2.328
165.9	7.293	2.328
166	7.293	2.328
166.1	7.293	2.328
166.2	7.293	2.328
166.3	7.293	2.328
166.4	7.293	2.328
166.5	7.293	2.328
166.6	7.293	2.328
166.7	7.293	2.328
166.8	7.293	2.328
166.9	7.293	2.328
167	7.293	2.328
167.1	7.293	2.328
167.2	7.293	2.328
167.3	7.293	2.328
167.4	7.293	2.328
167.5	7.293	2.328
167.6	7.293	2.328
167.7	7.293	2.328
167.8	7.293	2.328
167.9	7.293	2.328
168	7.293	2.328
168.1	7.293	2.328
168.2	7.293	2.328
168.3	7.293	2.328
168.4	7.293	2.328
168.5	7.293	2.328
168.6	7.293	2.328
168.7	7.293	2.328
168.8	7.293	2.328
168.9	7.293	2.328
169	7.293	2.328
169.1	7.293	2.328
169.2	7.293	2.328
169.3	7.293	2.328
169.4	7.293	2.328
169.5	7.293	2.328
169.6	7.293	2.328
169.7	7.293	2.328
169.8	7.293	2.328
169.9	7.293	2.328
170	7.293	2.328
170.1	7.293	2.328
170.2	7.293	2.328
170.3	7.293	2.328
170.4	7.293	2.328
170.5	7.293	2.328
170.6	7.293	2.328
170.7	7.293	2.328
170.8	7.293	2.328
170.9	7.293	2.328
171	7.293	2.328
171.1	7.293	2.328
171.2	7.293	2.328
171.3	7.293	2.328
171.4	7.293	2.328
171.5	7.293	2.328
171.6	7.293	2.328
171.7	7.293	2.328
171.8	7.293	2.328
171.9	7.293	2.328
172	7.293	2.328
172.1	7.293	2.328
172.2	7.293	2.328
172.3	7.293	2.328
172.4	7.293	2.328
172.5	7.293	2.328
172.6	7.293	2.328
172.7	7.293	2.328
172.8	7.293	2.328
172.9	7.293	2.328
173	7.293	2.328
173.1	7.293	2.328
173.2	7.293	2.328
173.3	7.293	2.328
173.4	7.293	2.328
173.5	7.293	2.328
173.6	7.293	2.328
173.7	7.293	2.328
173.8	7.293	2.328
173.9	7.293	2.328
174	7.293	2.328
174.1	7.293	2.328
174.2	7.293	2.328
174.3	7.293	2.328
174.4	7.293	2.328
174.5	7.293	2.328
174.6	7.293	2.328
174.7	7.293	2.328
174.8	7.293	2.328
174.9	7.293	2.328
175	7.293	2.328
175.1	7.293	2.328
175.2	7.293	2.328
175.3	7.293	2.328
175.4	7.293	2.328
175.5	7.293	2.328
175.6	7.293	2.328
175.7	7.293	2.328
175.8	7.293	2.328
175.9	7.293	2.328
176	7.293	2.328
176.1	7.293	2.328
176.2	7.293	2.328
176.3	7.293	2.328
176.4	7.293	2.328
176.5	7.293	2.328
176.6	7.293	2.328
176.7	7.293	2.328
176.8	7.293	2.328
176.9	7.293	2.328
177	7.293	2.328
177.1	7.293	2.328
177.2	7.293	2.328
177.3	7.293	2.328
177.4	7.293	2.328
177.5	7.293	2.328
177.6	7.293	2.328
177.7	7.293	2.328
177.8	7.293	2.328
177.9	7.293	2.328
178	7.293	2.328
178.1	7.293	2.328
178.2	7.293	2.328
178.3	7.293	2.328
178.4	7.293	2.328
178.5	7.293	2.328
178.6	7.293	2.328
178.7	7.293	2.328
178.8	7.293	2.328
178.9	7.293	2.328
179	7.293	2.328
179.1	7.293	2.328
179.2	7.293	2.328
179.3	7.293	2.328
179.4	7.293	2.328
179.5	7.293	2.328
179.6	7.293	2.328
179.7	7.293	2.328
179.8	7.293	2.328
179.9	7.293	2.328
180	7.293	2.328
180.1	7.293	2.328
180.2	7.293	2.328
180.3	7.293	2.328
180.4	7.293	2.328
180.5	7.293	2.328
180.6	7.293	2.328
180.7	7.293	2.328
180.8	7.293	2.328
180.9	7.293	2.328
181	7.293	2.328
181.1	7.293	2.328
181.2	7.293	2.328
181.3	7.293	2.328
181.4	7.293	2.328
181.5	7.293	2.328
181.6	7.293	2.328
181.7	7.293	2.328
181.8	7.293	2.328
181.9	7.293	2.328
182	7.294	2.328
182.1	7.293	2.328
182.2	7.293	2.328
182.3	7.293	2.328
182.4	7.293	2.328
182.5	7.293	2.328
182.6	7.293	2.328
182.7	7.293	2.328
182.8	7.293	2.328
182.9	7.293	2.328
183	7.293	2.328
183.1	7.293	2.328
183.2	7.293	2.328
183.3	7.293	2.328
183.4	7.293	2.328
183.5	7.293	2.328
183.6	7.293	2.328
183.7	7.293	2.328
183.8	7.293	2.328
183.9	7.293	2.328
184	7.293	2.328
184.1	7.293	2.328
184.2	7.293	2.328
184.3	7.293	2.328
184.4	7.293	2.328
184.5	7.293	2.328
184.6	7.293	2.328
184.7	7.293	2.328
184.8	7.293	2.328
184.9	7.293	2.328
185	7.293	2.328
185.1	7.293	2.328
185.2	7.293	2.328
185.3	7.293	2.328
185.4	7.293	2.328
185.5	7.293	2.328
185.6	7.293	2.328
185.7	7.293	2.328
185.8	7.293	2.328
185.9	7.293	2.328
186	7.293	2.328
186.1	7.293	2.328
186.2	7.293	2.328
186.3	7.293	2.328
186.4	7.293	2.328
186.5	7.293	2.328
186.6	7.293	2.328
186.7	7.293	2.328
186.8	7.293	2.328
186.9	7.293	2.328
187	7.292	2.328
187.1	7.292	2.328
187.2	7.292	2.328
187.3	7.292	2.328
187.4	7.292	2.328
187.5	7.292	2.328
187.6	7.293	2.327
187.7	7.293	2.325
187.8	7.283	2.345
187.9	7.261	2.409
188	7.233	2.496
188.1	7.204	2.576
188.2	7.175	2.647
188.3	7.163	2.713
188.4	7.168	2.776
188.5	7.191	2.829
188.6	7.222	2.872
188.7	7.256	2.908
188.8	7.285	2.951
188.9	7.305	3.005
189	7.315	3.065
189.1	7.312	3.124
189.2	7.296	3.18
189.3	7.274	3.238
189.4	7.26	3.295
189.5	7.262	3.347
189.6	7.277	3.393
189.7	7.295	3.434
189.8	7.313	3.474
189.9	7.33	3.523
190	7.344	3.578
190.1	7.351	3.629
190.2	7.354	3.676
190.3	7.354	3.723
190.4	7.344	3.777
190.5	7.315	3.841
190.6	7.272	3.919
190.7	7.23	4.006
190.8	7.203	4.096
190.9	7.199	4.178
191	7.209	4.245
191.1	7.223	4.303
191.2	7.226	4.357
191.3	7.226	4.404
191.4	7.228	4.454
191.5	7.244	4.491
191.6	7.27	4.535
191.7	7.298	4.584
191.8	7.309	4.622
191.9	7.304	4.639
192	7.289	4.653
192.1	7.265	4.666
192.2	7.227	4.678
192.3	7.198	4.696
192.4	7.186	4.722
192.5	7.169	4.73
192.6	7.157	4.728
192.7	7.153	4.716
192.8	7.161	4.697
192.9	7.172	4.678
193	7.188	4.657
193.1	7.209	4.634
193.2	7.237	4.614
193.3	7.269	4.602
193.4	7.294	4.604
193.5	7.315	4.608
193.6	7.328	4.614
193.7	7.324	4.616
193.8	7.327	4.622
193.9	7.326	4.628
194	7.337	4.632
194.1	7.346	4.633
194.2	7.35	4.631
194.3	7.353	4.632
194.4	7.35	4.639
194.5	7.335	4.647
194.6	7.289	4.654
194.7	7.263	4.658
194.8	7.246	4.66
194.9	7.225	4.655
195	7.223	4.653
195.1	7.239	4.654
195.2	7.256	4.648
195.3	7.276	4.637
195.4	7.294	4.626
195.5	7.331	4.62
195.6	7.352	4.621
195.7	7.371	4.628
195.8	7.369	4.638
195.9	7.374	4.649
196	7.374	4.659
196.1	7.381	4.669
196.2	7.385	4.677
196.3	7.381	4.68
196.4	7.385	4.684
196.5	7.383	4.696
196.6	7.381	4.704
196.7	7.382	4.712
196.8	7.382	4.72
196.9	7.385	4.722
197	7.39	4.715
197.1	7.398	4.697
197.2	7.408	4.683
197.3	7.41	4.675
197.4	7.414	4.674
197.5	7.416	4.678
197.6	7.418	4.681
197.7	7.423	4.687
197.8	7.425	4.686
197.9	7.426	4.683
198	7.425	4.679
198.1	7.426	4.678
198.2	7.427	4.679
198.3	7.424	4.68
198.4	7.422	4.683
198.5	7.417	4.685
198.6	7.413	4.686
198.7	7.404	4.684
198.8	7.401	4.682
198.9	7.4	4.682
199	7.401	4.683
199.1	7.401	4.684
199.2	7.399	4.683
199.3	7.395	4.681
199.4	7.389	4.681
199.5	7.382	4.679
199.6	7.373	4.677
199.7	7.366	4.676
199.8	7.363	4.677
199.9	7.361	4.675
200	7.362	4.676
200.1	7.366	4.679
200.2	7.368	4.681
200.3	7.371	4.684
200.4	7.373	4.684
200.5	7.375	4.683
200.6	7.375	4.682
200.7	7.373	4.683
200.8	7.372	4.685
200.9	7.372	4.687
201	7.369	4.688
201.1	7.367	4.686
201.2	7.369	4.687
201.3	7.372	4.689
201.4	7.375	4.69
201.5	7.376	4.691
201.6	7.373	4.69
201.7	7.369	4.693
201.8	7.364	4.693
201.9	7.364	4.692
202	7.362	4.691
202.1	7.362	4.691
202.2	7.362	4.692
202.3	7.364	4.693
202.4	7.364	4.693
202.5	7.366	4.697
202.6	7.368	4.701
202.7	7.371	4.702
202.8	7.373	4.702
202.9	7.374	4.7
203	7.376	4.698
203.1	7.377	4.696
203.2	7.379	4.695
203.3	7.381	4.695
203.4	7.383	4.698
203.5	7.383	4.7
203.6	7.384	4.702
203.7	7.385	4.704
203.8	7.387	4.703
203.9	7.388	4.704
204	7.389	4.703
204.1	7.391	4.702
204.2	7.391	4.7
204.3	7.392	4.698
204.4	7.394	4.697
204.5	7.395	4.697
204.6	7.396	4.697
204.7	7.397	4.696
204.8	7.396	4.696
204.9	7.394	4.697
205	7.391	4.697
205.1	7.39	4.695
205.2	7.39	4.695
205.3	7.389	4.697
205.4	7.389	4.699
205.5	7.389	4.697
205.6	7.389	4.695
205.7	7.388	4.695
205.8	7.388	4.695
205.9	7.389	4.695
206	7.389	4.695
206.1	7.389	4.696
206.2	7.391	4.696
206.3	7.392	4.697
206.4	7.393	4.698
206.5	7.393	4.698
206.6	7.389	4.696
206.7	7.389	4.696
206.8	7.387	4.693
206.9	7.388	4.693
207	7.389	4.693
207.1	7.392	4.693
207.2	7.394	4.693
207.3	7.394	4.692
207.4	7.394	4.691
207.5	7.394	4.69
207.6	7.395	4.69
207.7	7.396	4.691
207.8	7.396	4.691
207.9	7.395	4.69
208	7.396	4.689
208.1	7.398	4.689
208.2	7.399	4.688
208.3	7.4	4.69
208.4	7.401	4.692
208.5	7.399	4.693
208.6	7.396	4.691
208.7	7.392	4.687
208.8	7.387	4.678
208.9	7.384	4.669
209	7.381	4.663
209.1	7.38	4.66
209.2	7.381	4.658
209.3	7.384	4.659
209.4	7.385	4.662
209.5	7.387	4.665
209.6	7.392	4.668
209.7	7.4	4.671
209.8	7.405	4.673
209.9	7.404	4.677
210	7.404	4.679
210.1	7.402	4.682
210.2	7.401	4.681
210.3	7.401	4.681
210.4	7.399	4.681
210.5	7.397	4.684
210.6	7.398	4.685
210.7	7.394	4.683
210.8	7.391	4.681
210.9	7.387	4.679
211	7.38	4.676
211.1	7.375	4.673
211.2	7.371	4.671
211.3	7.372	4.67
211.4	7.375	4.668
211.5	7.378	4.664
211.6	7.378	4.66
211.7	7.378	4.655
211.8	7.379	4.651
211.9	7.377	4.646
212	7.375	4.642
212.1	7.372	4.641
212.2	7.371	4.641
212.3	7.37	4.643
212.4	7.369	4.643
212.5	7.377	4.637
212.6	7.391	4.624
212.7	7.411	4.604
212.8	7.445	4.585
212.9	7.477	4.57
213	7.505	4.563
213.1	7.528	4.56
213.2	7.547	4.559
213.3	7.557	4.557
213.4	7.558	4.554
213.5	7.547	4.546
213.6	7.521	4.536
213.7	7.476	4.533
213.8	7.431	4.547
213.9	7.406	4.567
214	7.395	4.577
214.1	7.389	4.576
214.2	7.387	4.573
214.3	7.385	4.574
214.4	7.383	4.577
214.5	7.38	4.577
214.6	7.378	4.567
214.7	7.376	4.549
214.8	7.375	4.539
214.9	7.373	4.547
215	7.372	4.57
215.1	7.369	4.603
215.2	7.366	4.637
215.3	7.361	4.672
215.4	7.352	4.704
215.5	7.34	4.723
215.6	7.33	4.726
215.7	7.326	4.718
215.8	7.33	4.71
215.9	7.338	4.706
216	7.347	4.705
216.1	7.357	4.705
216.2	7.365	4.706
216.3	7.371	4.708
216.4	7.374	4.709
216.5	7.374	4.707
216.6	7.373	4.703
216.7	7.371	4.698
216.8	7.367	4.688
216.9	7.355	4.671
217	7.334	4.633
217.1	7.329	4.578
217.2	7.342	4.535
217.3	7.354	4.508
217.4	7.357	4.483
217.5	7.356	4.464
217.6	7.342	4.445
217.7	7.321	4.426
217.8	7.299	4.415
217.9	7.269	4.411
218	7.234	4.411
218.1	7.195	4.417
218.2	7.158	4.422
218.3	7.134	4.425
218.4	7.119	4.417
218.5	7.109	4.398
218.6	7.108	4.372
218.7	7.11	4.335
218.8	7.115	4.286
218.9	7.119	4.243
219	7.12	4.218
219.1	7.116	4.206
219.2	7.108	4.204
219.3	7.091	4.204
219.4	7.074	4.212
219.5	7.053	4.228
219.6	7.033	4.243
219.7	7.016	4.253
219.8	7.003	4.254
219.9	6.992	4.244
220	6.979	4.227
220.1	6.968	4.203
220.2	6.961	4.17
220.3	6.952	4.143
220.4	6.947	4.128
220.5	6.945	4.124
220.6	6.949	4.133
220.7	6.961	4.159
220.8	6.979	4.197
220.9	7.004	4.231
221	7.032	4.256
221.1	7.059	4.274
221.2	7.077	4.288
221.3	7.092	4.311
221.4	7.108	4.337
221.5	7.128	4.362
221.6	7.147	4.38
221.7	7.168	4.391
221.8	7.188	4.391
221.9	7.202	4.387
222	7.217	4.375
222.1	7.222	4.349
222.2	7.211	4.321
222.3	7.196	4.295
222.4	7.181	4.276
222.5	7.162	4.278
222.6	7.129	4.298
222.7	7.07	4.313
222.8	7.008	4.299
222.9	6.969	4.266
223	6.953	4.238
223.1	6.945	4.216
223.2	6.942	4.201
223.3	6.943	4.191
223.4	6.944	4.183
223.5	6.947	4.18
223.6	6.948	4.18
223.7	6.948	4.181
223.8	6.949	4.181
223.9	6.948	4.177
224	6.948	4.174
224.1	6.949	4.173
224.2	6.95	4.173
224.3	6.951	4.173
224.4	6.952	4.17
224.5	6.954	4.157
224.6	6.96	4.137
224.7	6.966	4.127
224.8	6.956	4.141
224.9	6.947	4.173
225	6.957	4.214
225.1	6.989	4.252
225.2	7.034	4.285
225.3	7.084	4.311
225.4	7.136	4.329
225.5	7.175	4.334
225.6	7.195	4.33
225.7	7.196	4.314
225.8	7.178	4.298
225.9	7.151	4.284
226	7.13	4.27
226.1	7.119	4.26
226.2	7.119	4.254
226.3	7.124	4.251
226.4	7.129	4.25
226.5	7.134	4.25
226.6	7.137	4.25
226.7	7.137	4.25
226.8	7.137	4.251
226.9	7.138	4.252
227	7.139	4.253
227.1	7.141	4.252
227.2	7.138	4.252
227.3	7.137	4.253
227.4	7.137	4.253
227.5	7.136	4.253
227.6	7.133	4.255
227.7	7.134	4.256
227.8	7.137	4.258
227.9	7.14	4.26
228	7.144	4.259
228.1	7.146	4.259
228.2	7.148	4.259
228.3	7.15	4.259
228.4	7.151	4.261
228.5	7.153	4.262
228.6	7.155	4.263
228.7	7.157	4.265
228.8	7.158	4.266
228.9	7.158	4.263
229	7.154	4.263
229.1	7.146	4.277
229.2	7.135	4.29
229.3	7.129	4.295
229.4	7.123	4.3
229.5	7.117	4.303
229.6	7.113	4.307
229.7	7.115	4.311
229.8	7.127	4.321
229.9	7.143	4.335
230	7.163	4.353
230.1	7.183	4.374
230.2	7.197	4.396
230.3	7.207	4.421
230.4	7.213	4.45
230.5	7.215	4.482
230.6	7.213	4.517
230.7	7.209	4.553
230.8	7.206	4.585
230.9	7.213	4.608
231	7.225	4.624
231.1	7.237	4.638
231.2	7.253	4.65
231.3	7.275	4.661
231.4	7.304	4.672
231.5	7.339	4.684
231.6	7.374	4.696
231.7	7.403	4.709
231.8	7.422	4.727
231.9	7.429	4.744
232	7.421	4.758
232.1	7.404	4.765
232.2	7.378	4.763
232.3	7.355	4.756
232.4	7.341	4.753
232.5	7.339	4.752
232.6	7.347	4.755
232.7	7.358	4.761
232.8	7.364	4.769
232.9	7.36	4.778
233	7.351	4.787
233.1	7.343	4.797
233.2	7.342	4.809
233.3	7.347	4.824
233.4	7.357	4.844
233.5	7.374	4.867
233.6	7.393	4.888
233.7	7.406	4.907
233.8	7.415	4.924
233.9	7.42	4.936
234	7.424	4.943
234.1	7.426	4.945
234.2	7.427	4.944
234.3	7.428	4.943
234.4	7.429	4.941
234.5	7.431	4.94
234.6	7.434	4.938
234.7	7.438	4.937
234.8	7.441	4.941
234.9	7.443	4.954
235	7.444	4.978
235.1	7.445	5.006
235.2	7.445	5.029
235.3	7.444	5.044
235.4	7.441	5.05
235.5	7.439	5.048
235.6	7.438	5.041
235.7	7.436	5.031
235.8	7.431	5.019
235.9	7.415	5.004
236	7.396	4.985
236.1	7.384	4.966
236.2	7.378	4.956
236.3	7.379	4.954
236.4	7.387	4.963
236.5	7.399	4.982
236.6	7.41	5.001
236.7	7.416	5.015
236.8	7.418	5.026
236.9	7.417	5.033
237	7.414	5.038
237.1	7.414	5.044
237.2	7.415	5.051
237.3	7.418	5.058
237.4	7.431	5.07
237.5	7.456	5.079
237.6	7.478	5.075
237.7	7.488	5.065
237.8	7.488	5.054
237.9	7.482	5.042
238	7.475	5.028
238.1	7.463	5.009
238.2	7.442	4.98
238.3	7.411	4.945
238.4	7.368	4.909
238.5	7.318	4.868
238.6	7.265	4.819
238.7	7.219	4.765
238.8	7.184	4.712
238.9	7.158	4.666
239	7.139	4.631
239.1	7.124	4.6
239.2	7.112	4.57
239.3	7.105	4.544
239.4	7.102	4.526
239.5	7.101	4.517
239.6	7.106	4.519
239.7	7.111	4.532
239.8	7.108	4.553
239.9	7.098	4.572
240	7.084	4.589
240.1	7.07	4.602
240.2	7.064	4.6
240.3	7.064	4.584
240.4	7.067	4.56
240.5	7.073	4.528
240.6	7.081	4.487
240.7	7.09	4.437
240.8	7.1	4.386
240.9	7.106	4.34
241	7.109	4.3
241.1	7.107	4.268
241.2	7.098	4.242
241.3	7.086	4.225
241.4	7.071	4.216
241.5	7.052	4.216
241.6	7.031	4.223
241.7	7.01	4.24
241.8	6.989	4.262
241.9	6.968	4.281
242	6.945	4.291
242.1	6.923	4.296
242.2	6.9	4.3
242.3	6.885	4.304
242.4	6.88	4.304
242.5	6.879	4.299
242.6	6.877	4.29
242.7	6.878	4.277
242.8	6.885	4.253
242.9	6.901	4.228
243	6.915	4.206
243.1	6.926	4.195
243.2	6.937	4.197
243.3	6.948	4.214
243.4	6.958	4.238
243.5	6.962	4.251
243.6	6.965	4.261
243.7	6.97	4.272
243.8	6.981	4.286
243.9	6.997	4.301
244	7.018	4.313
244.1	7.039	4.319
244.2	7.056	4.322
244.3	7.065	4.322
244.4	7.064	4.322
244.5	7.057	4.32
244.6	7.043	4.316
244.7	7.026	4.322
244.8	7.014	4.343
244.9	7.01	4.378
245	7.013	4.428
245.1	7.024	4.502
245.2	7.04	4.581
245.3	7.056	4.656
245.4	7.067	4.717
245.5	7.07	4.763
245.6	7.069	4.794
245.7	7.06	4.82
245.8	7.045	4.835
245.9	7.024	4.846
246	7.01	4.864
246.1	7.005	4.887
246.2	7.004	4.91
246.3	7.008	4.937
246.4	7.018	4.967
246.5	7.032	4.998
246.6	7.043	5.025
246.7	7.051	5.047
246.8	7.056	5.063
246.9	7.059	5.072
247	7.061	5.076
247.1	7.064	5.077
247.2	7.067	5.079
247.3	7.069	5.081
247.4	7.068	5.084
247.5	7.065	5.085
247.6	7.062	5.086
247.7	7.058	5.085
247.8	7.054	5.085
247.9	7.048	5.083
248	7.038	5.083
248.1	7.024	5.074
248.2	7.011	5.049
248.3	6.998	5.008
248.4	6.984	4.951
248.5	6.965	4.882
248.6	6.941	4.809
248.7	6.916	4.737
248.8	6.899	4.671
248.9	6.889	4.622
249	6.88	4.592
249.1	6.87	4.573
249.2	6.858	4.564
249.3	6.846	4.559
249.4	6.835	4.55
249.5	6.828	4.532
249.6	6.826	4.51
249.7	6.829	4.483
249.8	6.834	4.446
249.9	6.841	4.398
250	6.847	4.347
250.1	6.849	4.303
250.2	6.846	4.27
250.3	6.838	4.25
250.4	6.826	4.24
250.5	6.809	4.238
250.6	6.793	4.246
250.7	6.781	4.262
250.8	6.769	4.28
250.9	6.756	4.297
251	6.741	4.306
251.1	6.732	4.305
251.2	6.726	4.293
251.3	6.728	4.269
251.4	6.735	4.233
251.5	6.747	4.198
251.6	6.755	4.166
251.7	6.765	4.133
251.8	6.776	4.103
251.9	6.786	4.081
252	6.793	4.07
252.1	6.791	4.069
252.2	6.78	4.077
252.3	6.772	4.094
252.4	6.762	4.108
252.5	6.747	4.118
252.6	6.74	4.13
252.7	6.738	4.141
252.8	6.737	4.149
252.9	6.737	4.155
253	6.737	4.159
253.1	6.737	4.162
253.2	6.737	4.163
253.3	6.738	4.164
253.4	6.738	4.165
253.5	6.738	4.166
253.6	6.739	4.167
253.7	6.74	4.168
253.8	6.743	4.168
253.9	6.745	4.168
254	6.747	4.168
254.1	6.748	4.164
254.2	6.752	4.148
254.3	6.759	4.128
254.4	6.764	4.117
254.5	6.765	4.12
254.6	6.761	4.127
254.7	6.757	4.137
254.8	6.757	4.145
254.9	6.757	4.152
255	6.755	4.158
255.1	6.751	4.162
255.2	6.748	4.166
255.3	6.745	4.17
255.4	6.745	4.172
255.5	6.745	4.174
255.6	6.745	4.175
255.7	6.745	4.175
255.8	6.746	4.175
255.9	6.744	4.174
256	6.741	4.173
256.1	6.741	4.169
256.2	6.744	4.156
256.3	6.758	4.129
256.4	6.787	4.104
256.5	6.823	4.088
256.6	6.859	4.081
256.7	6.889	4.081
256.8	6.912	4.084
256.9	6.929	4.087
257	6.942	4.089
257.1	6.944	4.084
257.2	6.93	4.07
257.3	6.893	4.054
257.4	6.846	4.055
257.5	6.811	4.068
257.6	6.794	4.08
257.7	6.786	4.085
257.8	6.778	4.089
257.9	6.771	4.096
258	6.764	4.1
258.1	6.756	4.096
258.2	6.745	4.089
258.3	6.73	4.081
258.4	6.712	4.073
258.5	6.688	4.067
258.6	6.66	4.062
258.7	6.625	4.059
258.8	6.586	4.058
258.9	6.539	4.064
259	6.485	4.079
259.1	6.427	4.103
259.2	6.372	4.13
259.3	6.322	4.151
259.4	6.276	4.161
259.5	6.227	4.163
259.6	6.175	4.159
259.7	6.117	4.148
259.8	6.056	4.129
259.9	5.996	4.107
260	5.943	4.094
260.1	5.892	4.089
260.2	5.838	4.093
260.3	5.777	4.101
260.4	5.718	4.115
260.5	5.661	4.13
260.6	5.617	4.135
260.7	5.583	4.127
260.8	5.56	4.111
260.9	5.545	4.09
261	5.537	4.071
261.1	5.531	4.053
261.2	5.526	4.037
261.3	5.521	4.024
261.4	5.517	4.013
261.5	5.513	4.008
261.6	5.51	4.014
261.7	5.505	4.03
261.8	5.5	4.052
261.9	5.494	4.078
262	5.49	4.109
262.1	5.493	4.125
262.2	5.498	4.123
262.3	5.504	4.124
262.4	5.51	4.136
262.5	5.523	4.156
262.6	5.535	4.164
262.7	5.541	4.156
262.8	5.539	4.134
262.9	5.538	4.109
263	5.538	4.094
263.1	5.537	4.087
263.2	5.535	4.082
263.3	5.532	4.078
263.4	5.53	4.074
263.5	5.529	4.069
263.6	5.527	4.065
263.7	5.525	4.062
263.8	5.523	4.059
263.9	5.521	4.055
264	5.517	4.052
264.1	5.511	4.057
264.2	5.501	4.067
264.3	5.486	4.081
264.4	5.468	4.1
264.5	5.447	4.118
264.6	5.426	4.136
264.7	5.403	4.158
264.8	5.383	4.183
264.9	5.368	4.203
265	5.353	4.202
265.1	5.331	4.178
265.2	5.306	4.143
265.3	5.275	4.091
265.4	5.247	4.026
265.5	5.225	3.97
265.6	5.202	3.928
265.7	5.174	3.889
265.8	5.14	3.857
265.9	5.097	3.833
266	5.062	3.814
266.1	5.031	3.793
266.2	5.005	3.776
266.3	4.986	3.755
266.4	4.971	3.725
266.5	4.961	3.686
266.6	4.955	3.639
266.7	4.956	3.584
266.8	4.964	3.529
266.9	4.974	3.481
267	4.981	3.438
267.1	4.986	3.395
267.2	4.979	3.353
267.3	4.96	3.304
267.4	4.938	3.253
267.5	4.918	3.205
267.6	4.897	3.151
267.7	4.882	3.103
267.8	4.874	3.049
267.9	4.859	2.991
268	4.842	2.938
268.1	4.829	2.876
268.2	4.833	2.82
268.3	4.841	2.771
268.4	4.844	2.726
268.5	4.84	2.684
268.6	4.835	2.639
268.7	4.828	2.588
268.8	4.82	2.534
268.9	4.817	2.473
269	4.832	2.417
269.1	4.862	2.381
269.2	4.893	2.364
269.3	4.918	2.352
269.4	4.942	2.336
269.5	4.967	2.319
269.6	4.994	2.301
269.7	5.02	2.284
269.8	5.039	2.263
269.9	5.045	2.234
270	5.036	2.198
270.1	4.996	2.162
270.2	4.934	2.143
270.3	4.871	2.145
270.4	4.82	2.155
270.5	4.778	2.167
270.6	4.746	2.176
270.7	4.728	2.181
270.8	4.719	2.182
270.9	4.718	2.185
271	4.727	2.194
271.1	4.743	2.204
271.2	4.759	2.216
271.3	4.774	2.23
271.4	4.787	2.246
271.5	4.797	2.264
271.6	4.809	2.288
271.7	4.826	2.315
271.8	4.842	2.343
271.9	4.854	2.367
272	4.858	2.385
272.1	4.853	2.39
272.2	4.844	2.384
272.3	4.834	2.373
272.4	4.826	2.364
272.5	4.822	2.358
272.6	4.821	2.355
272.7	4.821	2.354
272.8	4.822	2.355
272.9	4.825	2.355
273	4.828	2.355
273.1	4.83	2.356
273.2	4.833	2.356
273.3	4.836	2.357
273.4	4.839	2.358
273.5	4.841	2.359
273.6	4.842	2.361
273.7	4.842	2.363
273.8	4.841	2.365
273.9	4.84	2.367
274	4.839	2.369
274.1	4.838	2.37
274.2	4.838	2.371
274.3	4.837	2.372
274.4	4.835	2.372
274.5	4.834	2.373
274.6	4.833	2.373
274.7	4.832	2.374
274.8	4.832	2.374
274.9	4.832	2.373
275	4.832	2.373
275.1	4.832	2.373
275.2	4.832	2.372
275.3	4.833	2.37
275.4	4.834	2.369
275.5	4.835	2.368
275.6	4.836	2.366
275.7	4.837	2.364
275.8	4.838	2.363
275.9	4.838	2.363
276	4.839	2.363
276.1	4.84	2.364
276.2	4.841	2.363
276.3	4.841	2.363
276.4	4.842	2.363
276.5	4.842	2.363
276.6	4.841	2.364
276.7	4.84	2.364
276.8	4.839	2.364
276.9	4.837	2.364
277	4.835	2.364
277.1	4.83	2.364
277.2	4.82	2.361
277.3	4.805	2.354
277.4	4.792	2.345
277.5	4.783	2.339
277.6	4.777	2.336
277.7	4.774	2.336
277.8	4.773	2.336
277.9	4.772	2.336
278	4.772	2.336
278.1	4.773	2.336
278.2	4.773	2.337
278.3	4.774	2.337
278.4	4.775	2.336
278.5	4.774	2.334
278.6	4.773	2.329
278.7	4.773	2.324
278.8	4.775	2.321
278.9	4.777	2.322
279	4.779	2.324
279.1	4.78	2.327
279.2	4.782	2.331
279.3	4.787	2.337
279.4	4.796	2.345
279.5	4.807	2.353
279.6	4.819	2.36
279.7	4.83	2.366
279.8	4.838	2.369
