Time	X	Z
0	7.653	2.276
0.1	7.653	2.276
0.2	7.653	2.276
0.3	7.653	2.276
0.4	7.653	2.276
0.5	7.653	2.276
0.6	7.653	2.276
0.7	7.653	2.276
0.8	7.653	2.276
0.9	7.653	2.276
1	7.646	2.278
1.1	7.645	2.278
1.2	7.645	2.278
1.3	7.654	2.279
1.4	7.668	2.281
1.5	7.699	2.284
1.6	7.733	2.293
1.7	7.769	2.294
1.8	7.799	2.284
1.9	7.83	2.265
2	7.863	2.244
2.1	7.895	2.221
2.2	7.924	2.209
2.3	7.961	2.197
2.4	7.992	2.185
2.5	8.011	2.173
2.6	8.025	2.162
2.7	8.037	2.145
2.8	8.044	2.129
2.9	8.043	2.123
3	8.04	2.121
3.1	8.041	2.118
3.2	8.047	2.113
3.3	8.05	2.11
3.4	8.053	2.108
3.5	8.055	2.104
3.6	8.06	2.099
3.7	8.064	2.095
3.8	8.068	2.09
3.9	8.072	2.084
4	8.074	2.081
4.1	8.075	2.083
4.2	8.054	2.096
4.3	8.002	2.13
4.4	7.944	2.169
4.5	7.886	2.188
4.6	7.84	2.195
4.7	7.809	2.198
4.8	7.781	2.195
4.9	7.757	2.198
5	7.732	2.21
5.1	7.713	2.228
5.2	7.705	2.245
5.3	7.687	2.265
5.4	7.663	2.284
5.5	7.641	2.284
5.6	7.626	2.278
5.7	7.616	2.264
5.8	7.608	2.239
5.9	7.602	2.203
6	7.602	2.174
6.1	7.603	2.161
6.2	7.606	2.161
6.3	7.611	2.168
6.4	7.625	2.177
6.5	7.637	2.18
6.6	7.644	2.182
6.7	7.646	2.183
6.8	7.644	2.182
6.9	7.644	2.182
7	7.641	2.182
7.1	7.639	2.181
7.2	7.634	2.181
7.3	7.63	2.18
7.4	7.627	2.179
7.5	7.623	2.178
7.6	7.619	2.178
7.7	7.615	2.177
7.8	7.612	2.176
7.9	7.609	2.176
8	7.606	2.175
8.1	7.605	2.175
8.2	7.603	2.174
8.3	7.601	2.174
8.4	7.6	2.174
8.5	7.6	2.174
8.6	7.599	2.174
8.7	7.599	2.173
8.8	7.599	2.174
8.9	7.6	2.174
9	7.6	2.174
9.1	7.6	2.174
9.2	7.601	2.174
9.3	7.601	2.174
9.4	7.601	2.174
9.5	7.602	2.174
9.6	7.603	2.174
9.7	7.603	2.174
9.8	7.603	2.174
9.9	7.604	2.175
10	7.605	2.175
10.1	7.605	2.175
10.2	7.606	2.175
10.3	7.606	2.175
10.4	7.607	2.175
10.5	7.608	2.175
10.6	7.608	2.175
10.7	7.608	2.175
10.8	7.608	2.175
10.9	7.609	2.175
11	7.609	2.175
11.1	7.61	2.175
11.2	7.61	2.176
11.3	7.61	2.175
11.4	7.61	2.175
11.5	7.61	2.175
11.6	7.61	2.175
11.7	7.608	2.176
11.8	7.609	2.176
11.9	7.609	2.176
12	7.609	2.176
12.1	7.609	2.176
12.2	7.609	2.176
12.3	7.609	2.176
12.4	7.609	2.176
12.5	7.609	2.177
12.6	7.609	2.176
12.7	7.609	2.177
12.8	7.609	2.177
12.9	7.61	2.177
13	7.61	2.177
13.1	7.61	2.177
13.2	7.61	2.177
13.3	7.61	2.177
13.4	7.609	2.177
13.5	7.609	2.177
13.6	7.609	2.177
13.7	7.609	2.177
13.8	7.609	2.177
13.9	7.609	2.177
14	7.609	2.177
14.1	7.609	2.177
14.2	7.609	2.177
14.3	7.609	2.177
14.4	7.609	2.177
14.5	7.609	2.177
14.6	7.609	2.177
14.7	7.609	2.177
14.8	7.609	2.177
14.9	7.609	2.177
15	7.609	2.177
15.1	7.609	2.177
15.2	7.609	2.177
15.3	7.609	2.177
15.4	7.609	2.177
15.5	7.609	2.177
15.6	7.609	2.177
15.7	7.609	2.177
15.8	7.609	2.177
15.9	7.609	2.177
16	7.609	2.177
16.1	7.609	2.177
16.2	7.609	2.177
16.3	7.609	2.177
16.4	7.609	2.177
16.5	7.609	2.177
16.6	7.609	2.177
16.7	7.609	2.177
16.8	7.609	2.177
16.9	7.609	2.177
17	7.608	2.177
17.1	7.609	2.177
17.2	7.609	2.177
17.3	7.609	2.177
17.4	7.61	2.177
17.5	7.609	2.177
17.6	7.609	2.177
17.7	7.609	2.177
17.8	7.609	2.177
17.9	7.609	2.177
18	7.609	2.177
18.1	7.609	2.177
18.2	7.609	2.177
18.3	7.609	2.177
18.4	7.609	2.177
18.5	7.609	2.177
18.6	7.609	2.177
18.7	7.609	2.177
18.8	7.609	2.177
18.9	7.609	2.177
19	7.609	2.177
19.1	7.609	2.177
19.2	7.609	2.177
19.3	7.609	2.177
19.4	7.609	2.177
19.5	7.609	2.177
19.6	7.609	2.177
19.7	7.609	2.177
19.8	7.609	2.177
19.9	7.609	2.177
20	7.609	2.177
20.1	7.609	2.177
20.2	7.609	2.177
20.3	7.609	2.177
20.4	7.609	2.177
20.5	7.609	2.177
20.6	7.609	2.177
20.7	7.609	2.177
20.8	7.609	2.177
20.9	7.609	2.177
21	7.609	2.177
21.1	7.609	2.177
21.2	7.609	2.177
21.3	7.609	2.177
21.4	7.609	2.177
21.5	7.609	2.177
21.6	7.609	2.178
21.7	7.609	2.178
21.8	7.609	2.178
21.9	7.609	2.178
22	7.61	2.178
22.1	7.61	2.178
22.2	7.61	2.178
22.3	7.61	2.178
22.4	7.61	2.178
22.5	7.61	2.178
22.6	7.61	2.178
22.7	7.61	2.179
22.8	7.61	2.179
22.9	7.61	2.179
23	7.61	2.179
23.1	7.61	2.179
23.2	7.61	2.179
23.3	7.61	2.179
23.4	7.61	2.179
23.5	7.61	2.179
23.6	7.61	2.179
23.7	7.611	2.179
23.8	7.611	2.179
23.9	7.611	2.179
24	7.611	2.179
24.1	7.612	2.179
24.2	7.612	2.179
24.3	7.612	2.179
24.4	7.612	2.179
24.5	7.611	2.179
24.6	7.612	2.179
24.7	7.612	2.179
24.8	7.611	2.179
24.9	7.611	2.179
25	7.611	2.179
25.1	7.61	2.179
25.2	7.61	2.179
25.3	7.61	2.179
25.4	7.61	2.179
25.5	7.61	2.179
25.6	7.61	2.179
25.7	7.61	2.179
25.8	7.61	2.179
25.9	7.61	2.179
26	7.61	2.179
26.1	7.61	2.179
26.2	7.61	2.179
26.3	7.61	2.179
26.4	7.61	2.179
26.5	7.61	2.179
26.6	7.61	2.179
26.7	7.61	2.179
26.8	7.61	2.179
26.9	7.61	2.179
27	7.61	2.179
27.1	7.61	2.179
27.2	7.61	2.179
27.3	7.61	2.179
27.4	7.61	2.179
27.5	7.61	2.179
27.6	7.61	2.179
27.7	7.61	2.179
27.8	7.61	2.179
27.9	7.61	2.179
28	7.61	2.179
28.1	7.61	2.179
28.2	7.61	2.179
28.3	7.61	2.179
28.4	7.61	2.179
28.5	7.61	2.179
28.6	7.61	2.179
28.7	7.61	2.179
28.8	7.61	2.179
28.9	7.61	2.179
29	7.61	2.179
29.1	7.61	2.179
29.2	7.61	2.179
29.3	7.61	2.179
29.4	7.61	2.179
29.5	7.61	2.178
29.6	7.61	2.179
29.7	7.61	2.179
29.8	7.61	2.179
29.9	7.61	2.179
30	7.61	2.179
30.1	7.61	2.179
30.2	7.61	2.179
30.3	7.61	2.179
30.4	7.61	2.178
30.5	7.61	2.178
30.6	7.61	2.178
30.7	7.61	2.178
30.8	7.61	2.179
30.9	7.61	2.179
31	7.61	2.178
31.1	7.61	2.178
31.2	7.61	2.178
31.3	7.61	2.179
31.4	7.61	2.178
31.5	7.61	2.179
31.6	7.61	2.179
31.7	7.61	2.178
31.8	7.61	2.179
31.9	7.61	2.179
32	7.61	2.179
32.1	7.61	2.178
32.2	7.61	2.179
32.3	7.61	2.179
32.4	7.61	2.178
32.5	7.61	2.179
32.6	7.61	2.179
32.7	7.61	2.179
32.8	7.61	2.178
32.9	7.61	2.179
33	7.61	2.179
33.1	7.61	2.178
33.2	7.61	2.179
33.3	7.61	2.178
33.4	7.61	2.179
33.5	7.61	2.178
33.6	7.61	2.179
33.7	7.61	2.179
33.8	7.61	2.178
33.9	7.61	2.179
34	7.61	2.179
34.1	7.61	2.179
34.2	7.61	2.179
34.3	7.61	2.178
34.4	7.61	2.179
34.5	7.61	2.179
34.6	7.61	2.179
34.7	7.61	2.179
34.8	7.61	2.178
34.9	7.61	2.179
35	7.61	2.179
35.1	7.61	2.179
35.2	7.61	2.179
35.3	7.61	2.179
35.4	7.61	2.179
35.5	7.61	2.179
35.6	7.61	2.179
35.7	7.61	2.179
35.8	7.61	2.179
35.9	7.61	2.179
36	7.61	2.179
36.1	7.61	2.179
36.2	7.61	2.179
36.3	7.61	2.179
36.4	7.61	2.179
36.5	7.61	2.179
36.6	7.61	2.179
36.7	7.61	2.179
36.8	7.61	2.179
36.9	7.61	2.179
37	7.61	2.179
37.1	7.61	2.179
37.2	7.61	2.179
37.3	7.61	2.179
37.4	7.61	2.179
37.5	7.61	2.179
37.6	7.61	2.179
37.7	7.61	2.179
37.8	7.61	2.178
37.9	7.61	2.179
38	7.61	2.179
38.1	7.61	2.178
38.2	7.61	2.179
38.3	7.61	2.179
38.4	7.61	2.179
38.5	7.61	2.179
38.6	7.61	2.179
38.7	7.61	2.179
38.8	7.61	2.179
38.9	7.61	2.179
39	7.61	2.179
39.1	7.61	2.179
39.2	7.61	2.179
39.3	7.61	2.179
39.4	7.61	2.179
39.5	7.61	2.179
39.6	7.61	2.179
39.7	7.61	2.179
39.8	7.61	2.179
39.9	7.61	2.179
40	7.61	2.179
40.1	7.61	2.179
40.2	7.61	2.179
40.3	7.61	2.179
40.4	7.61	2.179
40.5	7.61	2.179
40.6	7.61	2.179
40.7	7.61	2.179
40.8	7.61	2.179
40.9	7.61	2.179
41	7.61	2.179
41.1	7.61	2.179
41.2	7.61	2.179
41.3	7.61	2.179
41.4	7.61	2.179
41.5	7.61	2.179
41.6	7.61	2.179
41.7	7.61	2.179
41.8	7.61	2.179
41.9	7.61	2.179
42	7.61	2.179
42.1	7.61	2.179
42.2	7.61	2.179
42.3	7.61	2.179
42.4	7.61	2.179
42.5	7.61	2.179
42.6	7.61	2.179
42.7	7.61	2.179
42.8	7.61	2.179
42.9	7.61	2.179
43	7.61	2.179
43.1	7.61	2.179
43.2	7.61	2.179
43.3	7.61	2.179
43.4	7.61	2.179
43.5	7.61	2.179
43.6	7.61	2.179
43.7	7.61	2.179
43.8	7.61	2.179
43.9	7.61	2.179
44	7.61	2.179
44.1	7.61	2.179
44.2	7.61	2.179
44.3	7.61	2.179
44.4	7.61	2.179
44.5	7.61	2.179
44.6	7.61	2.179
44.7	7.61	2.179
44.8	7.61	2.179
44.9	7.61	2.179
45	7.61	2.179
45.1	7.61	2.179
45.2	7.61	2.179
45.3	7.61	2.179
45.4	7.61	2.179
45.5	7.61	2.179
45.6	7.61	2.179
45.7	7.61	2.179
45.8	7.61	2.179
45.9	7.61	2.179
46	7.61	2.179
46.1	7.61	2.179
46.2	7.61	2.179
46.3	7.61	2.179
46.4	7.61	2.179
46.5	7.61	2.179
46.6	7.61	2.179
46.7	7.61	2.179
46.8	7.61	2.179
46.9	7.61	2.179
47	7.61	2.179
47.1	7.61	2.179
47.2	7.61	2.179
47.3	7.61	2.179
47.4	7.61	2.179
47.5	7.61	2.179
47.6	7.61	2.179
47.7	7.61	2.179
47.8	7.61	2.179
47.9	7.61	2.179
48	7.61	2.179
48.1	7.61	2.179
48.2	7.61	2.179
48.3	7.61	2.179
48.4	7.61	2.179
48.5	7.61	2.179
48.6	7.61	2.179
48.7	7.61	2.179
48.8	7.61	2.179
48.9	7.61	2.179
49	7.61	2.179
49.1	7.61	2.179
49.2	7.61	2.179
49.3	7.61	2.179
49.4	7.61	2.179
49.5	7.61	2.179
49.6	7.61	2.179
49.7	7.61	2.179
49.8	7.61	2.179
49.9	7.61	2.179
50	7.61	2.179
50.1	7.61	2.179
50.2	7.61	2.179
50.3	7.61	2.179
50.4	7.61	2.179
50.5	7.61	2.179
50.6	7.61	2.179
50.7	7.61	2.179
50.8	7.61	2.179
50.9	7.61	2.179
51	7.61	2.179
51.1	7.61	2.179
51.2	7.61	2.179
51.3	7.61	2.179
51.4	7.61	2.179
51.5	7.61	2.179
51.6	7.61	2.179
51.7	7.61	2.179
51.8	7.61	2.179
51.9	7.61	2.179
52	7.61	2.179
52.1	7.61	2.179
52.2	7.61	2.179
52.3	7.61	2.179
52.4	7.61	2.179
52.5	7.61	2.179
52.6	7.61	2.179
52.7	7.61	2.179
52.8	7.61	2.179
52.9	7.61	2.179
53	7.61	2.179
53.1	7.61	2.179
53.2	7.61	2.179
53.3	7.61	2.179
53.4	7.61	2.179
53.5	7.61	2.179
53.6	7.61	2.179
53.7	7.61	2.179
53.8	7.61	2.179
53.9	7.61	2.179
54	7.61	2.179
54.1	7.61	2.179
54.2	7.61	2.179
54.3	7.61	2.179
54.4	7.61	2.179
54.5	7.61	2.179
54.6	7.61	2.179
54.7	7.61	2.179
54.8	7.61	2.179
54.9	7.61	2.179
55	7.61	2.179
55.1	7.61	2.179
55.2	7.61	2.179
55.3	7.61	2.179
55.4	7.61	2.179
55.5	7.61	2.179
55.6	7.61	2.179
55.7	7.61	2.179
55.8	7.61	2.179
55.9	7.61	2.179
56	7.611	2.179
56.1	7.61	2.179
56.2	7.61	2.179
56.3	7.61	2.179
56.4	7.61	2.179
56.5	7.61	2.179
56.6	7.61	2.179
56.7	7.611	2.179
56.8	7.61	2.179
56.9	7.61	2.179
57	7.61	2.179
57.1	7.61	2.179
57.2	7.61	2.179
57.3	7.61	2.179
57.4	7.61	2.179
57.5	7.61	2.179
57.6	7.61	2.179
57.7	7.61	2.179
57.8	7.61	2.179
57.9	7.61	2.179
58	7.61	2.179
58.1	7.61	2.179
58.2	7.61	2.179
58.3	7.61	2.179
58.4	7.61	2.179
58.5	7.61	2.179
58.6	7.61	2.179
58.7	7.61	2.179
58.8	7.61	2.179
58.9	7.61	2.179
59	7.61	2.179
59.1	7.61	2.179
59.2	7.61	2.179
59.3	7.61	2.179
59.4	7.61	2.179
59.5	7.61	2.179
59.6	7.61	2.179
59.7	7.61	2.179
59.8	7.61	2.179
59.9	7.61	2.179
60	7.61	2.179
60.1	7.61	2.179
60.2	7.61	2.179
60.3	7.61	2.179
60.4	7.611	2.179
60.5	7.61	2.179
60.6	7.61	2.179
60.7	7.61	2.179
60.8	7.61	2.179
60.9	7.61	2.179
61	7.611	2.179
61.1	7.611	2.179
61.2	7.61	2.179
61.3	7.61	2.179
61.4	7.61	2.179
61.5	7.61	2.179
61.6	7.61	2.179
61.7	7.61	2.179
61.8	7.61	2.179
61.9	7.61	2.179
62	7.61	2.179
62.1	7.61	2.179
62.2	7.61	2.179
62.3	7.61	2.179
62.4	7.61	2.179
62.5	7.611	2.179
62.6	7.61	2.179
62.7	7.611	2.179
62.8	7.61	2.179
62.9	7.61	2.179
63	7.61	2.179
63.1	7.61	2.179
63.2	7.61	2.179
63.3	7.61	2.179
63.4	7.61	2.179
63.5	7.61	2.179
63.6	7.61	2.179
63.7	7.61	2.179
63.8	7.61	2.179
63.9	7.61	2.179
64	7.61	2.179
64.1	7.61	2.179
64.2	7.61	2.179
64.3	7.61	2.179
64.4	7.611	2.179
64.5	7.61	2.179
64.6	7.61	2.179
64.7	7.61	2.179
64.8	7.61	2.18
64.9	7.61	2.179
65	7.61	2.179
65.1	7.61	2.179
65.2	7.61	2.179
65.3	7.611	2.18
65.4	7.612	2.179
65.5	7.611	2.179
65.6	7.61	2.179
65.7	7.61	2.179
65.8	7.61	2.18
65.9	7.61	2.179
66	7.61	2.179
66.1	7.61	2.179
66.2	7.61	2.179
66.3	7.61	2.179
66.4	7.61	2.179
66.5	7.61	2.179
66.6	7.61	2.179
66.7	7.611	2.18
66.8	7.61	2.179
66.9	7.61	2.18
67	7.61	2.179
67.1	7.61	2.179
67.2	7.61	2.179
67.3	7.61	2.179
67.4	7.61	2.18
67.5	7.61	2.179
67.6	7.61	2.179
67.7	7.61	2.179
67.8	7.61	2.179
67.9	7.61	2.179
68	7.61	2.179
68.1	7.61	2.179
68.2	7.61	2.179
68.3	7.611	2.18
68.4	7.611	2.179
68.5	7.611	2.179
68.6	7.61	2.179
68.7	7.61	2.179
68.8	7.61	2.179
68.9	7.61	2.179
69	7.61	2.179
69.1	7.61	2.179
69.2	7.61	2.179
69.3	7.61	2.179
69.4	7.61	2.179
69.5	7.61	2.179
69.6	7.61	2.179
69.7	7.61	2.179
69.8	7.61	2.179
69.9	7.61	2.179
70	7.61	2.179
70.1	7.61	2.179
70.2	7.61	2.179
70.3	7.61	2.179
70.4	7.61	2.179
70.5	7.61	2.179
70.6	7.61	2.179
70.7	7.61	2.179
70.8	7.61	2.179
70.9	7.61	2.179
71	7.61	2.179
71.1	7.61	2.179
71.2	7.61	2.179
71.3	7.61	2.179
71.4	7.61	2.179
71.5	7.61	2.179
71.6	7.61	2.179
71.7	7.61	2.179
71.8	7.61	2.179
71.9	7.61	2.179
72	7.61	2.179
72.1	7.61	2.179
72.2	7.61	2.179
72.3	7.61	2.179
72.4	7.61	2.179
72.5	7.61	2.179
72.6	7.61	2.179
72.7	7.61	2.179
72.8	7.61	2.179
72.9	7.61	2.179
73	7.61	2.179
73.1	7.61	2.179
73.2	7.61	2.179
73.3	7.61	2.179
73.4	7.61	2.179
73.5	7.61	2.179
73.6	7.61	2.179
73.7	7.61	2.179
73.8	7.61	2.179
73.9	7.61	2.179
74	7.61	2.18
74.1	7.61	2.179
74.2	7.61	2.179
74.3	7.61	2.18
74.4	7.61	2.179
74.5	7.61	2.18
74.6	7.61	2.179
74.7	7.61	2.179
74.8	7.61	2.18
74.9	7.61	2.179
75	7.61	2.18
75.1	7.61	2.18
75.2	7.61	2.179
75.3	7.61	2.18
75.4	7.61	2.179
75.5	7.61	2.18
75.6	7.61	2.179
75.7	7.61	2.18
75.8	7.61	2.179
75.9	7.61	2.179
76	7.61	2.18
76.1	7.61	2.179
76.2	7.61	2.18
76.3	7.61	2.179
76.4	7.61	2.18
76.5	7.61	2.179
76.6	7.61	2.18
76.7	7.61	2.18
76.8	7.61	2.179
76.9	7.61	2.18
77	7.61	2.179
77.1	7.61	2.18
77.2	7.61	2.18
77.3	7.61	2.179
77.4	7.611	2.18
77.5	7.61	2.179
77.6	7.61	2.18
77.7	7.61	2.179
77.8	7.61	2.179
77.9	7.61	2.18
78	7.61	2.179
78.1	7.61	2.18
78.2	7.61	2.179
78.3	7.61	2.18
78.4	7.61	2.179
78.5	7.61	2.18
78.6	7.61	2.179
78.7	7.61	2.179
78.8	7.61	2.18
78.9	7.61	2.18
79	7.61	2.179
79.1	7.61	2.179
79.2	7.61	2.179
79.3	7.61	2.179
79.4	7.61	2.179
79.5	7.606	2.181
79.6	7.581	2.184
79.7	7.558	2.198
79.8	7.525	2.235
79.9	7.46	2.301
80	7.394	2.392
80.1	7.339	2.51
80.2	7.305	2.642
80.3	7.314	2.783
80.4	7.365	2.92
80.5	7.407	3.026
80.6	7.406	3.07
80.7	7.367	3.065
80.8	7.308	3.06
80.9	7.253	3.078
81	7.2	3.109
81.1	7.147	3.129
81.2	7.115	3.128
81.3	7.091	3.123
81.4	7.074	3.136
81.5	7.056	3.181
81.6	7.048	3.257
81.7	7.055	3.346
81.8	7.069	3.411
81.9	7.077	3.436
82	7.081	3.432
82.1	7.085	3.418
82.2	7.089	3.417
82.3	7.102	3.436
82.4	7.113	3.465
82.5	7.127	3.492
82.6	7.146	3.514
82.7	7.16	3.539
82.8	7.155	3.567
82.9	7.132	3.592
83	7.105	3.615
83.1	7.084	3.637
83.2	7.07	3.655
83.3	7.055	3.659
83.4	7.049	3.645
83.5	7.074	3.627
83.6	7.113	3.624
83.7	7.157	3.66
83.8	7.202	3.712
83.9	7.238	3.752
84	7.265	3.797
84.1	7.28	3.845
84.2	7.28	3.895
84.3	7.267	3.957
84.4	7.259	4.013
84.5	7.246	4.104
84.6	7.237	4.179
84.7	7.233	4.248
84.8	7.23	4.311
84.9	7.238	4.359
85	7.248	4.397
85.1	7.26	4.426
85.2	7.269	4.452
85.3	7.278	4.476
85.4	7.283	4.498
85.5	7.305	4.519
85.6	7.323	4.54
85.7	7.339	4.556
85.8	7.348	4.566
85.9	7.359	4.576
86	7.369	4.585
86.1	7.377	4.589
86.2	7.382	4.595
86.3	7.388	4.601
86.4	7.393	4.605
86.5	7.397	4.605
86.6	7.404	4.608
86.7	7.412	4.609
86.8	7.419	4.613
86.9	7.428	4.616
87	7.436	4.617
87.1	7.441	4.618
87.2	7.442	4.621
87.3	7.442	4.624
87.4	7.446	4.626
87.5	7.449	4.627
87.6	7.454	4.63
87.7	7.457	4.633
87.8	7.463	4.638
87.9	7.466	4.641
88	7.469	4.644
88.1	7.47	4.649
88.2	7.471	4.656
88.3	7.472	4.665
88.4	7.475	4.67
88.5	7.473	4.668
88.6	7.47	4.666
88.7	7.468	4.67
88.8	7.465	4.673
88.9	7.464	4.672
89	7.462	4.672
89.1	7.459	4.671
89.2	7.458	4.67
89.3	7.457	4.671
89.4	7.458	4.671
89.5	7.461	4.672
89.6	7.466	4.673
89.7	7.468	4.674
89.8	7.471	4.674
89.9	7.472	4.673
90	7.473	4.672
90.1	7.473	4.672
90.2	7.473	4.672
90.3	7.473	4.672
90.4	7.475	4.672
90.5	7.475	4.674
90.6	7.475	4.676
90.7	7.476	4.677
90.8	7.477	4.678
90.9	7.476	4.679
91	7.478	4.68
91.1	7.479	4.681
91.2	7.478	4.683
91.3	7.478	4.685
91.4	7.478	4.687
91.5	7.479	4.687
91.6	7.481	4.687
91.7	7.482	4.688
91.8	7.484	4.688
91.9	7.485	4.688
92	7.487	4.69
92.1	7.488	4.69
92.2	7.487	4.689
92.3	7.486	4.688
92.4	7.487	4.688
92.5	7.486	4.687
92.6	7.486	4.686
92.7	7.486	4.686
92.8	7.488	4.685
92.9	7.488	4.685
93	7.488	4.686
93.1	7.49	4.686
93.2	7.491	4.687
93.3	7.491	4.687
93.4	7.491	4.688
93.5	7.49	4.687
93.6	7.489	4.685
93.7	7.487	4.682
93.8	7.485	4.679
93.9	7.484	4.676
94	7.482	4.676
94.1	7.481	4.677
94.2	7.48	4.679
94.3	7.478	4.681
94.4	7.477	4.683
94.5	7.476	4.684
94.6	7.477	4.685
94.7	7.477	4.687
94.8	7.478	4.689
94.9	7.478	4.691
95	7.48	4.692
95.1	7.483	4.693
95.2	7.488	4.693
95.3	7.493	4.693
95.4	7.496	4.696
95.5	7.497	4.698
95.6	7.498	4.699
95.7	7.497	4.701
95.8	7.497	4.702
95.9	7.497	4.701
96	7.496	4.702
96.1	7.495	4.703
96.2	7.493	4.701
96.3	7.493	4.699
96.4	7.492	4.696
96.5	7.492	4.694
96.6	7.492	4.692
96.7	7.493	4.69
96.8	7.495	4.691
96.9	7.498	4.692
97	7.499	4.693
97.1	7.498	4.695
97.2	7.496	4.698
97.3	7.493	4.694
97.4	7.491	4.691
97.5	7.488	4.69
97.6	7.484	4.692
97.7	7.478	4.693
97.8	7.474	4.696
97.9	7.467	4.698
98	7.459	4.7
98.1	7.456	4.702
98.2	7.455	4.702
98.3	7.456	4.7
98.4	7.458	4.698
98.5	7.463	4.697
98.6	7.469	4.694
98.7	7.476	4.693
98.8	7.482	4.69
98.9	7.487	4.686
99	7.487	4.686
99.1	7.488	4.684
99.2	7.488	4.68
99.3	7.483	4.679
99.4	7.481	4.677
99.5	7.48	4.677
99.6	7.483	4.678
99.7	7.484	4.678
99.8	7.484	4.679
99.9	7.484	4.68
100	7.485	4.68
100.1	7.484	4.682
100.2	7.484	4.682
100.3	7.485	4.679
100.4	7.488	4.677
100.5	7.489	4.677
100.6	7.493	4.676
100.7	7.497	4.677
100.8	7.502	4.677
100.9	7.503	4.679
101	7.502	4.682
101.1	7.503	4.683
101.2	7.503	4.685
101.3	7.501	4.685
101.4	7.498	4.684
101.5	7.494	4.681
101.6	7.492	4.679
101.7	7.492	4.677
101.8	7.491	4.677
101.9	7.49	4.676
102	7.488	4.674
102.1	7.487	4.671
102.2	7.484	4.667
102.3	7.483	4.662
102.4	7.485	4.657
102.5	7.487	4.653
102.6	7.488	4.65
102.7	7.488	4.649
102.8	7.488	4.649
102.9	7.491	4.653
103	7.496	4.656
103.1	7.503	4.657
103.2	7.509	4.657
103.3	7.514	4.656
103.4	7.516	4.656
103.5	7.517	4.656
103.6	7.519	4.655
103.7	7.521	4.652
103.8	7.522	4.652
103.9	7.521	4.649
104	7.515	4.646
104.1	7.514	4.644
104.2	7.509	4.645
104.3	7.501	4.646
104.4	7.502	4.651
104.5	7.497	4.652
104.6	7.491	4.655
104.7	7.486	4.655
104.8	7.482	4.655
104.9	7.479	4.655
105	7.479	4.656
105.1	7.477	4.656
105.2	7.473	4.658
105.3	7.48	4.658
105.4	7.481	4.661
105.5	7.482	4.664
105.6	7.483	4.668
105.7	7.483	4.671
105.8	7.483	4.676
105.9	7.485	4.678
106	7.486	4.679
106.1	7.486	4.678
106.2	7.486	4.677
106.3	7.486	4.675
106.4	7.487	4.674
106.5	7.487	4.674
106.6	7.487	4.674
106.7	7.486	4.674
106.8	7.486	4.675
106.9	7.485	4.678
107	7.484	4.68
107.1	7.483	4.681
107.2	7.483	4.681
107.3	7.483	4.68
107.4	7.483	4.679
107.5	7.484	4.678
107.6	7.486	4.676
107.7	7.49	4.675
107.8	7.493	4.674
107.9	7.494	4.673
108	7.495	4.667
108.1	7.501	4.653
108.2	7.513	4.635
108.3	7.53	4.619
108.4	7.549	4.607
108.5	7.562	4.6
108.6	7.567	4.596
108.7	7.57	4.594
108.8	7.572	4.593
108.9	7.572	4.592
109	7.569	4.589
109.1	7.561	4.588
109.2	7.541	4.59
109.3	7.505	4.606
109.4	7.479	4.632
109.5	7.464	4.656
109.6	7.459	4.675
109.7	7.459	4.686
109.8	7.46	4.69
109.9	7.462	4.69
110	7.463	4.689
110.1	7.463	4.686
110.2	7.464	4.683
110.3	7.465	4.68
110.4	7.468	4.679
110.5	7.472	4.679
110.6	7.475	4.68
110.7	7.478	4.681
110.8	7.478	4.683
110.9	7.478	4.685
111	7.478	4.687
111.1	7.478	4.688
111.2	7.478	4.688
111.3	7.478	4.688
111.4	7.476	4.689
111.5	7.476	4.69
111.6	7.476	4.69
111.7	7.476	4.69
111.8	7.474	4.69
111.9	7.473	4.689
112	7.473	4.69
112.1	7.472	4.689
112.2	7.471	4.688
112.3	7.47	4.687
112.4	7.471	4.686
112.5	7.475	4.686
112.6	7.478	4.687
112.7	7.48	4.687
112.8	7.481	4.685
112.9	7.48	4.684
113	7.477	4.68
113.1	7.466	4.672
113.2	7.44	4.656
113.3	7.396	4.621
113.4	7.343	4.57
113.5	7.294	4.509
113.6	7.258	4.431
113.7	7.244	4.335
113.8	7.248	4.231
113.9	7.269	4.123
114	7.3	4.016
114.1	7.314	3.91
114.2	7.329	3.796
114.3	7.357	3.695
114.4	7.399	3.619
114.5	7.457	3.563
114.6	7.523	3.505
114.7	7.57	3.405
114.8	7.602	3.286
114.9	7.637	3.165
115	7.68	3.044
115.1	7.726	2.901
115.2	7.762	2.754
115.3	7.786	2.624
115.4	7.804	2.529
115.5	7.814	2.469
115.6	7.813	2.422
115.7	7.807	2.389
115.8	7.807	2.359
115.9	7.813	2.336
116	7.816	2.324
116.1	7.819	2.316
116.2	7.817	2.303
116.3	7.817	2.3
116.4	7.815	2.304
116.5	7.815	2.306
116.6	7.814	2.31
116.7	7.815	2.309
116.8	7.818	2.31
116.9	7.818	2.31
117	7.821	2.311
117.1	7.822	2.311
117.2	7.824	2.311
117.3	7.819	2.311
117.4	7.818	2.31
117.5	7.818	2.31
117.6	7.818	2.31
117.7	7.818	2.31
117.8	7.818	2.31
117.9	7.818	2.31
118	7.818	2.31
118.1	7.818	2.31
118.2	7.818	2.31
118.3	7.818	2.31
118.4	7.818	2.31
118.5	7.818	2.31
118.6	7.818	2.31
118.7	7.818	2.31
118.8	7.818	2.31
118.9	7.818	2.31
119	7.818	2.31
119.1	7.818	2.31
119.2	7.818	2.31
119.3	7.818	2.31
119.4	7.818	2.31
119.5	7.818	2.31
119.6	7.818	2.31
119.7	7.818	2.31
119.8	7.818	2.31
119.9	7.818	2.309
120	7.818	2.309
120.1	7.818	2.309
120.2	7.818	2.309
120.3	7.818	2.309
120.4	7.818	2.309
120.5	7.818	2.309
120.6	7.818	2.309
120.7	7.818	2.309
120.8	7.818	2.309
120.9	7.818	2.309
121	7.818	2.309
121.1	7.818	2.309
121.2	7.818	2.309
121.3	7.818	2.309
121.4	7.818	2.309
121.5	7.818	2.309
121.6	7.818	2.309
121.7	7.818	2.309
121.8	7.818	2.309
121.9	7.818	2.309
122	7.818	2.309
122.1	7.818	2.309
122.2	7.818	2.308
122.3	7.817	2.308
122.4	7.817	2.308
122.5	7.817	2.308
122.6	7.817	2.308
122.7	7.817	2.308
122.8	7.817	2.308
122.9	7.817	2.308
123	7.817	2.308
123.1	7.817	2.308
123.2	7.817	2.308
123.3	7.817	2.308
123.4	7.817	2.308
123.5	7.817	2.308
123.6	7.817	2.308
123.7	7.817	2.308
123.8	7.817	2.308
123.9	7.817	2.308
124	7.817	2.308
124.1	7.817	2.308
124.2	7.817	2.308
124.3	7.817	2.307
124.4	7.817	2.307
124.5	7.817	2.307
124.6	7.817	2.307
124.7	7.817	2.307
124.8	7.817	2.307
124.9	7.817	2.307
125	7.817	2.307
125.1	7.817	2.307
125.2	7.817	2.307
125.3	7.817	2.307
125.4	7.817	2.307
125.5	7.817	2.307
125.6	7.817	2.307
125.7	7.817	2.307
125.8	7.817	2.307
125.9	7.817	2.307
126	7.817	2.307
126.1	7.817	2.307
126.2	7.817	2.307
126.3	7.817	2.307
126.4	7.817	2.307
126.5	7.817	2.307
126.6	7.817	2.307
126.7	7.817	2.306
126.8	7.817	2.307
126.9	7.817	2.306
127	7.817	2.306
127.1	7.817	2.306
127.2	7.817	2.306
127.3	7.817	2.306
127.4	7.817	2.306
127.5	7.817	2.306
127.6	7.817	2.306
127.7	7.817	2.306
127.8	7.817	2.306
127.9	7.817	2.306
128	7.817	2.306
128.1	7.817	2.306
128.2	7.817	2.306
128.3	7.817	2.306
128.4	7.817	2.306
128.5	7.817	2.306
128.6	7.817	2.306
128.7	7.817	2.306
128.8	7.817	2.306
128.9	7.817	2.306
129	7.817	2.306
129.1	7.817	2.306
129.2	7.817	2.306
129.3	7.817	2.306
129.4	7.817	2.306
129.5	7.817	2.306
129.6	7.817	2.306
129.7	7.817	2.306
129.8	7.817	2.306
129.9	7.817	2.306
130	7.817	2.306
130.1	7.817	2.306
130.2	7.817	2.306
130.3	7.817	2.306
130.4	7.817	2.305
130.5	7.817	2.306
130.6	7.817	2.305
130.7	7.816	2.305
130.8	7.816	2.303
130.9	7.818	2.303
131	7.821	2.303
131.1	7.818	2.311
131.2	7.823	2.302
131.3	7.822	2.294
131.4	7.815	2.302
131.5	7.816	2.324
131.6	7.834	2.338
131.7	7.863	2.358
131.8	7.876	2.377
131.9	7.871	2.375
132	7.856	2.384
132.1	7.846	2.393
132.2	7.839	2.399
132.3	7.838	2.403
132.4	7.815	2.403
132.5	7.813	2.406
132.6	7.808	2.405
132.7	7.797	2.401
132.8	7.781	2.394
132.9	7.769	2.385
133	7.769	2.372
133.1	7.781	2.361
133.2	7.8	2.36
133.3	7.824	2.369
133.4	7.851	2.388
133.5	7.881	2.408
133.6	7.895	2.409
133.7	7.92	2.431
133.8	7.963	2.481
133.9	7.987	2.529
134	7.992	2.532
134.1	7.992	2.534
134.2	7.993	2.537
134.3	7.991	2.539
134.4	7.993	2.538
134.5	7.997	2.535
134.6	8.002	2.533
134.7	8.004	2.534
134.8	7.999	2.535
134.9	7.998	2.535
135	8.001	2.53
135.1	8.008	2.525
135.2	8.008	2.526
135.3	8.005	2.533
135.4	8.009	2.532
135.5	8.019	2.532
135.6	8.024	2.531
135.7	8.028	2.531
135.8	8.027	2.536
135.9	8.028	2.542
136	8.027	2.546
136.1	8.025	2.552
136.2	8.027	2.558
136.3	8.034	2.568
136.4	8.035	2.579
136.5	8.026	2.59
136.6	8.025	2.595
136.7	8.023	2.6
136.8	8.021	2.6
136.9	8.018	2.598
137	8.016	2.597
137.1	8.013	2.596
137.2	8.01	2.595
137.3	8.007	2.593
137.4	8.005	2.592
137.5	8.003	2.593
137.6	8.002	2.593
137.7	8.001	2.595
137.8	8.002	2.596
137.9	8.003	2.597
138	8.003	2.598
138.1	8.005	2.597
138.2	8.007	2.598
138.3	8.01	2.598
138.4	8.009	2.597
138.5	8.011	2.597
138.6	8.013	2.596
138.7	8.015	2.596
138.8	8.016	2.596
138.9	8.016	2.596
139	8.017	2.597
139.1	8.018	2.599
139.2	8.019	2.6
139.3	8.02	2.601
139.4	8.02	2.601
139.5	8.021	2.602
139.6	8.022	2.603
139.7	8.021	2.604
139.8	8.02	2.605
139.9	8.018	2.605
140	8.016	2.604
140.1	8.016	2.604
140.2	8.017	2.603
140.3	8.017	2.603
140.4	8.017	2.601
140.5	8.018	2.6
140.6	8.018	2.599
140.7	8.02	2.599
140.8	8.021	2.598
140.9	8.019	2.598
141	8.017	2.598
141.1	8.013	2.597
141.2	8.01	2.597
141.3	8.008	2.597
141.4	8.007	2.597
141.5	8.006	2.597
141.6	8.003	2.597
141.7	8.004	2.598
141.8	8.005	2.598
141.9	8.006	2.599
142	8.007	2.599
142.1	8.008	2.599
142.2	8.008	2.599
142.3	8.008	2.599
142.4	8.008	2.599
142.5	8.011	2.599
142.6	8.011	2.599
142.7	8.012	2.598
142.8	8.015	2.598
142.9	8.021	2.6
143	8.027	2.6
143.1	8.028	2.601
143.2	8.025	2.6
143.3	8.025	2.6
143.4	8.027	2.6
143.5	8.03	2.601
143.6	8.029	2.602
143.7	8.026	2.602
143.8	8.023	2.602
143.9	8.019	2.601
144	8.02	2.601
144.1	8.023	2.602
144.2	8.025	2.602
144.3	8.026	2.602
144.4	8.028	2.603
144.5	8.027	2.603
144.6	8.027	2.604
144.7	8.026	2.605
144.8	8.025	2.605
144.9	8.019	2.604
145	8.014	2.603
145.1	8.011	2.603
145.2	8.01	2.603
145.3	8.011	2.604
145.4	8.012	2.604
145.5	8.011	2.605
145.6	8.011	2.606
145.7	8.01	2.607
145.8	8.009	2.607
145.9	8.004	2.606
146	8.001	2.606
146.1	8.003	2.607
146.2	8.007	2.609
146.3	8.007	2.611
146.4	8.008	2.612
146.5	8.009	2.613
146.6	8.01	2.614
146.7	8.015	2.615
146.8	8.016	2.615
146.9	8.016	2.616
147	8.016	2.616
147.1	8.018	2.616
147.2	8.023	2.617
147.3	8.021	2.616
147.4	8.021	2.616
147.5	8.022	2.616
147.6	8.023	2.616
147.7	8.024	2.616
147.8	8.024	2.617
147.9	8.025	2.617
148	8.025	2.617
148.1	8.025	2.618
148.2	8.023	2.617
148.3	8.024	2.618
148.4	8.024	2.618
148.5	8.024	2.618
148.6	8.023	2.618
148.7	8.023	2.618
148.8	8.022	2.619
148.9	8.021	2.619
149	8.019	2.619
149.1	8.018	2.621
149.2	8.017	2.622
149.3	8.016	2.623
149.4	8.015	2.624
149.5	8.014	2.625
149.6	8.013	2.626
149.7	8.012	2.627
149.8	8.009	2.628
149.9	8.007	2.628
150	8.004	2.629
150.1	8.002	2.629
150.2	8.001	2.63
150.3	8	2.629
150.4	8	2.63
150.5	7.999	2.63
150.6	7.999	2.63
150.7	7.999	2.629
150.8	8.001	2.625
150.9	8.002	2.617
151	7.999	2.614
151.1	7.995	2.615
151.2	7.998	2.615
151.3	8.001	2.616
151.4	8.002	2.619
151.5	8.007	2.619
151.6	8.012	2.62
151.7	8.016	2.623
151.8	8.015	2.626
151.9	8.007	2.63
152	7.998	2.633
152.1	7.991	2.635
152.2	7.988	2.636
152.3	7.988	2.635
152.4	7.988	2.633
152.5	7.987	2.63
152.6	7.985	2.625
152.7	7.985	2.623
152.8	7.984	2.623
152.9	7.983	2.623
153	7.983	2.622
153.1	7.984	2.619
153.2	7.978	2.622
153.3	7.951	2.638
153.4	7.93	2.651
153.5	7.912	2.67
153.6	7.911	2.686
153.7	7.919	2.698
153.8	7.926	2.709
153.9	7.934	2.735
154	7.948	2.77
154.1	7.963	2.808
154.2	7.982	2.86
154.3	7.998	2.931
154.4	8.012	3.016
154.5	8.02	3.106
154.6	8.019	3.186
154.7	8.016	3.242
154.8	8.01	3.273
154.9	8.004	3.29
155	8.001	3.301
155.1	7.999	3.312
155.2	7.995	3.324
155.3	7.992	3.334
155.4	7.987	3.339
155.5	7.982	3.34
155.6	7.972	3.337
155.7	7.964	3.342
155.8	7.956	3.36
155.9	7.951	3.387
156	7.945	3.421
156.1	7.939	3.456
156.2	7.936	3.479
156.3	7.937	3.493
156.4	7.94	3.498
156.5	7.941	3.496
156.6	7.941	3.491
156.7	7.943	3.487
156.8	7.943	3.48
156.9	7.933	3.47
157	7.906	3.459
157.1	7.896	3.448
157.2	7.887	3.44
157.3	7.874	3.432
157.4	7.858	3.43
157.5	7.827	3.429
157.6	7.794	3.434
157.7	7.751	3.447
157.8	7.716	3.477
157.9	7.705	3.51
158	7.682	3.554
158.1	7.653	3.607
158.2	7.617	3.668
158.3	7.568	3.744
158.4	7.529	3.828
158.5	7.518	3.907
158.6	7.504	3.971
158.7	7.454	4.018
158.8	7.415	4.053
158.9	7.386	4.101
159	7.375	4.153
159.1	7.365	4.206
159.2	7.36	4.241
159.3	7.35	4.279
159.4	7.348	4.316
159.5	7.341	4.348
159.6	7.351	4.394
159.7	7.373	4.441
159.8	7.395	4.489
159.9	7.41	4.524
160	7.424	4.552
160.1	7.436	4.568
160.2	7.447	4.579
160.3	7.457	4.592
160.4	7.462	4.598
160.5	7.466	4.605
160.6	7.473	4.615
160.7	7.481	4.623
160.8	7.488	4.63
160.9	7.495	4.635
161	7.501	4.639
161.1	7.502	4.641
161.2	7.503	4.642
161.3	7.504	4.644
161.4	7.503	4.646
161.5	7.503	4.647
161.6	7.501	4.647
161.7	7.499	4.648
161.8	7.494	4.649
161.9	7.488	4.649
162	7.484	4.65
162.1	7.482	4.653
162.2	7.484	4.656
162.3	7.486	4.659
162.4	7.488	4.662
162.5	7.488	4.665
162.6	7.488	4.665
162.7	7.486	4.667
162.8	7.485	4.669
162.9	7.485	4.673
163	7.487	4.675
163.1	7.49	4.679
163.2	7.494	4.682
163.3	7.497	4.684
163.4	7.502	4.685
163.5	7.504	4.686
163.6	7.503	4.688
163.7	7.502	4.69
163.8	7.502	4.691
163.9	7.503	4.693
164	7.506	4.695
164.1	7.51	4.697
164.2	7.514	4.698
164.3	7.515	4.698
164.4	7.515	4.697
164.5	7.514	4.696
164.6	7.513	4.695
164.7	7.512	4.695
164.8	7.512	4.695
164.9	7.515	4.692
165	7.518	4.692
165.1	7.518	4.693
165.2	7.517	4.694
165.3	7.517	4.694
165.4	7.515	4.694
165.5	7.511	4.695
165.6	7.51	4.696
165.7	7.509	4.696
165.8	7.509	4.696
165.9	7.508	4.696
166	7.509	4.695
166.1	7.508	4.694
166.2	7.505	4.693
166.3	7.505	4.692
166.4	7.508	4.693
166.5	7.513	4.694
166.6	7.513	4.694
166.7	7.511	4.694
166.8	7.507	4.694
166.9	7.503	4.689
167	7.499	4.688
167.1	7.492	4.69
167.2	7.487	4.692
167.3	7.482	4.695
167.4	7.479	4.694
167.5	7.478	4.691
167.6	7.476	4.689
167.7	7.474	4.686
167.8	7.471	4.683
167.9	7.47	4.679
168	7.472	4.676
168.1	7.475	4.675
168.2	7.48	4.672
168.3	7.484	4.671
168.4	7.488	4.671
168.5	7.493	4.672
168.6	7.499	4.675
168.7	7.503	4.675
168.8	7.505	4.676
168.9	7.507	4.677
169	7.509	4.679
169.1	7.512	4.681
169.2	7.516	4.685
169.3	7.521	4.69
169.4	7.524	4.695
169.5	7.525	4.698
169.6	7.526	4.7
169.7	7.525	4.702
169.8	7.524	4.703
169.9	7.522	4.706
170	7.522	4.707
170.1	7.525	4.707
170.2	7.527	4.707
170.3	7.527	4.706
170.4	7.524	4.705
170.5	7.521	4.7
170.6	7.517	4.7
170.7	7.512	4.701
170.8	7.509	4.702
170.9	7.503	4.699
171	7.499	4.695
171.1	7.495	4.695
171.2	7.488	4.697
171.3	7.489	4.697
171.4	7.491	4.698
171.5	7.493	4.699
171.6	7.495	4.702
171.7	7.496	4.705
171.8	7.497	4.707
171.9	7.498	4.708
172	7.498	4.709
172.1	7.499	4.709
172.2	7.5	4.71
172.3	7.502	4.71
172.4	7.504	4.71
172.5	7.506	4.709
172.6	7.509	4.707
172.7	7.511	4.705
172.8	7.513	4.703
172.9	7.516	4.702
173	7.521	4.701
173.1	7.524	4.7
173.2	7.525	4.699
173.3	7.525	4.697
173.4	7.524	4.695
173.5	7.523	4.694
173.6	7.521	4.694
173.7	7.52	4.692
173.8	7.52	4.69
173.9	7.521	4.686
174	7.523	4.681
174.1	7.525	4.676
174.2	7.528	4.67
174.3	7.533	4.659
174.4	7.542	4.648
174.5	7.552	4.639
174.6	7.56	4.634
174.7	7.56	4.633
174.8	7.558	4.636
174.9	7.556	4.639
175	7.553	4.641
175.1	7.541	4.644
175.2	7.521	4.655
175.3	7.506	4.668
175.4	7.498	4.678
175.5	7.496	4.684
175.6	7.497	4.688
175.7	7.498	4.69
175.8	7.501	4.694
175.9	7.502	4.697
176	7.504	4.699
176.1	7.504	4.701
176.2	7.504	4.703
176.3	7.503	4.705
176.4	7.501	4.709
176.5	7.5	4.712
176.6	7.499	4.711
176.7	7.499	4.708
176.8	7.499	4.705
176.9	7.499	4.702
177	7.498	4.701
177.1	7.497	4.7
177.2	7.495	4.699
177.3	7.493	4.699
177.4	7.492	4.699
177.5	7.491	4.699
177.6	7.492	4.697
177.7	7.493	4.696
177.8	7.494	4.694
177.9	7.496	4.692
178	7.497	4.69
178.1	7.499	4.689
178.2	7.5	4.688
178.3	7.501	4.688
178.4	7.502	4.688
178.5	7.504	4.69
178.6	7.506	4.692
178.7	7.509	4.694
178.8	7.511	4.697
178.9	7.512	4.698
179	7.514	4.698
179.1	7.514	4.697
179.2	7.509	4.691
179.3	7.508	4.689
179.4	7.507	4.688
179.5	7.505	4.687
179.6	7.505	4.685
179.7	7.507	4.685
179.8	7.508	4.686
179.9	7.508	4.686
180	7.508	4.686
180.1	7.508	4.684
180.2	7.507	4.684
180.3	7.507	4.681
180.4	7.507	4.679
180.5	7.506	4.677
180.6	7.508	4.672
180.7	7.508	4.672
180.8	7.505	4.676
180.9	7.504	4.683
181	7.506	4.687
181.1	7.507	4.688
181.2	7.509	4.685
181.3	7.508	4.682
181.4	7.509	4.681
181.5	7.511	4.68
181.6	7.511	4.681
181.7	7.512	4.683
181.8	7.514	4.685
181.9	7.517	4.686
182	7.519	4.689
182.1	7.523	4.693
182.2	7.526	4.699
182.3	7.531	4.706
182.4	7.536	4.713
182.5	7.537	4.718
182.6	7.535	4.718
182.7	7.536	4.717
182.8	7.536	4.717
182.9	7.535	4.718
183	7.536	4.719
183.1	7.536	4.72
183.2	7.536	4.721
183.3	7.537	4.722
183.4	7.537	4.722
183.5	7.539	4.722
183.6	7.542	4.722
183.7	7.536	4.719
183.8	7.525	4.718
183.9	7.519	4.714
184	7.519	4.711
184.1	7.517	4.709
184.2	7.514	4.707
184.3	7.512	4.704
184.4	7.511	4.702
184.5	7.51	4.7
184.6	7.508	4.699
184.7	7.508	4.698
184.8	7.508	4.697
184.9	7.507	4.697
185	7.506	4.696
185.1	7.505	4.695
185.2	7.504	4.694
185.3	7.504	4.69
185.4	7.505	4.688
185.5	7.509	4.686
185.6	7.509	4.687
185.7	7.511	4.684
185.8	7.514	4.678
185.9	7.513	4.673
186	7.508	4.671
186.1	7.5	4.67
186.2	7.49	4.671
186.3	7.485	4.672
186.4	7.482	4.675
186.5	7.48	4.676
186.6	7.48	4.676
186.7	7.488	4.675
186.8	7.5	4.667
186.9	7.52	4.65
187	7.544	4.639
187.1	7.573	4.638
187.2	7.584	4.643
187.3	7.58	4.645
187.4	7.567	4.648
187.5	7.542	4.658
187.6	7.52	4.674
187.7	7.502	4.697
187.8	7.495	4.71
187.9	7.494	4.718
188	7.492	4.722
188.1	7.489	4.718
188.2	7.483	4.702
188.3	7.485	4.682
188.4	7.492	4.659
188.5	7.498	4.64
188.6	7.505	4.621
188.7	7.502	4.597
188.8	7.506	4.582
188.9	7.52	4.575
189	7.517	4.575
189.1	7.521	4.579
189.2	7.521	4.581
189.3	7.521	4.589
189.4	7.525	4.598
189.5	7.527	4.6
189.6	7.527	4.602
189.7	7.52	4.602
189.8	7.514	4.601
189.9	7.507	4.601
190	7.497	4.6
190.1	7.488	4.6
190.2	7.484	4.601
190.3	7.471	4.618
190.4	7.47	4.605
190.5	7.472	4.597
190.6	7.477	4.59
190.7	7.484	4.587
190.8	7.493	4.587
190.9	7.502	4.588
191	7.511	4.588
191.1	7.518	4.586
191.2	7.524	4.583
191.3	7.53	4.578
191.4	7.537	4.568
191.5	7.543	4.56
191.6	7.549	4.554
191.7	7.558	4.549
191.8	7.568	4.549
191.9	7.576	4.553
192	7.581	4.561
192.1	7.584	4.571
192.2	7.584	4.579
192.3	7.581	4.589
192.4	7.577	4.597
192.5	7.573	4.606
192.6	7.568	4.612
192.7	7.563	4.613
192.8	7.559	4.608
192.9	7.554	4.597
193	7.545	4.587
193.1	7.534	4.581
193.2	7.52	4.585
193.3	7.508	4.597
193.4	7.505	4.614
193.5	7.506	4.627
193.6	7.505	4.636
193.7	7.503	4.64
193.8	7.497	4.637
193.9	7.493	4.631
194	7.491	4.627
194.1	7.491	4.624
194.2	7.49	4.623
194.3	7.49	4.626
194.4	7.492	4.642
194.5	7.501	4.659
194.6	7.512	4.67
194.7	7.521	4.676
194.8	7.527	4.678
194.9	7.528	4.677
195	7.528	4.675
195.1	7.527	4.673
195.2	7.528	4.672
195.3	7.528	4.671
195.4	7.528	4.671
195.5	7.529	4.67
195.6	7.53	4.669
195.7	7.532	4.668
195.8	7.536	4.664
195.9	7.54	4.657
196	7.542	4.642
196.1	7.539	4.624
196.2	7.534	4.606
196.3	7.529	4.586
196.4	7.528	4.565
196.5	7.526	4.544
196.6	7.526	4.53
196.7	7.528	4.522
196.8	7.529	4.518
196.9	7.529	4.514
197	7.53	4.51
197.1	7.53	4.509
197.2	7.532	4.506
197.3	7.537	4.507
197.4	7.541	4.509
197.5	7.542	4.512
197.6	7.542	4.517
197.7	7.543	4.525
197.8	7.542	4.532
197.9	7.532	4.542
198	7.524	4.553
198.1	7.519	4.562
198.2	7.515	4.565
198.3	7.509	4.56
198.4	7.509	4.542
198.5	7.524	4.517
198.6	7.55	4.502
198.7	7.567	4.497
198.8	7.579	4.496
198.9	7.586	4.497
199	7.586	4.496
199.1	7.582	4.493
199.2	7.577	4.491
199.3	7.572	4.491
199.4	7.571	4.493
199.5	7.573	4.494
199.6	7.574	4.496
199.7	7.575	4.498
199.8	7.574	4.501
199.9	7.571	4.504
200	7.57	4.506
200.1	7.571	4.509
200.2	7.573	4.511
200.3	7.575	4.513
200.4	7.578	4.515
200.5	7.561	4.52
200.6	7.531	4.539
200.7	7.515	4.561
200.8	7.507	4.581
200.9	7.508	4.594
201	7.51	4.602
201.1	7.511	4.605
201.2	7.51	4.604
201.3	7.51	4.601
201.4	7.511	4.599
201.5	7.513	4.598
201.6	7.516	4.598
201.7	7.519	4.599
201.8	7.52	4.599
201.9	7.52	4.6
202	7.52	4.6
202.1	7.519	4.601
202.2	7.519	4.602
202.3	7.52	4.603
202.4	7.52	4.604
202.5	7.521	4.607
202.6	7.522	4.608
202.7	7.523	4.609
202.8	7.524	4.61
202.9	7.524	4.611
203	7.523	4.612
203.1	7.52	4.612
203.2	7.517	4.611
203.3	7.513	4.61
203.4	7.51	4.609
203.5	7.507	4.608
203.6	7.505	4.607
203.7	7.502	4.606
203.8	7.5	4.605
203.9	7.499	4.605
204	7.499	4.605
204.1	7.499	4.606
204.2	7.5	4.608
204.3	7.501	4.609
204.4	7.501	4.61
204.5	7.502	4.61
204.6	7.502	4.611
204.7	7.503	4.611
204.8	7.505	4.61
204.9	7.507	4.608
205	7.508	4.608
205.1	7.509	4.607
205.2	7.51	4.606
205.3	7.511	4.605
205.4	7.512	4.605
205.5	7.512	4.607
205.6	7.512	4.608
205.7	7.513	4.609
205.8	7.514	4.609
205.9	7.515	4.608
206	7.517	4.608
206.1	7.519	4.608
206.2	7.52	4.606
206.3	7.522	4.605
206.4	7.524	4.604
206.5	7.526	4.604
206.6	7.527	4.607
206.7	7.528	4.61
206.8	7.527	4.612
206.9	7.526	4.613
207	7.525	4.612
207.1	7.523	4.612
207.2	7.522	4.611
207.3	7.521	4.61
207.4	7.522	4.608
207.5	7.525	4.606
207.6	7.527	4.601
207.7	7.528	4.597
207.8	7.529	4.594
207.9	7.529	4.592
208	7.527	4.592
208.1	7.524	4.592
208.2	7.519	4.591
208.3	7.509	4.59
208.4	7.5	4.593
208.5	7.496	4.594
208.6	7.492	4.594
208.7	7.493	4.595
208.8	7.493	4.594
208.9	7.491	4.591
209	7.489	4.589
209.1	7.486	4.59
209.2	7.483	4.591
209.3	7.482	4.589
209.4	7.483	4.588
209.5	7.485	4.585
209.6	7.49	4.581
209.7	7.493	4.577
209.8	7.497	4.578
209.9	7.502	4.582
210	7.507	4.587
210.1	7.509	4.588
210.2	7.512	4.588
210.3	7.515	4.587
210.4	7.519	4.584
210.5	7.524	4.576
210.6	7.537	4.557
210.7	7.556	4.539
210.8	7.577	4.529
210.9	7.596	4.524
211	7.608	4.524
211.1	7.611	4.526
211.2	7.605	4.529
211.3	7.591	4.534
211.4	7.571	4.544
211.5	7.554	4.56
211.6	7.544	4.573
211.7	7.538	4.583
211.8	7.535	4.589
211.9	7.534	4.592
212	7.534	4.593
212.1	7.534	4.592
212.2	7.533	4.589
212.3	7.531	4.584
212.4	7.528	4.578
212.5	7.525	4.574
212.6	7.523	4.571
212.7	7.522	4.571
212.8	7.521	4.571
212.9	7.52	4.572
213	7.523	4.568
213.1	7.531	4.556
213.2	7.545	4.543
213.3	7.572	4.531
213.4	7.606	4.533
213.5	7.629	4.545
213.6	7.637	4.554
213.7	7.633	4.556
213.8	7.611	4.55
213.9	7.566	4.542
214	7.513	4.549
214.1	7.473	4.568
214.2	7.444	4.582
214.3	7.416	4.588
214.4	7.384	4.584
214.5	7.351	4.57
214.6	7.32	4.546
214.7	7.289	4.507
214.8	7.275	4.449
214.9	7.287	4.402
215	7.297	4.386
215.1	7.282	4.386
215.2	7.246	4.384
215.3	7.203	4.385
215.4	7.148	4.385
215.5	7.081	4.377
215.6	6.996	4.351
215.7	6.888	4.308
215.8	6.767	4.285
215.9	6.667	4.279
216	6.594	4.26
216.1	6.538	4.227
216.2	6.477	4.187
216.3	6.415	4.161
216.4	6.344	4.155
216.5	6.273	4.164
216.6	6.204	4.176
216.7	6.124	4.185
216.8	6.041	4.188
216.9	5.945	4.171
217	5.853	4.127
217.1	5.771	4.071
217.2	5.708	4.037
217.3	5.636	4.009
217.4	5.551	3.981
217.5	5.478	3.967
217.6	5.397	3.954
217.7	5.316	3.934
217.8	5.235	3.912
217.9	5.155	3.888
218	5.07	3.854
218.1	5.012	3.813
218.2	4.97	3.766
218.3	4.944	3.719
218.4	4.933	3.666
218.5	4.935	3.603
218.6	4.942	3.542
218.7	4.951	3.468
218.8	4.956	3.396
218.9	4.959	3.318
219	4.958	3.246
219.1	4.953	3.171
219.2	4.946	3.093
219.3	4.95	3.019
219.4	4.967	2.962
219.5	4.989	2.91
219.6	5.011	2.865
219.7	5.035	2.823
219.8	5.059	2.78
219.9	5.082	2.73
220	5.095	2.688
220.1	5.1	2.652
220.2	5.098	2.629
220.3	5.096	2.633
220.4	5.083	2.654
220.5	5.051	2.682
220.6	5.021	2.703
220.7	5.001	2.718
220.8	4.993	2.728
220.9	4.996	2.737
221	5.006	2.746
221.1	5.023	2.754
221.2	5.041	2.767
221.3	5.051	2.777
221.4	5.055	2.777
221.5	5.054	2.772
221.6	5.051	2.766
221.7	5.048	2.76
221.8	5.046	2.755
221.9	5.044	2.751
222	5.038	2.748
222.1	5.029	2.747
222.2	5.022	2.748
222.3	5.019	2.746
222.4	5.02	2.743
222.5	5.021	2.741
222.6	5.021	2.739
222.7	5.022	2.741
222.8	5.043	2.752
222.9	5.085	2.749
223	5.118	2.721
223.1	5.135	2.687
223.2	5.144	2.655
223.3	5.149	2.624
223.4	5.152	2.596
223.5	5.151	2.574
223.6	5.147	2.56
223.7	5.144	2.556
223.8	5.144	2.564
223.9	5.145	2.59
224	5.139	2.64
224.1	5.108	2.697
224.2	5.059	2.738
224.3	5.022	2.775
224.4	4.998	2.817
224.5	4.978	2.866
224.6	4.965	2.921
224.7	4.958	2.979
224.8	4.96	3.033
224.9	4.961	3.088
225	4.952	3.139
225.1	4.935	3.183
225.2	4.918	3.218
225.3	4.898	3.247
225.4	4.884	3.268
225.5	4.875	3.28
225.6	4.872	3.287
225.7	4.87	3.29
225.8	4.87	3.293
225.9	4.872	3.293
226	4.872	3.291
226.1	4.872	3.287
226.2	4.871	3.284
226.3	4.87	3.28
226.4	4.869	3.277
226.5	4.869	3.274
226.6	4.869	3.27
226.7	4.869	3.266
226.8	4.87	3.261
226.9	4.872	3.256
227	4.873	3.252
227.1	4.876	3.248
227.2	4.877	3.245
227.3	4.878	3.244
227.4	4.878	3.243
227.5	4.878	3.243
227.6	4.878	3.242
227.7	4.877	3.242
227.8	4.877	3.243
227.9	4.877	3.243
228	4.877	3.24
228.1	4.878	3.23
228.2	4.877	3.217
228.3	4.87	3.203
228.4	4.852	3.188
228.5	4.831	3.174
228.6	4.822	3.163
228.7	4.83	3.158
228.8	4.862	3.158
228.9	4.918	3.149
229	4.976	3.118
229.1	5.02	3.074
229.2	5.046	3.035
229.3	5.061	3.015
229.4	5.064	3.013
229.5	5.063	3.026
229.6	5.059	3.04
229.7	5.052	3.048
229.8	5.039	3.054
229.9	5.025	3.055
230	5.012	3.055
230.1	5.002	3.055
230.2	4.993	3.055
230.3	4.99	3.055
230.4	4.99	3.055
230.5	4.99	3.055
230.6	4.99	3.056
230.7	4.99	3.055
230.8	4.993	3.053
230.9	4.995	3.05
231	4.995	3.047
231.1	4.995	3.045
231.2	4.997	3.045
231.3	5.003	3.05
231.4	5.012	3.067
231.5	5.014	3.101
231.6	5.006	3.147
231.7	4.99	3.195
231.8	4.968	3.238
231.9	4.933	3.27
232	4.895	3.292
232.1	4.865	3.296
232.2	4.85	3.292
232.3	4.846	3.287
232.4	4.848	3.284
232.5	4.852	3.281
232.6	4.859	3.274
232.7	4.862	3.267
232.8	4.865	3.26
232.9	4.869	3.252
233	4.874	3.247
233.1	4.875	3.246
233.2	4.875	3.246
233.3	4.876	3.248
233.4	4.878	3.25
233.5	4.88	3.251
233.6	4.883	3.251
233.7	4.887	3.25
233.8	4.889	3.25
233.9	4.891	3.251
234	4.891	3.252
234.1	4.891	3.253
234.2	4.891	3.254
234.3	4.891	3.255
234.4	4.892	3.255
234.5	4.892	3.254
234.6	4.893	3.254
234.7	4.893	3.252
234.8	4.893	3.251
234.9	4.892	3.25
235	4.892	3.249
235.1	4.892	3.248
235.2	4.892	3.247
235.3	4.893	3.246
235.4	4.894	3.245
235.5	4.895	3.244
235.6	4.897	3.243
235.7	4.897	3.242
235.8	4.898	3.241
235.9	4.898	3.241
236	4.898	3.241
236.1	4.898	3.24
236.2	4.898	3.24
236.3	4.898	3.239
236.4	4.897	3.239
236.5	4.896	3.24
236.6	4.896	3.24
236.7	4.895	3.24
236.8	4.895	3.24
236.9	4.895	3.24
237	4.895	3.239
237.1	4.895	3.239
237.2	4.895	3.238
237.3	4.896	3.237
237.4	4.897	3.236
237.5	4.897	3.234
237.6	4.899	3.233
237.7	4.902	3.233
237.8	4.905	3.235
237.9	4.908	3.237
238	4.91	3.239
238.1	4.912	3.239
238.2	4.912	3.239
238.3	4.912	3.237
238.4	4.914	3.233
238.5	4.918	3.231
238.6	4.925	3.231
238.7	4.932	3.233
238.8	4.935	3.234
238.9	4.933	3.231
239	4.928	3.226
239.1	4.924	3.226
239.2	4.922	3.229
239.3	4.92	3.234
239.4	4.918	3.239
239.5	4.917	3.244
239.6	4.916	3.247
239.7	4.916	3.249
239.8	4.915	3.25
239.9	4.915	3.25
240	4.914	3.25
240.1	4.912	3.251
240.2	4.91	3.251
240.3	4.908	3.251
240.4	4.905	3.25
240.5	4.903	3.248
240.6	4.902	3.246
240.7	4.9	3.243
240.8	4.901	3.241
240.9	4.904	3.239
241	4.908	3.237
241.1	4.914	3.233
241.2	4.92	3.228
241.3	4.926	3.224
241.4	4.93	3.221
241.5	4.931	3.22
241.6	4.931	3.223
241.7	4.931	3.226
241.8	4.931	3.23
241.9	4.931	3.233
242	4.933	3.236
242.1	4.935	3.237
242.2	4.938	3.238
242.3	4.939	3.238
242.4	4.939	3.236
242.5	4.939	3.233
242.6	4.938	3.23
242.7	4.938	3.227
242.8	4.938	3.224
242.9	4.938	3.222
243	4.938	3.221
243.1	4.938	3.22
243.2	4.939	3.218
243.3	4.94	3.217
243.4	4.942	3.214
243.5	4.946	3.211
243.6	4.949	3.208
243.7	4.951	3.207
243.8	4.952	3.206
243.9	4.953	3.205
244	4.954	3.205
244.1	4.952	3.207
244.2	4.948	3.211
244.3	4.944	3.216
244.4	4.943	3.222
244.5	4.946	3.233
244.6	4.955	3.248
244.7	4.97	3.265
244.8	4.986	3.28
244.9	4.998	3.293
245	5.006	3.306
245.1	5.01	3.314
245.2	5.009	3.312
245.3	5.003	3.306
245.4	4.997	3.292
245.5	4.995	3.273
245.6	4.989	3.252
245.7	4.983	3.236
245.8	4.98	3.223
245.9	4.978	3.213
246	4.974	3.205
246.1	4.97	3.2
246.2	4.964	3.195
246.3	4.955	3.191
246.4	4.948	3.19
246.5	4.944	3.189
246.6	4.941	3.188
246.7	4.937	3.187
246.8	4.935	3.188
246.9	4.933	3.19
247	4.93	3.19
247.1	4.927	3.189
247.2	4.926	3.187
247.3	4.925	3.185
247.4	4.924	3.184
247.5	4.924	3.183
247.6	4.924	3.183
247.7	4.925	3.183
247.8	4.926	3.183
247.9	4.927	3.183
248	4.928	3.182
248.1	4.93	3.182
248.2	4.931	3.183
248.3	4.93	3.183
248.4	4.929	3.183
248.5	4.929	3.182
248.6	4.929	3.18
248.7	4.929	3.178
248.8	4.929	3.176
248.9	4.93	3.175
249	4.931	3.173
249.1	4.931	3.171
249.2	4.932	3.169
249.3	4.932	3.167
249.4	4.932	3.165
249.5	4.933	3.164
249.6	4.935	3.171
249.7	4.937	3.191
249.8	4.933	3.225
249.9	4.916	3.264
250	4.894	3.303
250.1	4.871	3.336
250.2	4.843	3.355
250.3	4.821	3.363
250.4	4.809	3.36
250.5	4.812	3.352
250.6	4.825	3.347
250.7	4.84	3.345
250.8	4.854	3.345
250.9	4.867	3.345
251	4.878	3.344
251.1	4.886	3.346
251.2	4.891	3.35
251.3	4.895	3.353
251.4	4.896	3.354
251.5	4.895	3.355
251.6	4.892	3.356
251.7	4.889	3.355
251.8	4.887	3.353
251.9	4.886	3.352
252	4.885	3.351
252.1	4.885	3.351
252.2	4.887	3.353
252.3	4.888	3.355
252.4	4.889	3.358
252.5	4.89	3.362
252.6	4.891	3.366
252.7	4.892	3.37
252.8	4.894	3.372
252.9	4.896	3.373
253	4.898	3.374
253.1	4.899	3.375
253.2	4.9	3.375
253.3	4.902	3.374
253.4	4.906	3.377
253.5	4.914	3.385
253.6	4.926	3.396
253.7	4.945	3.409
253.8	4.976	3.414
253.9	5.006	3.404
254	5.028	3.385
254.1	5.041	3.359
254.2	5.049	3.334
254.3	5.054	3.311
254.4	5.06	3.292
254.5	5.065	3.277
254.6	5.067	3.265
254.7	5.069	3.259
254.8	5.069	3.258
254.9	5.065	3.264
255	5.065	3.271
255.1	5.06	3.276
255.2	5.048	3.279
255.3	5.031	3.276
255.4	5.011	3.266
255.5	4.99	3.25
255.6	4.97	3.232
255.7	4.955	3.216
255.8	4.943	3.204
255.9	4.936	3.194
256	4.933	3.186
256.1	4.935	3.184
256.2	4.939	3.187
256.3	4.944	3.194
256.4	4.949	3.204
256.5	4.953	3.215
256.6	4.955	3.226
256.7	4.955	3.233
256.8	4.953	3.238
256.9	4.951	3.24
257	4.949	3.241
257.1	4.948	3.24
257.2	4.947	3.238
257.3	4.946	3.236
257.4	4.943	3.232
257.5	4.939	3.228
257.6	4.933	3.223
257.7	4.927	3.218
257.8	4.925	3.214
257.9	4.923	3.212
258	4.923	3.212
258.1	4.923	3.212
258.2	4.922	3.213
258.3	4.922	3.213
258.4	4.922	3.214
258.5	4.923	3.213
258.6	4.924	3.214
258.7	4.925	3.214
258.8	4.926	3.214
258.9	4.927	3.216
259	4.928	3.218
259.1	4.929	3.221
259.2	4.931	3.223
259.3	4.931	3.224
259.4	4.931	3.224
259.5	4.93	3.224
259.6	4.93	3.223
259.7	4.929	3.222
259.8	4.929	3.222
259.9	4.928	3.222
260	4.927	3.223
260.1	4.927	3.223
260.2	4.927	3.222
260.3	4.929	3.222
260.4	4.93	3.222
260.5	4.932	3.221
260.6	4.933	3.221
260.7	4.935	3.22
260.8	4.937	3.219
260.9	4.939	3.218
261	4.942	3.215
261.1	4.943	3.213
261.2	4.943	3.212
261.3	4.941	3.211
261.4	4.938	3.211
261.5	4.937	3.211
261.6	4.937	3.21
261.7	4.938	3.21
261.8	4.938	3.208
261.9	4.938	3.206
262	4.939	3.204
262.1	4.94	3.201
262.2	4.94	3.199
262.3	4.941	3.197
262.4	4.941	3.197
262.5	4.94	3.198
262.6	4.939	3.199
262.7	4.938	3.2
262.8	4.937	3.202
262.9	4.935	3.204
263	4.934	3.206
263.1	4.933	3.208
263.2	4.928	3.21
263.3	4.92	3.209
263.4	4.913	3.212
263.5	4.907	3.217
263.6	4.905	3.225
263.7	4.903	3.232
263.8	4.902	3.238
263.9	4.902	3.24
264	4.902	3.241
264.1	4.902	3.241
264.2	4.901	3.242
264.3	4.898	3.242
264.4	4.892	3.239
264.5	4.882	3.236
264.6	4.874	3.236
264.7	4.871	3.239
264.8	4.875	3.24
264.9	4.881	3.24
265	4.888	3.243
265.1	4.897	3.245
265.2	4.905	3.245
265.3	4.912	3.248
265.4	4.918	3.252
265.5	4.924	3.252
265.6	4.928	3.247
265.7	4.931	3.233
265.8	4.936	3.217
265.9	4.943	3.206
266	4.945	3.2
266.1	4.945	3.194
266.2	4.943	3.186
266.3	4.941	3.176
266.4	4.94	3.165
266.5	4.937	3.153
266.6	4.933	3.143
