Time	Velocity
0	0
0.1	0.03
0.2	0.13
0.3	0.29
0.4	0.48
0.5	0.68
0.6	0.89
0.7	1.09
0.8	1.26
0.9	1.36
1	1.4
1.1	1.4
1.2	1.4
1.3	1.4
1.4	1.4
1.5	1.37
1.6	1.26
1.7	1.11
1.8	0.91
1.9	0.69
2	0.48
2.1	0.31
2.2	0.13
2.3	0.04
0	0
0.1	-0.1
0.2	-0.39
0.3	-0.77
0.4	-0.97
0.5	-0.96
0.6	-0.73
0.7	-0.38
0	0
0.1	-0.1
0.2	-0.37
0.3	-0.75
0.4	-0.98
0.5	-0.97
0.6	-0.74
0.7	-0.38
0	0
0.1	-0.1
0.2	-0.43
0.3	-0.77
0.4	-0.97
0.5	-0.97
0.6	-0.73
0	0
0.1	-0.12
0.2	-0.39
0.3	-0.75
0.4	-0.97
0.5	-0.97
0.6	-0.75
0.7	-0.4
0	0
0.1	-0.11
0.2	-0.4
0.3	-0.73
0.4	-0.97
0.5	-0.98
0.6	-0.75
0.7	-0.42
0	0
0.1	-0.1
0.2	-0.43
0.3	-0.77
0.4	-0.98
0.5	-0.96
0.6	-0.72
0.7	-0.39
0	0
0.1	-0.1
0.2	-0.39
0.3	-0.74
0.4	-0.98
0.5	-0.96
0.6	-0.73
0.7	-0.35
0	0
0.1	-0.26
0.2	-0.83
0.3	-1.24
0.4	-1.24
0.5	-0.79
0	0
0.1	-0.22
0.2	-0.77
0.3	-1.24
0.4	-1.22
0.5	-0.75
0	0
0.1	-0.23
0.2	-0.75
0.3	-1.14
0.4	-1.18
0.5	-0.84
0	0
0.1	-0.24
0.2	-0.66
0.3	-1.15
0.4	-1.18
0.5	-0.81
0	0
0.1	-0.19
0.2	-0.73
0.3	-1.16
0.4	-1.18
0.5	-0.82
0	0
0.1	-0.19
0.2	-0.72
0.3	-1.16
0.4	-1.18
0.5	-0.84
0	0
0.1	-0.24
0.2	-0.77
0.3	-1.14
0.4	-1.17
0.5	-0.8
0	0
0.1	-0.23
0.2	-0.74
0.3	-1.14
0.4	-1.2
0.5	-1.12
0.6	-0.67
0	0
0.1	-0.19
0.2	-0.71
0.3	-1.14
0.4	-1.2
0.5	-1.09
0.6	-0.67
